34 0.04921875 0.2046875 0.0484375 0.146875
34 0.1078125 0.2015625 0.06015625 0.15078125
34 0.1703125 0.20234375 0.05234375 0.146875
34 0.22734375 0.209375 0.05078125 0.14453125
34 0.2859375 0.2125 0.05625 0.13359375
35 0.34453125 0.21328125 0.05390625 0.13515625
35 0.396875 0.21875 0.03359375 0.12265625
35 0.44375 0.275 0.05234375 0.1171875
28 0.51640625 0.2703125 0.0484375 0.11484375
28 0.57578125 0.26875 0.05703125 0.11875
28 0.64375 0.275 0.05078125 0.10390625
28 0.70390625 0.26953125 0.05625 0.10390625
28 0.76484375 0.2796875 0.0546875 0.0984375
8 0.83203125 0.2578125 0.0703125 0.11796875
8 0.89609375 0.2453125 0.0515625 0.125
29 0.0859375 0.4453125 0.0453125 0.1125
29 0.1453125 0.4453125 0.046875 0.090625
36 0.2 0.4421875 0.04609375 0.1140625
36 0.25546875 0.44609375 0.0578125 0.11640625
13 0.31484375 0.43515625 0.05 0.10703125
13 0.3703125 0.43125 0.04609375 0.1109375
14 0.44375 0.45703125 0.034375 0.09921875
26 0.490625 0.4875 0.05078125 0.1015625
26 0.5484375 0.47734375 0.05078125 0.09765625
27 0.61171875 0.47734375 0.04296875 0.08828125
15 0.665625 0.4890625 0.05390625 0.07421875
24 0.72890625 0.49140625 0.06171875 0.0859375
10 0.78828125 0.46796875 0.05234375 0.09609375
9 0.86640625 0.46875 0.0671875 0.128125
7 0.0921875 0.62421875 0.03046875 0.07421875
7 0.1296875 0.64453125 0.0375 0.0671875
6 0.178125 0.653125 0.040625 0.09375
11 0.22734375 0.63828125 0.04140625 0.06875
11 0.27109375 0.6375 0.0390625 0.06953125
32 0.315625 0.64296875 0.04296875 0.0875
16 0.36015625 0.60625 0.03984375 0.09609375
17 0.44765625 0.68046875 0.0421875 0.10546875
4 0.49921875 0.6671875 0.034375 0.1078125
31 0.54453125 0.65234375 0.03515625 0.10703125
1 0.5875 0.66640625 0.04609375 0.10234375
1 0.6375 0.65859375 0.04609375 0.10234375
0 0.6796875 0.678125 0.03203125 0.07109375
3 0.73359375 0.678125 0.021875 0.12421875
3 0.76015625 0.6796875 0.01796875 0.121875
3 0.78359375 0.678125 0.01953125 0.11953125
3 0.8125 0.6953125 0.01953125 0.1
2 0.89921875 0.6796875 0.140625 0.121875
33 0.865625 0.8609375 0.025 0.0890625
5 0.78671875 0.85625 0.02421875 0.09296875
30 0.7421875 0.8390625 0.02265625 0.11015625
12 0.63359375 0.8515625 0.0328125 0.09296875
20 0.58515625 0.85546875 0.03125 0.08828125
20 0.553125 0.86328125 0.02890625 0.0890625
21 0.5140625 0.8390625 0.03359375 0.0828125
21 0.4765625 0.8359375 0.0359375 0.0828125
21 0.4046875 0.79375 0.01640625 0.07890625
21 0.35625 0.81640625 0.0421875 0.0828125
21 0.31171875 0.81015625 0.04140625 0.084375
19 0.2609375 0.815625 0.0421875 0.084375
18 0.215625 0.82109375 0.040625 0.08203125
18 0.1703125 0.825 0.0390625 0.075
18 0.1265625 0.82890625 0.040625 0.08125
18 0.0796875 0.83046875 0.04609375 0.08125