34 0.0703125 0.24765625 0.0375 0.12734375
34 0.11875 0.24765625 0.05234375 0.1234375
34 0.17265625 0.2484375 0.04609375 0.12109375
34 0.22421875 0.25390625 0.04453125 0.1203125
34 0.27421875 0.2609375 0.04765625 0.11328125
35 0.32578125 0.25859375 0.04609375 0.11328125
35 0.378125 0.26484375 0.05078125 0.09921875
35 0.42890625 0.2734375 0.04140625 0.0859375
35 0.46875 0.28828125 0.03203125 0.0796875
35 0.509375 0.2765625 0.04140625 0.10625
28 0.57265625 0.2796875 0.04609375 0.1015625
28 0.63046875 0.275 0.06171875 0.1015625
28 0.68828125 0.27421875 0.0453125 0.103125
28 0.740625 0.26953125 0.04921875 0.10234375
28 0.7953125 0.271875 0.0515625 0.11015625
8 0.85625 0.26640625 0.059375 0.1109375
8 0.9171875 0.26171875 0.05 0.10625
29 0.09921875 0.46796875 0.04453125 0.0984375
29 0.153125 0.465625 0.05 0.0890625
36 0.2046875 0.46171875 0.046875 0.1078125
36 0.25625 0.46953125 0.04765625 0.1
13 0.3078125 0.45703125 0.04765625 0.0984375
13 0.36015625 0.45625 0.0453125 0.08828125
14 0.4125 0.46328125 0.0515625 0.0890625
14 0.4921875 0.47421875 0.04140625 0.08125
26 0.5421875 0.48203125 0.04765625 0.08984375
26 0.5953125 0.4703125 0.0515625 0.09140625
27 0.653125 0.46953125 0.04140625 0.0828125
15 0.703125 0.47890625 0.05078125 0.075
24 0.76015625 0.48125 0.053125 0.07421875
10 0.81640625 0.4640625 0.0484375 0.08046875
9 0.91953125 0.4625 0.06796875 0.1140625
7 0.10859375 0.6375 0.0328125 0.078125
7 0.14609375 0.64296875 0.03359375 0.09140625
6 0.18671875 0.66484375 0.040625 0.10390625
11 0.234375 0.65078125 0.03828125 0.07421875
11 0.2734375 0.6515625 0.03125 0.0734375
32 0.3171875 0.6578125 0.046875 0.0859375
16 0.3625 0.659375 0.03515625 0.0671875
17 0.39609375 0.5921875 0.0375 0.0390625
17 0.40703125 0.6703125 0.0453125 0.0734375
17 0.5328125 0.5953125 0.03515625 0.0390625
17 0.51484375 0.62890625 0.03828125 0.02109375
17 0.49375 0.68203125 0.0390625 0.075
16 0.45390625 0.671875 0.0359375 0.0703125
4 0.53828125 0.67890625 0.0359375 0.0703125
31 0.59609375 0.671875 0.03046875 0.07421875
1 0.6375 0.68203125 0.04296875 0.0703125
1 0.684375 0.67890625 0.04140625 0.0765625
0 0.72578125 0.68046875 0.03046875 0.05625
3 0.75859375 0.665625 0.01953125 0.1109375
3 0.78203125 0.66484375 0.02109375 0.10703125
3 0.80625 0.66640625 0.0203125 0.10546875
3 0.828125 0.671875 0.0171875 0.10625
2 0.84921875 0.678125 0.01875 0.0890625
2 0.91796875 0.6765625 0.1109375 0.11640625
18 0.10390625 0.8328125 0.0421875 0.08828125
18 0.1484375 0.83359375 0.0421875 0.08984375
18 0.1921875 0.83515625 0.0390625 0.0875
18 0.23515625 0.83203125 0.0390625 0.090625
19 0.278125 0.83203125 0.0421875 0.0890625
22 0.325 0.8296875 0.04453125 0.0921875
23 0.371875 0.8265625 0.04140625 0.09296875
21 0.415625 0.8203125 0.02109375 0.08828125
23 0.4578125 0.83671875 0.0546875 0.0859375
21 0.51015625 0.83046875 0.0296875 0.08515625
21 0.546875 0.8328125 0.03125 0.07890625
20 0.58359375 0.8578125 0.0234375 0.08515625
20 0.6140625 0.8484375 0.02578125 0.08671875
12 0.65859375 0.840625 0.02890625 0.0953125
30 0.76015625 0.8203125 0.02109375 0.11875
5 0.80234375 0.84296875 0.02109375 0.08828125
33 0.875 0.8453125 0.02578125 0.08828125