25 0.05390625 0.171875 0.05390625 0.11015625
25 0.1078125 0.19765625 0.0515625 0.05703125
25 0.159375 0.16640625 0.04921875 0.121875
25 0.215625 0.1546875 0.059375 0.1453125
25 0.27578125 0.16328125 0.05546875 0.12578125
25 0.3234375 0.190625 0.03515625 0.0734375
25 0.3640625 0.17578125 0.0375 0.09765625
25 0.41796875 0.1828125 0.05625 0.08515625
25 0.47890625 0.20703125 0.0484375 0.11015625
25 0.53203125 0.20546875 0.046875 0.11015625
25 0.58359375 0.20078125 0.0546875 0.10625
25 0.64375 0.2015625 0.040625 0.11640625
25 0.6984375 0.2125 0.04921875 0.09375
25 0.75390625 0.225 0.0546875 0.0671875
25 0.8203125 0.20390625 0.06953125 0.11484375
25 0.90078125 0.19296875 0.07421875 0.12734375
25 0.89375 0.425 0.06015625 0.09609375
25 0.83125 0.42265625 0.0578125 0.09140625
25 0.7765625 0.43125 0.0453125 0.07578125
25 0.71953125 0.43046875 0.06171875 0.08515625
25 0.659375 0.4453125 0.04921875 0.05546875
25 0.60546875 0.42421875 0.05546875 0.07421875
25 0.54296875 0.4203125 0.0625 0.103125
25 0.4828125 0.4203125 0.0546875 0.1109375
25 0.4375 0.3953125 0.0234375 0.0953125
25 0.39609375 0.40859375 0.05546875 0.078125
25 0.3375 0.4015625 0.05546875 0.0875
25 0.28203125 0.39453125 0.05078125 0.103125
25 0.22734375 0.41015625 0.05 0.07265625
25 0.16953125 0.403125 0.05546875 0.09140625
25 0.11328125 0.3875 0.046875 0.09609375
25 0.06015625 0.375 0.0546875 0.11171875
7 0.07421875 0.58984375 0.0546875 0.078125
7 0.13046875 0.59296875 0.05078125 0.0734375
6 0.18203125 0.60390625 0.0421875 0.1015625
11 0.23046875 0.6078125 0.040625 0.07421875
11 0.2796875 0.596875 0.0546875 0.07265625
32 0.32734375 0.60625 0.03671875 0.084375
16 0.36953125 0.60859375 0.03359375 0.07265625
17 0.41640625 0.60390625 0.05546875 0.07421875
17 0.47734375 0.62265625 0.046875 0.06484375
4 0.521875 0.63203125 0.034375 0.05703125
31 0.56171875 0.63203125 0.02890625 0.05859375
1 0.603125 0.62265625 0.0515625 0.0625
1 0.653125 0.6296875 0.04453125 0.06328125
0 0.69453125 0.6203125 0.03515625 0.05390625
2 0.77265625 0.62734375 0.11796875 0.09375
3 0.89140625 0.62734375 0.11484375 0.08828125
18 0.0640625 0.81328125 0.05390625 0.096875
18 0.115625 0.8109375 0.0421875 0.103125
18 0.1625 0.8125 0.0453125 0.1015625
18 0.209375 0.81328125 0.0453125 0.09921875
19 0.25703125 0.81015625 0.04609375 0.09921875
22 0.30546875 0.8078125 0.04609375 0.09765625
23 0.353125 0.8078125 0.04453125 0.1
21 0.403125 0.80234375 0.04375 0.10390625
21 0.4515625 0.80625 0.03671875 0.10625
21 0.5 0.80625 0.0359375 0.09765625
20 0.55390625 0.8203125 0.03125 0.09609375
20 0.58515625 0.821875 0.02734375 0.0921875
12 0.63671875 0.8171875 0.03203125 0.103125
30 0.68515625 0.78359375 0.02265625 0.1234375
30 0.72265625 0.775 0.02421875 0.1203125
5 0.79296875 0.81484375 0.02421875 0.09921875
33 0.86328125 0.8265625 0.02734375 0.09765625