25 0.23359375 0.16796875 0.06171875 0.121875
25 0.178125 0.1703125 0.04296875 0.12265625
25 0.134375 0.165625 0.03125 0.13125
25 0.4640625 0.18125 0.05625 0.10625
25 0.52890625 0.1796875 0.06171875 0.10859375
25 0.596875 0.17734375 0.059375 0.115625
25 0.66484375 0.1796875 0.046875 0.11484375
25 0.73203125 0.190625 0.059375 0.09140625
25 0.80703125 0.18515625 0.07578125 0.10078125
25 0.89921875 0.1796875 0.0859375 0.11640625
25 0.0703125 0.38984375 0.040625 0.10859375
29 0.12578125 0.396875 0.06328125 0.0796875
36 0.26171875 0.40859375 0.06328125 0.09609375
25 0.328125 0.40546875 0.0546875 0.1
26 0.4078125 0.41015625 0.05625 0.08984375
27 0.54609375 0.40703125 0.05078125 0.0859375
24 0.69375 0.41953125 0.06640625 0.06796875
25 0.76171875 0.41484375 0.05703125 0.06953125
9 0.83203125 0.41015625 0.065625 0.08828125
25 0.9046875 0.41328125 0.0625 0.0921875
7 0.08125 0.60703125 0.04609375 0.05859375
25 0.1390625 0.61640625 0.053125 0.0734375
6 0.2171875 0.559375 0.04765625 0.0375
6 0.20078125 0.62109375 0.04765625 0.0890625
11 0.31484375 0.57421875 0.05390625 0.034375
11 0.31640625 0.62421875 0.053125 0.05234375
17 0.378125 0.61875 0.04453125 0.0640625
4 0.4421875 0.61640625 0.04609375 0.0609375
25 0.49453125 0.6078125 0.0453125 0.0421875
1 0.54765625 0.6203125 0.05078125 0.06953125
0 0.66640625 0.61328125 0.03515625 0.040625
2 0.7 0.61171875 0.02421875 0.07421875
2 0.80078125 0.6078125 0.071875 0.07578125
2 0.70703125 0.665625 0.18203125 0.03046875
3 0.8859375 0.6640625 0.17421875 0.0265625
3 0.89765625 0.61015625 0.09296875 0.0625
18 0.06171875 0.82265625 0.05 0.09453125
18 0.11484375 0.8421875 0.05 0.08984375
18 0.171875 0.828125 0.05390625 0.10546875
18 0.2296875 0.8421875 0.05234375 0.08828125
19 0.2890625 0.82265625 0.05078125 0.09609375
21 0.35078125 0.825 0.0359375 0.10859375
21 0.3921875 0.83203125 0.03125 0.11171875
21 0.42578125 0.79375 0.02421875 0.08671875
20 0.46875 0.8328125 0.0359375 0.1078125
20 0.5359375 0.796875 0.034375 0.07578125
20 0.53671875 0.86796875 0.09375 0.06484375
25 0.3171875 0.18984375 0.0578125 0.0859375
25 0.40625 0.1875 0.059375 0.0890625
25 0.07109375 0.18515625 0.04453125 0.09609375
25 0.19375 0.4171875 0.06015625 0.08515625
25 0.4765625 0.40625 0.04921875 0.0890625
25 0.6078125 0.4296875 0.0578125 0.05625
25 0.25625 0.62421875 0.04921875 0.0578125
25 0.615625 0.61015625 0.053125 0.0578125
2 0.72734375 0.609375 0.02421875 0.075
12 0.61015625 0.82421875 0.03828125 0.11640625
30 0.696875 0.81484375 0.0328125 0.14765625
5 0.7890625 0.8453125 0.0359375 0.121875
33 0.8703125 0.84609375 0.0390625 0.1140625