34 0.08671875 0.14296875 0.05078125 0.04453125
34 0.1640625 0.14375 0.05625 0.0546875
34 0.28203125 0.16328125 0.03515625 0.0765625
25 0.1546875 0.08359375 0.05625 0.05234375
25 0.23125 0.1703125 0.05546875 0.04765625
25 0.1359375 0.1859375 0.12421875 0.02578125
35 0.33515625 0.1609375 0.0578125 0.06796875
35 0.434375 0.18203125 0.02578125 0.04296875
35 0.475 0.18359375 0.046875 0.05703125
35 0.52734375 0.17265625 0.04140625 0.0625
28 0.5921875 0.16953125 0.05390625 0.0546875
28 0.6609375 0.1953125 0.05703125 0.03046875
28 0.709375 0.17421875 0.03671875 0.07734375
28 0.76015625 0.1765625 0.05078125 0.071875
8 0.87421875 0.13671875 0.05078125 0.0375
8 0.83203125 0.1796875 0.06015625 0.0421875
25 0.05 0.353125 0.046875 0.10546875
25 0.125 0.3484375 0.03125 0.0796875
29 0.090625 0.36015625 0.03125 0.08359375
35 0.1625 0.3703125 0.03515625 0.06015625
25 0.20078125 0.37109375 0.03203125 0.07890625
36 0.24375 0.36796875 0.025 0.08828125
8 0.1796875 0.29921875 0.06484375 0.04140625
8 0.2890625 0.2953125 0.05703125 0.040625
13 0.28359375 0.36953125 0.03203125 0.084375
34 0.3265625 0.3671875 0.0375 0.09140625
14 0.3875 0.378125 0.0421875 0.06640625
25 0.4546875 0.3375 0.04140625 0.07109375
35 0.50390625 0.309375 0.03515625 0.05
34 0.5515625 0.3390625 0.03671875 0.07890625
35 0.61171875 0.28359375 0.0296875 0.0484375
27 0.59765625 0.3546875 0.04375 0.078125
25 0.4921875 0.384375 0.025 0.06484375
26 0.5375 0.3984375 0.05390625 0.034375
8 0.6515625 0.32578125 0.03828125 0.07890625
15 0.6421875 0.39609375 0.034375 0.034375
24 0.703125 0.3875 0.05 0.04453125
34 0.6921875 0.3375 0.03984375 0.0390625
34 0.75625 0.321875 0.040625 0.05234375
10 0.78046875 0.3984375 0.06015625 0.03203125
9 0.815625 0.34375 0.05 0.06875
34 0.87890625 0.3671875 0.03984375 0.059375
35 0.8734375 0.31015625 0.04921875 0.0484375
9 0.92890625 0.38828125 0.04296875 0.04921875
9 0.08984375 0.5359375 0.04375 0.05234375
9 0.13203125 0.53125 0.028125 0.04921875
6 0.05703125 0.5984375 0.0515625 0.0453125
25 0.10234375 0.5796875 0.02734375 0.034375
28 0.14140625 0.59375 0.04296875 0.0671875
28 0.1703125 0.53515625 0.040625 0.04609375
11 0.21484375 0.55078125 0.0328125 0.046875
11 0.26328125 0.53203125 0.0375 0.0234375
7 0.21171875 0.6078125 0.0734375 0.0375
25 0.246875 0.575 0.02578125 0.02578125
28 0.31875 0.553125 0.065625 0.04140625
21 0.3640625 0.515625 0.02109375 0.0390625
21 0.43046875 0.5234375 0.02265625 0.05859375
32 0.346875 0.60546875 0.0859375 0.03203125
28 0.43203125 0.5953125 0.0375 0.07265625
28 0.4625 0.5296875 0.03359375 0.0484375
4 0.51015625 0.59140625 0.034375 0.04140625
31 0.55859375 0.5640625 0.02578125 0.03125
25 0.5546875 0.60234375 0.04375 0.040625
28 0.646875 0.59453125 0.05859375 0.05625
28 0.71640625 0.54921875 0.084375 0.0296875
28 0.80859375 0.54453125 0.03984375 0.0390625
2 0.7859375 0.57734375 0.1359375 0.0140625
2 0.83828125 0.6046875 0.03828125 0.03046875
0 0.77109375 0.596875 0.03828125 0.01640625
3 0.89609375 0.5984375 0.0421875 0.03203125
2 0.95 0.59375 0.034375 0.03828125
18 0.05390625 0.7328125 0.05 0.08515625
18 0.053125 0.80859375 0.05390625 0.0609375
18 0.11796875 0.71015625 0.0703125 0.07734375
18 0.109375 0.79453125 0.03828125 0.06171875
18 0.19765625 0.79375 0.06640625 0.08125
19 0.25859375 0.7875 0.04921875 0.10078125
23 0.31171875 0.77890625 0.04921875 0.0921875
23 0.36953125 0.79296875 0.0609375 0.09765625
23 0.428125 0.74609375 0.03203125 0.090625
21 0.465625 0.7890625 0.02421875 0.1078125
21 0.49765625 0.784375 0.034375 0.1046875
20 0.5578125 0.8078125 0.06796875 0.046875
20 0.55078125 0.7375 0.02578125 0.08125
20 0.58203125 0.74921875 0.02578125 0.0640625
20 0.61015625 0.76640625 0.02265625 0.10703125
30 0.634375 0.76484375 0.01875 0.13515625
30 0.67890625 0.73203125 0.01171875 0.121875
12 0.65703125 0.759375 0.0234375 0.10234375
5 0.72265625 0.7625 0.021875 0.10234375
5 0.86328125 0.74140625 0.01953125 0.0796875
33 0.88828125 0.75234375 0.02421875 0.07109375
33 0.8765625 0.81640625 0.0515625 0.053125