34 0.05 0.159375 0.053125 0.1171875
34 0.10859375 0.15078125 0.06171875 0.13515625
34 0.1703125 0.153125 0.0578125 0.1359375
34 0.225 0.153125 0.05 0.13671875
34 0.28046875 0.15859375 0.05546875 0.12578125
35 0.33359375 0.16875 0.046875 0.10703125
35 0.38203125 0.16875 0.04765625 0.103125
35 0.4296875 0.1734375 0.0453125 0.09609375
35 0.4625 0.159375 0.01640625 0.103125
28 0.51484375 0.1578125 0.0625 0.09296875
28 0.57890625 0.1671875 0.05703125 0.08984375
28 0.63671875 0.1625 0.053125 0.1
28 0.69609375 0.165625 0.05703125 0.096875
28 0.7484375 0.171875 0.0453125 0.0875
8 0.815625 0.1671875 0.0859375 0.09609375
8 0.90625 0.15546875 0.09296875 0.12421875
9 0.92890625 0.40390625 0.0828125 0.10859375
9 0.85390625 0.403125 0.06484375 0.096875
10 0.7890625 0.41640625 0.06328125 0.0703125
24 0.72421875 0.4140625 0.0640625 0.040625
15 0.659375 0.41640625 0.053125 0.04609375
27 0.59765625 0.41015625 0.05234375 0.07890625
26 0.5359375 0.40546875 0.06796875 0.09453125
26 0.4734375 0.415625 0.05234375 0.09140625
14 0.41875 0.41171875 0.05078125 0.084375
13 0.3625 0.40703125 0.05390625 0.1
13 0.303125 0.40390625 0.0609375 0.1
36 0.2453125 0.40625 0.053125 0.09921875
36 0.19140625 0.40546875 0.05234375 0.0984375
29 0.13203125 0.40703125 0.059375 0.08671875
29 0.07109375 0.3875 0.05859375 0.10625
7 0.08984375 0.6109375 0.07265625 0.078125
7 0.15 0.59140625 0.04609375 0.0875
6 0.1984375 0.59375 0.04140625 0.10625
11 0.24609375 0.63125 0.05 0.0640625
11 0.29296875 0.61171875 0.04375 0.0765625
32 0.33984375 0.625 0.04609375 0.0796875
16 0.3828125 0.62109375 0.03671875 0.06796875
17 0.4203125 0.59921875 0.03671875 0.053125
17 0.4859375 0.59609375 0.0546875 0.053125
15 0.603125 0.63828125 0.0578125 0.07578125
31 0.55546875 0.6359375 0.03671875 0.04296875
4 0.509375 0.64453125 0.05078125 0.04140625
1 0.66015625 0.6328125 0.04765625 0.059375
0 0.703125 0.61328125 0.03203125 0.0390625
2 0.7328125 0.6265625 0.0234375 0.084375
2 0.75703125 0.62109375 0.021875 0.08515625
2 0.79296875 0.62890625 0.0484375 0.07578125
3 0.92109375 0.6375 0.0890625 0.08359375
24 0.84921875 0.625 0.05078125 0.06875
0 0.94140625 0.89453125 0.0625 0.06640625
33 0.88203125 0.84765625 0.02734375 0.103125
5 0.81640625 0.84609375 0.02578125 0.11171875
3 0.7671875 0.8484375 0.02578125 0.14453125
30 0.74140625 0.82109375 0.0203125 0.1328125
12 0.6640625 0.8109375 0.034375 0.08515625
1 0.6453125 0.89453125 0.09375 0.0671875
20 0.58125 0.84375 0.02890625 0.0984375
20 0.5484375 0.8421875 0.03125 0.1046875
17 0.46171875 0.84609375 0.053125 0.11015625
21 0.4984375 0.8296875 0.01953125 0.0953125
21 0.4234375 0.8234375 0.0203125 0.09921875
23 0.37265625 0.82265625 0.046875 0.09296875
7 0.32578125 0.84140625 0.04609375 0.1125
19 0.27734375 0.83125 0.04609375 0.0859375
18 0.23203125 0.83203125 0.03984375 0.09609375
6 0.165625 0.79140625 0.09296875 0.05234375
18 0.1390625 0.84921875 0.04453125 0.0578125
18 0.1859375 0.85078125 0.0453125 0.0578125
18 0.08984375 0.83125 0.04765625 0.103125