34 0.05625 0.1546875 0.0578125 0.11484375
25 0.11640625 0.14375 0.05625 0.1390625
34 0.16640625 0.16875 0.0390625 0.08828125
34 0.215625 0.14921875 0.0578125 0.1265625
25 0.2765625 0.1515625 0.059375 0.12734375
35 0.3296875 0.1671875 0.0453125 0.0890625
20 0.39296875 0.1609375 0.03671875 0.1078125
35 0.3640625 0.16875 0.02109375 0.08828125
35 0.425 0.16328125 0.025 0.1078125
25 0.45625 0.16796875 0.03515625 0.10078125
33 0.496875 0.16875 0.0234375 0.0984375
28 0.6375 0.17109375 0.05234375 0.1015625
28 0.68828125 0.175 0.04609375 0.09375
28 0.5875 0.18203125 0.0453125 0.08046875
28 0.528125 0.14375 0.03671875 0.06796875
28 0.5390625 0.19921875 0.04453125 0.04296875
28 0.74453125 0.17734375 0.05625 0.09140625
8 0.809375 0.1734375 0.06640625 0.096875
25 0.87890625 0.171875 0.07109375 0.0984375
9 0.89296875 0.4 0.05703125 0.09453125
9 0.83515625 0.4 0.05703125 0.08359375
24 0.71796875 0.41015625 0.06484375 0.07109375
15 0.65234375 0.40703125 0.05859375 0.07109375
32 0.58125 0.4078125 0.05 0.07890625
26 0.5265625 0.3953125 0.0515625 0.0875
26 0.465625 0.4 0.05234375 0.0875
14 0.421875 0.39765625 0.03515625 0.09375
3 0.78515625 0.40546875 0.03984375 0.06015625
13 0.37421875 0.396875 0.05625 0.0875
13 0.309375 0.40078125 0.05390625 0.0859375
36 0.24765625 0.39921875 0.0546875 0.0859375
36 0.19140625 0.3859375 0.04765625 0.08359375
29 0.12734375 0.3828125 0.0515625 0.0875
29 0.0609375 0.4078125 0.0515625 0.08515625
25 0.0890625 0.61953125 0.05625 0.1046875
7 0.1515625 0.603125 0.04453125 0.08515625
6 0.19921875 0.61015625 0.04765625 0.10625
11 0.25078125 0.62109375 0.05078125 0.06328125
12 0.30625 0.6046875 0.03515625 0.10859375
32 0.346875 0.59921875 0.04296875 0.0859375
16 0.3875 0.59765625 0.03515625 0.05390625
17 0.45390625 0.6 0.0390625 0.06640625
17 0.42109375 0.59609375 0.025 0.0640625
25 0.49921875 0.6234375 0.0484375 0.078125
31 0.5453125 0.61875 0.03203125 0.06015625
1 0.58828125 0.62421875 0.04921875 0.06953125
1 0.640625 0.62421875 0.05 0.06171875
0 0.6859375 0.61171875 0.03046875 0.05
2 0.76953125 0.60703125 0.09609375 0.0921875
3 0.8625 0.6109375 0.08203125 0.09609375
3 0.93828125 0.63125 0.0390625 0.04609375
33 0.85703125 0.79921875 0.0234375 0.10234375
5 0.80234375 0.82421875 0.02421875 0.1109375
30 0.7234375 0.80234375 0.021875 0.140625
12 0.64453125 0.7796875 0.03046875 0.1125
20 0.5703125 0.8296875 0.0296875 0.09921875
20 0.5421875 0.80546875 0.025 0.0875
21 0.47734375 0.815625 0.0390625 0.096875
21 0.43203125 0.825 0.02734375 0.1125
23 0.38203125 0.82578125 0.04453125 0.0984375
22 0.33203125 0.821875 0.04765625 0.10078125
19 0.28203125 0.828125 0.05 0.09609375
18 0.2328125 0.8296875 0.04765625 0.10234375
18 0.1828125 0.8296875 0.0484375 0.10078125
18 0.13359375 0.83203125 0.046875 0.09921875
18 0.08203125 0.83828125 0.05078125 0.10390625