34 0.08203125 0.17578125 0.05 0.10234375
34 0.12734375 0.184375 0.03828125 0.09140625
34 0.16953125 0.1796875 0.04296875 0.09921875
34 0.2171875 0.18828125 0.04375 0.0828125
34 0.2640625 0.19140625 0.04296875 0.07578125
35 0.3109375 0.19765625 0.04453125 0.06484375
35 0.359375 0.1984375 0.04375 0.06953125
35 0.40625 0.20234375 0.03828125 0.0640625
35 0.53515625 0.19609375 0.040625 0.0703125
28 0.596875 0.19765625 0.046875 0.0609375
28 0.64765625 0.20703125 0.04921875 0.04765625
28 0.69609375 0.19921875 0.0359375 0.06328125
28 0.73671875 0.2 0.04140625 0.0609375
28 0.796875 0.19765625 0.04296875 0.06171875
35 0.4515625 0.1921875 0.0453125 0.04453125
35 0.49453125 0.203125 0.03671875 0.04765625
8 0.85390625 0.1875 0.0578125 0.07890625
8 0.91875 0.1875 0.05546875 0.08125
9 0.9109375 0.36796875 0.0375 0.04765625
9 0.8375 0.35234375 0.03671875 0.05234375
9 0.87421875 0.3796875 0.03359375 0.05859375
10 0.7984375 0.37734375 0.03984375 0.05
24 0.75546875 0.38828125 0.0453125 0.0359375
26 0.590625 0.37890625 0.0375 0.05859375
26 0.5421875 0.37734375 0.04921875 0.05859375
27 0.6484375 0.36640625 0.040625 0.03515625
14 0.4984375 0.37578125 0.028125 0.06640625
13 0.44609375 0.365625 0.0421875 0.08359375
14 0.3890625 0.3890625 0.03359375 0.06953125
13 0.3453125 0.3796875 0.04765625 0.08671875
13 0.28984375 0.3796875 0.04296875 0.07578125
36 0.23671875 0.38515625 0.04453125 0.07890625
36 0.18984375 0.37890625 0.04375 0.0875
29 0.14296875 0.38359375 0.03046875 0.0703125
29 0.09765625 0.38515625 0.04609375 0.075
18 0.07109375 0.5859375 0.05546875 0.0625
19 0.09765625 0.525 0.065625 0.05625
18 0.16171875 0.5796875 0.05078125 0.07578125
11 0.21640625 0.5640625 0.0359375 0.05546875
23 0.26171875 0.57734375 0.05078125 0.065625
21 0.31796875 0.5625 0.01953125 0.08515625
32 0.29765625 0.55546875 0.01796875 0.0703125
16 0.35 0.584375 0.03828125 0.053125
17 0.4046875 0.5546875 0.0390625 0.0234375
20 0.39609375 0.590625 0.0515625 0.0453125
32 0.45859375 0.5328125 0.05625 0.028125
20 0.4984375 0.571875 0.04453125 0.04140625
17 0.54453125 0.53828125 0.04609375 0.0265625
4 0.5609375 0.56953125 0.0296875 0.03046875
12 0.5921875 0.5359375 0.0296875 0.0828125
16 0.46171875 0.56953125 0.0265625 0.04375
17 0.6390625 0.578125 0.0453125 0.04140625
17 0.69296875 0.54296875 0.0421875 0.01796875
0 0.73828125 0.56328125 0.025 0.028125
3 0.76171875 0.55859375 0.01953125 0.05625
3 0.78125 0.56171875 0.01875 0.05
33 0.80703125 0.52734375 0.0203125 0.07734375
5 0.9375 0.5203125 0.0203125 0.05859375
33 0.8640625 0.7125 0.021875 0.0859375
3 0.88203125 0.546875 0.0734375 0.02109375
2 0.8296875 0.56796875 0.0203125 0.0390625
2 0.9 0.5796875 0.07578125 0.02734375
2 0.89296875 0.76171875 0.021875 0.0984375
5 0.796875 0.70859375 0.01953125 0.084375
30 0.74765625 0.684375 0.01953125 0.109375
3 0.77265625 0.75 0.02578125 0.0953125
0 0.7109375 0.74296875 0.0453125 0.028125
12 0.6734375 0.6921875 0.028125 0.0796875
20 0.58359375 0.72578125 0.0265625 0.07734375
20 0.6125 0.7515625 0.0265625 0.071875
21 0.5484375 0.7046875 0.02265625 0.0625
21 0.51015625 0.7078125 0.01796875 0.06875
31 0.51875 0.65859375 0.06015625 0.02734375
23 0.4671875 0.69375 0.0375 0.0734375
21 0.38828125 0.7265625 0.0296875 0.059375
21 0.41328125 0.740625 0.0140625 0.08359375
23 0.4328125 0.7265625 0.02265625 0.06875
31 0.39609375 0.67734375 0.04765625 0.0390625
17 0.29921875 0.6875 0.0734375 0.0296875
23 0.3046875 0.74921875 0.05625 0.075
19 0.2546875 0.72578125 0.0375 0.0453125
18 0.2109375 0.76640625 0.04140625 0.0359375
32 0.20625 0.7125 0.040625 0.06171875
6 0.1640625 0.6984375 0.0375 0.065625
11 0.121875 0.684375 0.03515625 0.04609375
18 0.12265625 0.75390625 0.0421875 0.0609375