25 0.1328125 0.1515625 0.0515625 0.11953125
34 0.18359375 0.146875 0.04140625 0.13125
25 0.228125 0.15390625 0.04296875 0.12109375
35 0.27734375 0.153125 0.0359375 0.125
34 0.384375 0.13671875 0.03359375 0.10078125
28 0.4859375 0.175 0.0359375 0.1125
28 0.63046875 0.17734375 0.040625 0.1140625
8 0.72734375 0.15234375 0.0609375 0.084375
8 0.90234375 0.1765625 0.07421875 0.1109375
29 0.08359375 0.3796875 0.04453125 0.11328125
25 0.27578125 0.3953125 0.04765625 0.084375
25 0.33046875 0.38671875 0.0515625 0.10546875
35 0.384375 0.38828125 0.04296875 0.10625
26 0.43125 0.39140625 0.046875 0.08203125
27 0.5 0.36015625 0.0484375 0.0625
25 0.490625 0.4265625 0.05703125 0.05859375
24 0.575 0.421875 0.065625 0.075
28 0.64609375 0.4140625 0.04375 0.08671875
9 0.69453125 0.41171875 0.0453125 0.07109375
28 0.74921875 0.415625 0.053125 0.07734375
25 0.88984375 0.421875 0.0546875 0.0640625
25 0.1359375 0.4015625 0.03671875 0.07421875
34 0.06015625 0.596875 0.05390625 0.11796875
25 0.33359375 0.184375 0.06171875 0.05703125
13 0.165625 0.315625 0.08671875 0.03984375
25 0.5828125 0.19453125 0.0484375 0.075
25 0.03828125 0.396875 0.03828125 0.06640625
25 0.04296875 0.18671875 0.0375 0.04375
34 0.0375 0.13203125 0.04609375 0.059375
34 0.08515625 0.17421875 0.03984375 0.0703125
35 0.425 0.14140625 0.04375 0.1390625
25 0.5296875 0.1765625 0.0375 0.10703125
25 0.66875 0.19375 0.03203125 0.0765625
25 0.8078125 0.1828125 0.05703125 0.05546875
2 0.709375 0.64375 0.028125 0.046875
2 0.771875 0.609375 0.140625 0.01953125
2 0.78671875 0.64140625 0.08515625 0.0390625
3 0.8578125 0.6453125 0.05546875 0.04609375
3 0.84140625 0.584375 0.05546875 0.02421875
3 0.896875 0.596875 0.03046875 0.04609375
25 0.821875 0.3734375 0.05859375 0.03984375
25 0.11640625 0.61953125 0.0515625 0.03515625
25 0.15703125 0.55703125 0.0390625 0.06953125
6 0.20234375 0.58984375 0.04140625 0.04609375
25 0.228125 0.63046875 0.0515625 0.03125
35 0.26640625 0.546875 0.08125 0.04375
11 0.2828125 0.6125 0.04609375 0.053125
25 0.3265625 0.621875 0.03671875 0.06875
16 0.36640625 0.60625 0.0390625 0.0671875
17 0.4140625 0.63046875 0.0484375 0.07578125
1 0.58359375 0.615625 0.0609375 0.0390625
15 0.63515625 0.64140625 0.0390625 0.08359375
18 0.05234375 0.8296875 0.04609375 0.0890625
25 0.103125 0.84140625 0.03671875 0.1046875
18 0.15 0.828125 0.04140625 0.10703125
18 0.1984375 0.84453125 0.04296875 0.0890625
19 0.25234375 0.825 0.05078125 0.09453125
22 0.3046875 0.81953125 0.04453125 0.10390625
23 0.35546875 0.83671875 0.046875 0.1015625
21 0.41328125 0.79453125 0.03359375 0.1
21 0.46328125 0.803125 0.02265625 0.0953125
21 0.4859375 0.834375 0.0171875 0.10234375
21 0.53125 0.8609375 0.03046875 0.103125
20 0.575 0.87109375 0.04609375 0.07578125
20 0.5640625 0.7984375 0.02890625 0.0625
12 0.6234375 0.83125 0.03125 0.109375
30 0.65234375 0.821875 0.02265625 0.14453125
30 0.70703125 0.7875 0.0234375 0.13671875
5 0.77421875 0.80859375 0.021875 0.1078125
5 0.82421875 0.8453125 0.0234375 0.11328125
33 0.85234375 0.85234375 0.025 0.1140625