25 0.09765625 0.22265625 0.0390625 0.0859375
34 0.1484375 0.22421875 0.05078125 0.08515625
34 0.1953125 0.2265625 0.03515625 0.08125
25 0.23828125 0.225 0.04453125 0.08828125
34 0.28828125 0.2296875 0.04609375 0.08515625
35 0.33515625 0.22890625 0.0421875 0.08203125
25 0.3859375 0.2328125 0.0375 0.0640625
35 0.42578125 0.2390625 0.03671875 0.05390625
35 0.46953125 0.23125 0.046875 0.065625
28 0.525 0.23046875 0.05 0.06953125
28 0.57890625 0.2296875 0.05078125 0.06796875
25 0.63515625 0.23203125 0.05078125 0.06328125
28 0.68203125 0.23203125 0.03828125 0.05859375
28 0.74609375 0.22421875 0.053125 0.0703125
8 0.80625 0.2234375 0.06171875 0.07109375
25 0.88125 0.21640625 0.0796875 0.07890625
29 0.11171875 0.396875 0.0515625 0.06640625
29 0.15859375 0.38828125 0.03359375 0.05
25 0.2 0.40234375 0.0421875 0.06796875
36 0.26328125 0.38984375 0.0421875 0.06796875
13 0.31171875 0.40234375 0.0421875 0.0609375
13 0.35859375 0.4046875 0.04140625 0.05703125
14 0.41640625 0.39921875 0.03984375 0.06328125
26 0.49921875 0.409375 0.05703125 0.053125
26 0.553125 0.40234375 0.046875 0.0546875
25 0.6125 0.4015625 0.03671875 0.04765625
15 0.66640625 0.41484375 0.05546875 0.03046875
25 0.73203125 0.41171875 0.06796875 0.04375
10 0.8 0.409375 0.05546875 0.0328125
9 0.85390625 0.3984375 0.04765625 0.0609375
9 0.91171875 0.39765625 0.0625 0.053125
7 0.084375 0.55 0.03515625 0.05234375
7 0.12265625 0.534375 0.0359375 0.04453125
7 0.153125 0.55234375 0.02265625 0.04921875
6 0.2015625 0.55859375 0.0390625 0.0625
11 0.24609375 0.55390625 0.03984375 0.0453125
11 0.2921875 0.55390625 0.03984375 0.04453125
32 0.33515625 0.56953125 0.03671875 0.0578125
25 0.39453125 0.56015625 0.0328125 0.05390625
17 0.43828125 0.5625 0.04375 0.05
4 0.484375 0.56640625 0.03515625 0.03984375
31 0.51875 0.55859375 0.03125 0.0453125
1 0.56640625 0.56328125 0.0484375 0.05
1 0.61640625 0.56796875 0.0484375 0.0484375
0 0.66015625 0.571875 0.034375 0.03359375
2 0.7203125 0.56015625 0.08046875 0.05859375
2 0.7890625 0.56328125 0.04453125 0.04296875
3 0.86875 0.5609375 0.11015625 0.05859375
33 0.7890625 0.72578125 0.03125 0.08515625
5 0.734375 0.72421875 0.02890625 0.09296875
30 0.6625 0.70546875 0.025 0.1140625
12 0.59296875 0.6984375 0.03203125 0.08515625
12 0.5671875 0.69375 0.015625 0.07890625
20 0.54296875 0.72890625 0.028125 0.07890625
20 0.51015625 0.7265625 0.02890625 0.078125
21 0.46015625 0.72890625 0.02421875 0.08828125
21 0.415625 0.7265625 0.03203125 0.08984375
23 0.3703125 0.72890625 0.04453125 0.08046875
22 0.3203125 0.73359375 0.04453125 0.08203125
19 0.265625 0.73828125 0.0546875 0.078125
18 0.209375 0.74140625 0.04609375 0.08671875
18 0.15859375 0.7390625 0.0453125 0.0734375
18 0.109375 0.73984375 0.0453125 0.07890625
18 0.0578125 0.7390625 0.046875 0.0734375