34 0.0625 0.31640625 0.0484375 0.1359375
35 0.371875 0.3359375 0.05390625 0.10234375
20 0.565625 0.871875 0.0296875 0.078125
20 0.59765625 0.86640625 0.0296875 0.078125
23 0.41640625 0.865625 0.0640625 0.07734375
21 0.484375 0.8484375 0.03359375 0.08125
21 0.525 0.84375 0.0359375 0.08125
22 0.359375 0.85 0.046875 0.078125
11 0.265625 0.6953125 0.03984375 0.07109375
16 0.4296875 0.6765625 0.03046875 0.06953125
17 0.47421875 0.7015625 0.04453125 0.09140625
31 0.5703125 0.6765625 0.03046875 0.09609375
3 0.790625 0.703125 0.09140625 0.1046875
27 0.64765625 0.5234375 0.05234375 0.06640625
28 0.5765625 0.3328125 0.05234375 0.10546875
28 0.63671875 0.33125 0.059375 0.10390625
35 0.5015625 0.33203125 0.053125 0.09921875
13 0.3515625 0.51796875 0.05078125 0.10234375
1 0.6125 0.68671875 0.04609375 0.0875
18 0.2078125 0.85625 0.040625 0.071875
0 0.70625 0.7 0.0328125 0.0703125
24 0.76328125 0.5265625 0.0640625 0.075
15 0.70546875 0.52734375 0.04609375 0.07109375
9 0.90625 0.50859375 0.08203125 0.115625
14 0.4828125 0.503125 0.0375 0.09921875
4 0.525 0.6859375 0.034375 0.09375
34 0.125 0.32109375 0.06171875 0.1296875
34 0.18828125 0.31796875 0.053125 0.1265625
34 0.2484375 0.31875 0.053125 0.1203125
34 0.31171875 0.340625 0.06171875 0.1
35 0.4203125 0.31484375 0.0328125 0.06328125
35 0.45625 0.34609375 0.03046875 0.07421875
28 0.7 0.3375 0.05390625 0.08515625
28 0.759375 0.33203125 0.04921875 0.08828125
28 0.81640625 0.33828125 0.05703125 0.0859375
8 0.8875 0.31796875 0.06953125 0.10703125
8 0.96015625 0.3109375 0.0609375 0.11640625
29 0.1046875 0.5296875 0.06015625 0.096875
29 0.17578125 0.52890625 0.04296875 0.08125
36 0.2265625 0.521875 0.04765625 0.10078125
36 0.2859375 0.53125 0.0609375 0.09609375
13 0.41171875 0.51484375 0.03671875 0.0875
26 0.53046875 0.52578125 0.04609375 0.078125
26 0.5875 0.52109375 0.05 0.0765625
10 0.8296875 0.5140625 0.06171875 0.08828125
7 0.12109375 0.68046875 0.04140625 0.065625
7 0.165625 0.69296875 0.04140625 0.06875
6 0.2140625 0.7046875 0.04375 0.0828125
11 0.3109375 0.6953125 0.04140625 0.0671875
32 0.359375 0.7015625 0.046875 0.08125
1 0.6625 0.68671875 0.0453125 0.0828125
2 0.91796875 0.7109375 0.146875 0.10703125
18 0.109375 0.853125 0.0484375 0.0734375
18 0.1609375 0.85859375 0.0453125 0.075
18 0.25390625 0.8546875 0.04609375 0.07109375
19 0.3046875 0.85078125 0.0453125 0.0703125
12 0.6453125 0.86171875 0.0359375 0.08671875
30 0.7546875 0.8453125 0.02734375 0.109375
5 0.79921875 0.865625 0.03125 0.08359375
33 0.8796875 0.87109375 0.0296875 0.0765625