34 0.09609375 0.178125 0.04375 0.09765625
34 0.14375 0.184375 0.03671875 0.08828125
25 0.18828125 0.18671875 0.03828125 0.09375
34 0.25390625 0.22421875 0.08828125 0.03984375
34 0.2328125 0.16796875 0.0359375 0.0625
34 0.2734375 0.17109375 0.03984375 0.0609375
35 0.32265625 0.2 0.04375 0.065625
35 0.36171875 0.19296875 0.02890625 0.05234375
35 0.39609375 0.1921875 0.034375 0.046875
35 0.44765625 0.18203125 0.03125 0.05390625
35 0.43984375 0.23203125 0.05703125 0.028125
28 0.50703125 0.2171875 0.0421875 0.059375
28 0.59609375 0.2203125 0.040625 0.04921875
28 0.6359375 0.19453125 0.03515625 0.0546875
28 0.67421875 0.20078125 0.034375 0.04453125
25 0.55 0.22109375 0.03828125 0.04609375
8 0.725 0.16796875 0.05703125 0.07578125
25 0.771875 0.2265625 0.1203125 0.03515625
9 0.80859375 0.3875 0.04921875 0.0515625
9 0.74296875 0.3359375 0.04296875 0.040625
25 0.6828125 0.39375 0.0375 0.02109375
27 0.571875 0.40859375 0.05625 0.0390625
25 0.51796875 0.3640625 0.04140625 0.0703125
15 0.6328125 0.40078125 0.05703125 0.040625
26 0.478125 0.353125 0.034375 0.0578125
25 0.42421875 0.36953125 0.028125 0.06484375
14 0.44765625 0.3453125 0.01640625 0.040625
13 0.39375 0.36796875 0.0296875 0.059375
13 0.36015625 0.3640625 0.03359375 0.0625
25 0.32109375 0.39375 0.04140625 0.05078125
13 0.303125 0.340625 0.04140625 0.03203125
25 0.23984375 0.3734375 0.04921875 0.040625
36 0.25234375 0.3265625 0.03984375 0.0484375
36 0.20390625 0.32734375 0.04609375 0.0375
29 0.11640625 0.4 0.0984375 0.0375
29 0.15625 0.33515625 0.0359375 0.05859375
29 0.10859375 0.33671875 0.0359375 0.04921875
7 0.08671875 0.56171875 0.05 0.04765625
7 0.1296875 0.5046875 0.0328125 0.04296875
25 0.18359375 0.56953125 0.05546875 0.04609375
25 0.234375 0.5578125 0.0453125 0.0296875
6 0.1796875 0.5328125 0.03671875 0.02109375
11 0.26875 0.52265625 0.05 0.02890625
32 0.3421875 0.559375 0.0375 0.053125
16 0.371875 0.55390625 0.02109375 0.04296875
32 0.39375 0.5484375 0.01796875 0.0453125
16 0.41796875 0.56171875 0.0296875 0.046875
25 0.45546875 0.55390625 0.04140625 0.0453125
4 0.49296875 0.55390625 0.03125 0.04453125
31 0.53515625 0.56953125 0.03125 0.05
1 0.5890625 0.57890625 0.06953125 0.03203125
1 0.58046875 0.5453125 0.046875 0.0328125
0 0.67421875 0.571875 0.0578125 0.0296875
2 0.6953125 0.525 0.0734375 0.05234375
2 0.81875 0.53984375 0.10703125 0.0390625
33 0.78828125 0.7296875 0.06875 0.03515625
5 0.70078125 0.69453125 0.02109375 0.08203125
30 0.65234375 0.68984375 0.01953125 0.10703125
12 0.61015625 0.69296875 0.03046875 0.08515625
20 0.55703125 0.71171875 0.025 0.06796875
20 0.53125 0.6734375 0.02421875 0.071875
21 0.47578125 0.68671875 0.025 0.08203125
23 0.40703125 0.721875 0.0375 0.0765625
23 0.359375 0.72421875 0.0515625 0.075
22 0.29453125 0.69453125 0.03984375 0.07734375
19 0.24453125 0.72421875 0.053125 0.0765625
18 0.17265625 0.72109375 0.05234375 0.09140625
18 0.11640625 0.7140625 0.04765625 0.075