14 0.428125 0.4171875 0.04296875 0.09140625
23 0.37109375 0.6484375 0.06015625 0.09765625
21 0.45859375 0.6171875 0.03515625 0.1046875
20 0.5359375 0.6265625 0.0359375 0.10390625
21 0.46015625 0.80625 0.03359375 0.09296875
20 0.553125 0.81953125 0.0359375 0.09140625
18 0.109375 0.6453125 0.05703125 0.09296875
7 0.1609375 0.6046875 0.03828125 0.06015625
20 0.58828125 0.79453125 0.03046875 0.08984375
34 0.05390625 0.16328125 0.03828125 0.11484375
34 0.22734375 0.1515625 0.0578125 0.1421875
34 0.28203125 0.16015625 0.04765625 0.13125
35 0.334375 0.1765625 0.04453125 0.09609375
28 0.53046875 0.184375 0.0484375 0.10390625
28 0.65234375 0.1859375 0.05390625 0.09765625
28 0.70546875 0.18984375 0.0453125 0.10078125
8 0.82421875 0.18046875 0.0578125 0.109375
8 0.896875 0.17265625 0.07109375 0.11796875
29 0.07421875 0.39453125 0.05703125 0.10859375
29 0.134375 0.396875 0.0578125 0.11640625
36 0.19609375 0.40234375 0.059375 0.10625
36 0.25625 0.403125 0.05078125 0.10390625
13 0.3109375 0.4140625 0.05 0.09140625
26 0.48046875 0.41875 0.0484375 0.0828125
26 0.54375 0.40625 0.04921875 0.084375
27 0.59765625 0.41328125 0.04765625 0.07734375
24 0.71875 0.4234375 0.06328125 0.0671875
25 0.78828125 0.4234375 0.05625 0.06484375
9 0.85546875 0.42109375 0.05234375 0.071875
6 0.20546875 0.625 0.04609375 0.096875
11 0.25546875 0.63125 0.0484375 0.06953125
11 0.309375 0.63046875 0.0515625 0.06875
1 0.59921875 0.63203125 0.04375 0.07265625
0 0.69609375 0.61875 0.03203125 0.0515625
18 0.0828125 0.8484375 0.05390625 0.09921875
18 0.1375 0.846875 0.0484375 0.09609375
18 0.184375 0.79765625 0.03828125 0.08828125
18 0.234375 0.84453125 0.05546875 0.10234375
19 0.2859375 0.8390625 0.04140625 0.103125
22 0.33671875 0.8359375 0.05078125 0.10546875
23 0.38046875 0.78984375 0.0296875 0.09609375
21 0.50234375 0.78671875 0.040625 0.0921875
12 0.65234375 0.80703125 0.03828125 0.09921875
30 0.73671875 0.7984375 0.025 0.13203125
5 0.8078125 0.8203125 0.02734375 0.10859375
33 0.86953125 0.82109375 0.0296875 0.10078125
34 0.11015625 0.1578125 0.05859375 0.12578125
34 0.16875 0.159375 0.0515625 0.1265625
35 0.3890625 0.175 0.05390625 0.0984375
35 0.471875 0.18125 0.05546875 0.10703125
26 0.590625 0.196875 0.0578125 0.0796875
13 0.371875 0.4125 0.0578125 0.096875
25 0.65234375 0.43125 0.0546875 0.06328125
9 0.91640625 0.41953125 0.0578125 0.07890625
1 0.65078125 0.61953125 0.04921875 0.06640625
2 0.76640625 0.61796875 0.0984375 0.084375
3 0.9 0.6171875 0.08671875 0.084375
3 0.8375 0.5921875 0.03203125 0.040625