25 0.04921875 0.15625 0.04296875 0.10859375
25 0.1 0.15234375 0.04609375 0.11484375
25 0.15078125 0.15078125 0.04609375 0.121875
25 0.20625 0.14765625 0.05546875 0.12578125
25 0.28359375 0.15546875 0.03828125 0.1078125
25 0.32578125 0.16640625 0.03515625 0.0921875
25 0.37109375 0.16015625 0.04921875 0.1046875
25 0.41640625 0.159375 0.03671875 0.1
25 0.45234375 0.1609375 0.0265625 0.1046875
25 0.49375 0.1546875 0.0515625 0.1109375
25 0.54921875 0.15625 0.0515625 0.1140625
25 0.6078125 0.1515625 0.05703125 0.11015625
25 0.6671875 0.1546875 0.053125 0.11484375
25 0.72734375 0.1609375 0.0578125 0.10703125
25 0.79921875 0.16015625 0.07421875 0.109375
25 0.8796875 0.15234375 0.0734375 0.12578125
25 0.88203125 0.39140625 0.06171875 0.09296875
25 0.81640625 0.384375 0.0640625 0.09453125
25 0.75703125 0.390625 0.0421875 0.06484375
25 0.70078125 0.3953125 0.06015625 0.07578125
25 0.634375 0.409375 0.0515625 0.05546875
25 0.57890625 0.384375 0.040625 0.07578125
25 0.5078125 0.38203125 0.0484375 0.0921875
25 0.4515625 0.3828125 0.0359375 0.1
25 0.40859375 0.4046875 0.04375 0.08046875
25 0.35 0.3984375 0.06484375 0.09453125
25 0.2875 0.38984375 0.05546875 0.10078125
25 0.23046875 0.40546875 0.05234375 0.08125
25 0.16875 0.4 0.05390625 0.0953125
25 0.1125 0.39609375 0.046875 0.0921875
25 0.06171875 0.371875 0.04453125 0.115625
25 0.0671875 0.60703125 0.046875 0.07109375
25 0.128125 0.60703125 0.04921875 0.0734375
25 0.18515625 0.60625 0.04609375 0.0953125
25 0.23671875 0.6109375 0.0484375 0.06953125
25 0.28671875 0.60234375 0.04453125 0.0625
25 0.33671875 0.609375 0.04453125 0.08046875
25 0.378125 0.61328125 0.03359375 0.06640625
25 0.4140625 0.609375 0.02890625 0.07578125
25 0.446875 0.590625 0.03046875 0.07578125
25 0.4859375 0.5984375 0.03984375 0.0609375
25 0.528125 0.5921875 0.03203125 0.0625
25 0.57421875 0.58828125 0.0421875 0.0703125
25 0.628125 0.590625 0.04765625 0.059375
25 0.66953125 0.584375 0.02890625 0.04765625
2 0.7015625 0.59140625 0.025 0.08046875
2 0.7265625 0.5953125 0.02109375 0.0875
2 0.75078125 0.5875 0.02109375 0.07265625
2 0.775 0.590625 0.021875 0.08671875
2 0.7984375 0.59296875 0.021875 0.0828125
3 0.87578125 0.59375 0.12578125 0.090625
33 0.8578125 0.80703125 0.0234375 0.10625
5 0.790625 0.80078125 0.02578125 0.1078125
30 0.7140625 0.778125 0.025 0.134375
12 0.628125 0.79140625 0.03515625 0.1109375
25 0.56640625 0.8046875 0.03125 0.11015625
25 0.53125 0.803125 0.03203125 0.109375
25 0.46953125 0.8 0.03984375 0.10625
23 0.36875 0.80859375 0.0484375 0.09609375
22 0.3171875 0.81015625 0.046875 0.09609375
19 0.2671875 0.81640625 0.04921875 0.09375
18 0.21015625 0.82421875 0.05625 0.09921875
18 0.1578125 0.825 0.040625 0.10390625
18 0.1109375 0.8375 0.0453125 0.1015625
18 0.06015625 0.83046875 0.0453125 0.10859375