34 0.06953125 0.2078125 0.05390625 0.11875
34 0.11640625 0.2046875 0.0359375 0.12734375
34 0.22578125 0.20078125 0.0546875 0.1359375
35 0.165625 0.1921875 0.0578125 0.15234375
25 0.28515625 0.2 0.06171875 0.13984375
25 0.35234375 0.209375 0.06796875 0.12265625
35 0.41640625 0.225 0.05390625 0.096875
35 0.4578125 0.21640625 0.02578125 0.10859375
35 0.49453125 0.215625 0.04453125 0.10859375
13 0.5453125 0.21953125 0.05234375 0.09609375
28 0.609375 0.221875 0.0671875 0.09765625
28 0.6734375 0.209375 0.0546875 0.12109375
28 0.7328125 0.215625 0.05859375 0.1125
35 0.78828125 0.21171875 0.04765625 0.12265625
28 0.85859375 0.221875 0.0625 0.1046875
8 0.9421875 0.21796875 0.08203125 0.1109375
29 0.06484375 0.4375 0.0515625 0.0890625
8 0.12890625 0.4421875 0.06796875 0.10546875
36 0.20390625 0.43515625 0.05 0.10703125
14 0.2671875 0.4609375 0.05390625 0.08125
13 0.32578125 0.44140625 0.05546875 0.0953125
36 0.3921875 0.446875 0.065625 0.11484375
14 0.44609375 0.43984375 0.03671875 0.10078125
26 0.49453125 0.45234375 0.0546875 0.09765625
27 0.55703125 0.46015625 0.0609375 0.0921875
27 0.63203125 0.44609375 0.040625 0.08046875
15 0.68984375 0.46484375 0.06796875 0.06875
13 0.75859375 0.47265625 0.059375 0.078125
10 0.825 0.46953125 0.0640625 0.07578125
9 0.8859375 0.4546875 0.05078125 0.08671875
9 0.94921875 0.453125 0.0625 0.096875
7 0.0921875 0.65078125 0.05 0.0640625
7 0.14921875 0.62734375 0.05078125 0.0765625
6 0.2046875 0.65 0.05234375 0.08828125
11 0.25859375 0.6625 0.0484375 0.05859375
11 0.3109375 0.66015625 0.05078125 0.06640625
11 0.31015625 0.61328125 0.046875 0.025
11 0.26015625 0.6171875 0.046875 0.02421875
32 0.36328125 0.6609375 0.0484375 0.07890625
16 0.409375 0.665625 0.03984375 0.06640625
17 0.44921875 0.66171875 0.0328125 0.06953125
17 0.49140625 0.659375 0.04453125 0.071875
4 0.54453125 0.66796875 0.03671875 0.0515625
31 0.58359375 0.66171875 0.02890625 0.059375
1 0.628125 0.66484375 0.0453125 0.065625
1 0.68046875 0.66875 0.0484375 0.053125
0 0.728125 0.67109375 0.0328125 0.034375
2 0.8 0.65 0.10234375 0.0765625
3 0.909375 0.653125 0.10859375 0.0828125
18 0.08125 0.85078125 0.05078125 0.08984375
18 0.13359375 0.84921875 0.0453125 0.0875
18 0.1828125 0.8453125 0.04609375 0.08671875
18 0.23125 0.8453125 0.04375 0.08671875
19 0.28046875 0.84453125 0.04609375 0.08671875
22 0.328125 0.83984375 0.04375 0.0859375
23 0.3765625 0.8421875 0.0453125 0.09140625
21 0.44453125 0.84375 0.0375 0.084375
21 0.4859375 0.83515625 0.03515625 0.0859375
21 0.521875 0.834375 0.0328125 0.08828125
20 0.57890625 0.84375 0.028125 0.0890625
20 0.61015625 0.84296875 0.02734375 0.08515625
12 0.67890625 0.83046875 0.02890625 0.090625
30 0.7546875 0.81640625 0.01875 0.11328125
5 0.82265625 0.83359375 0.0203125 0.090625
33 0.88515625 0.83515625 0.02109375 0.0859375