34 0.1171875 0.1421875 0.040625 0.08203125
34 0.1578125 0.14140625 0.03359375 0.07578125
34 0.196875 0.140625 0.03828125 0.075
34 0.2390625 0.14296875 0.0390625 0.078125
34 0.2859375 0.14453125 0.04921875 0.0765625
35 0.3328125 0.146875 0.03671875 0.07421875
35 0.375 0.146875 0.03984375 0.065625
35 0.41484375 0.15390625 0.03125 0.05703125
35 0.45234375 0.15 0.03671875 0.0625
28 0.50703125 0.14765625 0.0421875 0.0734375
28 0.5578125 0.14609375 0.05390625 0.07265625
28 0.6125 0.146875 0.04921875 0.06953125
28 0.6640625 0.15234375 0.046875 0.05859375
28 0.709375 0.1484375 0.03828125 0.0703125
8 0.76484375 0.1484375 0.065625 0.0609375
8 0.82890625 0.1390625 0.05625 0.08046875
29 0.11875 0.284375 0.04453125 0.07578125
29 0.17109375 0.28359375 0.04765625 0.06796875
36 0.2203125 0.28125 0.0359375 0.0765625
36 0.265625 0.2828125 0.0484375 0.07421875
13 0.3203125 0.284375 0.04453125 0.06875
13 0.36640625 0.28671875 0.0375 0.06875
14 0.4125 0.28515625 0.04921875 0.0703125
26 0.465625 0.2890625 0.05 0.06484375
26 0.51328125 0.28671875 0.03671875 0.0640625
27 0.55859375 0.2859375 0.0484375 0.06484375
15 0.61796875 0.29296875 0.05859375 0.05625
24 0.68125 0.28671875 0.06015625 0.05625
9 0.7421875 0.2859375 0.053125 0.06328125
10 0.80625 0.2859375 0.06640625 0.06796875
7 0.10859375 0.42734375 0.0484375 0.06875
7 0.15390625 0.42734375 0.03828125 0.06953125
6 0.196875 0.4234375 0.04140625 0.07421875
11 0.24375 0.42890625 0.0390625 0.053125
11 0.2875 0.43359375 0.040625 0.059375
32 0.33125 0.4203125 0.0359375 0.0765625
16 0.371875 0.425 0.03515625 0.06796875
17 0.415625 0.4328125 0.04296875 0.06171875
4 0.45625 0.41328125 0.03125 0.071875
31 0.4921875 0.41875 0.03125 0.06953125
1 0.53515625 0.4296875 0.0453125 0.06015625
1 0.58125 0.41640625 0.040625 0.0734375
0 0.61875 0.434375 0.028125 0.04609375
3 0.67890625 0.43125 0.0828125 0.065625
2 0.78984375 0.43125 0.1296875 0.0671875
18 0.1140625 0.5640625 0.04453125 0.06328125
18 0.159375 0.56328125 0.0390625 0.065625
18 0.2 0.56328125 0.034375 0.0671875
18 0.240625 0.5640625 0.0390625 0.0671875
19 0.2828125 0.56328125 0.03984375 0.06796875
22 0.32890625 0.5625 0.04453125 0.065625
23 0.3796875 0.55390625 0.04140625 0.0625
21 0.4234375 0.56484375 0.03125 0.06640625
21 0.45625 0.56484375 0.02578125 0.0703125
20 0.503125 0.56953125 0.02421875 0.0640625
20 0.53125 0.56640625 0.02734375 0.065625
12 0.590625 0.5625 0.028125 0.07578125
30 0.6390625 0.55625 0.021875 0.08359375
5 0.71953125 0.56796875 0.02578125 0.071875
33 0.78046875 0.5734375 0.025 0.06875