34 0.0265625 0.20546875 0.04375 0.10859375
34 0.078125 0.20390625 0.0546875 0.1109375
21 0.13515625 0.203125 0.02578125 0.1140625
21 0.2015625 0.2046875 0.0359375 0.115625
34 0.165625 0.19375 0.03046875 0.134375
34 0.240625 0.2 0.03828125 0.121875
35 0.28671875 0.21796875 0.04765625 0.0875
26 0.35703125 0.2203125 0.0578125 0.08515625
35 0.44609375 0.20859375 0.05546875 0.10546875
35 0.40234375 0.2109375 0.028125 0.09609375
28 0.50859375 0.2078125 0.05546875 0.103125
20 0.5640625 0.2046875 0.0359375 0.1109375
28 0.6203125 0.20859375 0.05703125 0.103125
28 0.68515625 0.20859375 0.0546875 0.103125
23 0.7546875 0.215625 0.06484375 0.090625
8 0.825 0.19609375 0.0671875 0.11796875
8 0.89296875 0.203125 0.0640625 0.103125
29 0.0453125 0.4234375 0.04921875 0.09765625
29 0.0953125 0.43046875 0.04453125 0.1
36 0.153125 0.43984375 0.0484375 0.08671875
36 0.203125 0.44296875 0.04140625 0.0859375
12 0.24296875 0.4375 0.03359375 0.11015625
13 0.2765625 0.44296875 0.02890625 0.0921875
13 0.31875 0.44453125 0.053125 0.09375
14 0.36640625 0.4375 0.03984375 0.08125
26 0.41640625 0.453125 0.0375 0.07578125
26 0.46796875 0.4515625 0.0484375 0.08046875
26 0.5328125 0.4296875 0.05078125 0.0875
27 0.5890625 0.4421875 0.05 0.07265625
15 0.646875 0.4484375 0.05078125 0.06640625
24 0.71171875 0.446875 0.0546875 0.0390625
10 0.77890625 0.45234375 0.06015625 0.0578125
9 0.84765625 0.4359375 0.06015625 0.090625
9 0.9109375 0.4359375 0.06171875 0.09453125
7 0.05859375 0.63984375 0.03515625 0.0671875
7 0.10234375 0.6390625 0.0453125 0.06796875
6 0.15703125 0.65078125 0.0375 0.08359375
11 0.2046875 0.65390625 0.0390625 0.0625
11 0.25 0.63984375 0.04375 0.0640625
32 0.303125 0.65078125 0.0375 0.07109375
16 0.34296875 0.6578125 0.0359375 0.05390625
17 0.38515625 0.6421875 0.046875 0.07421875
4 0.43125 0.659375 0.03046875 0.0609375
17 0.46796875 0.64140625 0.03828125 0.06953125
4 0.51640625 0.6578125 0.03515625 0.05390625
31 0.5546875 0.6609375 0.03046875 0.040625
1 0.60234375 0.62734375 0.04140625 0.053125
1 0.65078125 0.6515625 0.04921875 0.06015625
0 0.69375 0.64921875 0.03125 0.04296875
2 0.72265625 0.6453125 0.0203125 0.07734375
2 0.74765625 0.64765625 0.021875 0.0828125
2 0.77109375 0.64921875 0.01953125 0.0796875
2 0.79453125 0.64609375 0.021875 0.08125
2 0.81875 0.6515625 0.02265625 0.078125
3 0.90390625 0.653125 0.1140625 0.0890625
18 0.046875 0.8578125 0.04765625 0.08671875
18 0.0953125 0.85625 0.0421875 0.084375
18 0.13984375 0.8546875 0.040625 0.084375
14 0.18671875 0.7859375 0.0453125 0.06328125
18 0.18515625 0.865625 0.04296875 0.05859375
19 0.23203125 0.85390625 0.0421875 0.07734375
22 0.2765625 0.84375 0.04140625 0.09140625
23 0.3171875 0.80625 0.034375 0.0796875
1 0.34765625 0.87421875 0.0703125 0.04921875
21 0.371875 0.8109375 0.03125 0.071875
21 0.40703125 0.82109375 0.03125 0.0890625
21 0.46953125 0.8125 0.03125 0.08515625
21 0.5046875 0.8171875 0.03359375 0.08671875
20 0.5609375 0.82265625 0.02578125 0.0875
20 0.590625 0.85 0.02890625 0.09140625
12 0.65859375 0.79453125 0.03203125 0.07734375
24 0.6765625 0.86953125 0.0984375 0.06796875
30 0.74296875 0.83046875 0.0234375 0.13046875
5 0.81328125 0.853125 0.028125 0.1015625
33 0.87890625 0.85390625 0.0265625 0.1