6 0.1671875 0.48125 0.03203125 0.04296875
4 0.378125 0.51015625 0.04453125 0.05234375
18 0.1609375 0.6328125 0.03828125 0.06171875
18 0.06796875 0.62421875 0.040625 0.06640625
18 0.11484375 0.64140625 0.04765625 0.06640625
19 0.20546875 0.61171875 0.0359375 0.0546875
22 0.25078125 0.6375 0.03984375 0.05859375
25 0.21953125 0.48828125 0.046875 0.0328125
25 0.215625 0.525 0.05390625 0.03125
25 0.16171875 0.5296875 0.04609375 0.05078125
17 0.3453125 0.45546875 0.0390625 0.04453125
4 0.384375 0.46875 0.03125 0.02734375
27 0.48046875 0.32109375 0.040625 0.02734375
25 0.484375 0.35859375 0.040625 0.03671875
15 0.54296875 0.365625 0.04765625 0.0375
10 0.66953125 0.3734375 0.05 0.0390625
28 0.6046875 0.1953125 0.05390625 0.04921875
28 0.41328125 0.1828125 0.04609375 0.0390625
36 0.2 0.321875 0.04609375 0.03203125
29 0.05546875 0.39453125 0.0546875 0.03984375
25 0.06640625 0.4796875 0.040625 0.04921875
7 0.084375 0.52109375 0.0796875 0.025
7 0.10859375 0.46953125 0.034375 0.05
17 0.32421875 0.5015625 0.05703125 0.0375
34 0.0421875 0.1640625 0.03671875 0.0390625
25 0.04765625 0.21953125 0.04453125 0.0515625
25 0.1078125 0.196875 0.03125 0.09921875
34 0.14375 0.1984375 0.03125 0.09140625
34 0.18203125 0.1734375 0.02890625 0.06171875
25 0.22421875 0.19140625 0.0453125 0.034375
35 0.26953125 0.1984375 0.03125 0.0953125
35 0.303125 0.1921875 0.02734375 0.08984375
35 0.35859375 0.21171875 0.04765625 0.0625
28 0.4578125 0.1828125 0.03203125 0.03671875
28 0.5390625 0.16640625 0.0671875 0.0296875
25 0.52265625 0.21484375 0.0453125 0.05859375
25 0.44609375 0.21171875 0.07734375 0.0171875
25 0.6140625 0.2328125 0.0875 0.0203125
8 0.6578125 0.17890625 0.04453125 0.04765625
25 0.70703125 0.2140625 0.04765625 0.05390625
25 0.76328125 0.20546875 0.05234375 0.0703125
29 0.06484375 0.33828125 0.0359375 0.05859375
29 0.1078125 0.35546875 0.0453125 0.06796875
36 0.15234375 0.35546875 0.03046875 0.06328125
25 0.19921875 0.37109375 0.0453125 0.06015625
25 0.25 0.36328125 0.0328125 0.06171875
13 0.296875 0.34375 0.025 0.03203125
14 0.33515625 0.3359375 0.0390625 0.05390625
26 0.378125 0.33046875 0.040625 0.053125
26 0.4359375 0.31015625 0.0390625 0.0328125
26 0.425 0.34296875 0.03828125 0.02890625
25 0.3921875 0.3765625 0.08828125 0.025
25 0.6015625 0.36640625 0.06015625 0.0578125
9 0.72265625 0.31484375 0.03515625 0.040625
9 0.6765625 0.31796875 0.04921875 0.02734375
25 0.76484375 0.37109375 0.08671875 0.0578125
6 0.13828125 0.47890625 0.01640625 0.04765625
32 0.26328125 0.49609375 0.03359375 0.04921875
31 0.41796875 0.46015625 0.02421875 0.0375
1 0.46796875 0.490625 0.04140625 0.05234375
25 0.5109375 0.4890625 0.0375 0.0375
0 0.5578125 0.5015625 0.03828125 0.03359375
2 0.6 0.4953125 0.03984375 0.03671875
2 0.6078125 0.4625 0.04296875 0.02421875
2 0.64765625 0.46328125 0.028125 0.03515625
2 0.66953125 0.5015625 0.0453125 0.02421875
3 0.68125 0.46484375 0.03125 0.0328125
3 0.7265625 0.46640625 0.05078125 0.034375
3 0.77109375 0.51171875 0.0578125 0.04765625
21 0.30234375 0.64921875 0.02734375 0.09296875
21 0.34375 0.62734375 0.02109375 0.08359375
20 0.40078125 0.6 0.0265625 0.06796875
20 0.43125 0.58125 0.021875 0.0359375
20 0.4375 0.646875 0.03203125 0.078125
12 0.49609375 0.615625 0.03125 0.08046875
30 0.553125 0.6296875 0.02734375 0.09609375
5 0.60390625 0.64765625 0.03125 0.084375
33 0.66640625 0.62578125 0.02734375 0.071875