34 0.09375 0.19609375 0.05234375 0.0796875
34 0.13984375 0.196875 0.0359375 0.08125
34 0.18515625 0.2 0.0484375 0.07890625
34 0.23671875 0.20078125 0.0453125 0.07578125
34 0.28828125 0.20625 0.04765625 0.06953125
35 0.3390625 0.21015625 0.046875 0.06171875
35 0.384375 0.20703125 0.03359375 0.07578125
35 0.47890625 0.1984375 0.04453125 0.07890625
35 0.4265625 0.20625 0.040625 0.0578125
28 0.5453125 0.196875 0.05390625 0.078125
28 0.6046875 0.2125 0.05 0.0625
28 0.6625 0.215625 0.0453125 0.0515625
28 0.70859375 0.2 0.04453125 0.0765625
28 0.78125 0.19921875 0.04296875 0.0671875
8 0.84453125 0.1890625 0.06171875 0.08828125
8 0.91875 0.18203125 0.0625 0.0984375
9 0.89921875 0.39140625 0.05390625 0.08359375
9 0.84140625 0.39609375 0.05546875 0.07265625
10 0.78984375 0.40859375 0.04453125 0.053125
24 0.72890625 0.40859375 0.06953125 0.05078125
15 0.66328125 0.4203125 0.05234375 0.03359375
27 0.62890625 0.38515625 0.04296875 0.02421875
26 0.553125 0.40390625 0.04609375 0.06953125
26 0.50234375 0.4015625 0.0453125 0.0703125
14 0.44921875 0.4 0.03984375 0.07109375
13 0.3875 0.3953125 0.04921875 0.08984375
13 0.325 0.38984375 0.04453125 0.08515625
36 0.265625 0.38984375 0.0484375 0.0859375
36 0.21171875 0.3890625 0.04765625 0.09375
29 0.159375 0.39609375 0.04453125 0.06796875
29 0.09375 0.38984375 0.0515625 0.0796875
7 0.1046875 0.56796875 0.03828125 0.053125
7 0.146875 0.57265625 0.040625 0.0640625
6 0.1953125 0.59765625 0.046875 0.09375
11 0.2546875 0.60703125 0.05 0.0515625
11 0.3078125 0.603125 0.04765625 0.0515625
32 0.3734375 0.60078125 0.03828125 0.06796875
32 0.41875 0.58515625 0.03984375 0.0265625
16 0.434375 0.61484375 0.04140625 0.02890625
17 0.48125 0.61796875 0.04609375 0.04140625
4 0.53046875 0.61484375 0.03984375 0.02890625
31 0.57421875 0.61328125 0.03828125 0.03203125
1 0.61953125 0.6140625 0.04140625 0.04296875
1 0.6734375 0.615625 0.03828125 0.04296875
0 0.71484375 0.61015625 0.02734375 0.0296875
2 0.74609375 0.60859375 0.02265625 0.0640625
2 0.7734375 0.609375 0.02421875 0.06171875
2 0.7984375 0.6046875 0.01953125 0.06484375
2 0.81953125 0.6046875 0.01640625 0.0625
2 0.8375 0.59921875 0.01796875 0.0609375
3 0.8984375 0.60234375 0.09375 0.07421875
5 0.91171875 0.7765625 0.0234375 0.09375
5 0.884375 0.7765625 0.02265625 0.0921875
33 0.821875 0.77734375 0.02265625 0.08828125
33 0.79375 0.775 0.0234375 0.08984375
30 0.665625 0.74296875 0.01953125 0.11015625
30 0.64453125 0.7546875 0.01796875 0.11171875
20 0.5875 0.77890625 0.0296875 0.08828125
20 0.5546875 0.775 0.0265625 0.09375
21 0.50390625 0.7671875 0.03125 0.08515625
21 0.47109375 0.7640625 0.03046875 0.0875
23 0.3890625 0.796875 0.02265625 0.0953125
22 0.35 0.78203125 0.04765625 0.09375
19 0.30078125 0.7796875 0.0453125 0.090625
18 0.253125 0.78125 0.0484375 0.09375
18 0.20390625 0.784375 0.0421875 0.0921875
18 0.153125 0.7875 0.046875 0.090625
18 0.09765625 0.78671875 0.0515625 0.0859375
12 0.7375 0.7828125 0.0328125 0.10078125