34 0.053125 0.18359375 0.0421875 0.08203125
34 0.1015625 0.18515625 0.0390625 0.08203125
34 0.1453125 0.184375 0.0421875 0.078125
25 0.203125 0.19921875 0.0484375 0.0453125
34 0.253125 0.19765625 0.03515625 0.06328125
35 0.29609375 0.19140625 0.04296875 0.06953125
35 0.3421875 0.1921875 0.04375 0.0671875
35 0.390625 0.1953125 0.0453125 0.06171875
35 0.434375 0.18984375 0.0328125 0.06171875
35 0.465625 0.20546875 0.021875 0.059375
35 0.5078125 0.209375 0.04140625 0.04609375
28 0.56328125 0.20390625 0.04296875 0.05625
25 0.6625 0.2078125 0.05390625 0.04765625
28 0.61015625 0.2140625 0.0390625 0.0421875
28 0.7171875 0.21640625 0.03671875 0.040625
25 0.8015625 0.203125 0.07734375 0.05625
8 0.86015625 0.1953125 0.03046875 0.0765625
8 0.9125 0.1828125 0.0625 0.09609375
34 0.75234375 0.3546875 0.0328125 0.0484375
34 0.86875 0.396875 0.04375 0.05625
9 0.809375 0.40078125 0.05546875 0.059375
9 0.9234375 0.41796875 0.05 0.04296875
24 0.68203125 0.41328125 0.046875 0.0484375
34 0.69140625 0.3671875 0.04921875 0.03515625
35 0.6203125 0.31171875 0.0390625 0.04921875
34 0.5453125 0.35859375 0.04296875 0.07265625
35 0.4984375 0.3328125 0.03828125 0.05
25 0.47734375 0.4078125 0.05 0.0484375
25 0.3984375 0.35 0.04296875 0.0671875
25 0.43359375 0.409375 0.03046875 0.040625
14 0.3546875 0.3984375 0.03203125 0.06328125
34 0.296875 0.37734375 0.03515625 0.096875
13 0.2578125 0.38203125 0.03046875 0.08828125
36 0.2171875 0.3875 0.03359375 0.07421875
25 0.175 0.37734375 0.0296875 0.09609375
35 0.13984375 0.37109375 0.02890625 0.12265625
25 0.10703125 0.3796875 0.02890625 0.09921875
25 0.03359375 0.37421875 0.0484375 0.10234375
27 0.59140625 0.38046875 0.0421875 0.071875
3 0.86640625 0.6125 0.0515625 0.06484375
2 0.9359375 0.63046875 0.03359375 0.0359375
2 0.80859375 0.62109375 0.04609375 0.05625
2 0.7453125 0.60546875 0.078125 0.01953125
0 0.6796875 0.59375 0.02578125 0.04375
1 0.64765625 0.615625 0.0375 0.034375
32 0.55390625 0.59296875 0.0265625 0.025
4 0.51015625 0.60390625 0.0390625 0.0359375
4 0.4375 0.596875 0.02265625 0.05390625
16 0.38828125 0.6125 0.05 0.0390625
32 0.3171875 0.61953125 0.06796875 0.040625
32 0.3109375 0.57109375 0.0390625 0.04296875
21 0.340625 0.53984375 0.0171875 0.06328125
11 0.24765625 0.56015625 0.05625 0.0484375
25 0.2390625 0.61171875 0.04609375 0.0359375
7 0.1765625 0.6265625 0.05703125 0.03984375
7 0.121875 0.54375 0.03359375 0.04765625
7 0.05546875 0.57265625 0.059375 0.0265625
6 0.04140625 0.6171875 0.04453125 0.04296875
6 0.14296875 0.590625 0.071875 0.02734375
6 0.16328125 0.54140625 0.03671875 0.01953125
11 0.2 0.5625 0.0328125 0.03828125
18 0.034375 0.828125 0.046875 0.06328125
18 0.03359375 0.75703125 0.0453125 0.0734375
18 0.0984375 0.81953125 0.05078125 0.07421875
18 0.175 0.82578125 0.0671875 0.0703125
19 0.23203125 0.80859375 0.04453125 0.10078125
22 0.28125 0.79609375 0.04453125 0.0984375
23 0.3359375 0.81875 0.053125 0.09375
21 0.4 0.74765625 0.0296875 0.090625
21 0.48828125 0.803125 0.03359375 0.09609375
21 0.46015625 0.8 0.01953125 0.09765625
20 0.546875 0.8265625 0.06484375 0.04609375
20 0.57265625 0.76484375 0.02890625 0.07265625
20 0.5984375 0.77421875 0.02109375 0.06875
30 0.61875 0.7890625 0.0171875 0.12421875
12 0.64140625 0.78359375 0.025 0.096875
30 0.66328125 0.75625 0.015625 0.115625
5 0.70625 0.78828125 0.01953125 0.09921875
5 0.846875 0.76796875 0.01796875 0.06640625
33 0.86953125 0.7890625 0.0203125 0.08671875
33 0.834375 0.81875 0.03828125 0.02265625