18 0.059375 0.57421875 0.0609375 0.0921875
19 0.1875 0.58203125 0.059375 0.08671875
16 0.36484375 0.5890625 0.0359375 0.059375
20 0.4015625 0.55625 0.03203125 0.096875
17 0.4328125 0.5671875 0.0265625 0.06328125
12 0.528125 0.56328125 0.03984375 0.0984375
30 0.63828125 0.54296875 0.02578125 0.1265625
5 0.92265625 0.55703125 0.0265625 0.1
2 0.85859375 0.5921875 0.09609375 0.075
3 0.72578125 0.58359375 0.0203125 0.07578125
3 0.7484375 0.58828125 0.01640625 0.06640625
3 0.771875 0.58984375 0.02109375 0.0671875
2 0.88125 0.79609375 0.04921875 0.1203125
3 0.73828125 0.796875 0.02421875 0.121875
5 0.77109375 0.7484375 0.02890625 0.10234375
31 0.415625 0.690625 0.06796875 0.05
17 0.31171875 0.7078125 0.06640625 0.04609375
32 0.2078125 0.7328125 0.0390625 0.08125
6 0.16484375 0.71640625 0.0390625 0.0796875
11 0.1171875 0.70703125 0.0484375 0.0671875
23 0.31328125 0.7734375 0.0515625 0.08515625
21 0.475 0.76484375 0.03359375 0.0875
20 0.5296875 0.7734375 0.03203125 0.09140625
31 0.5609375 0.5734375 0.0203125 0.04375
7 0.1203125 0.56171875 0.0421875 0.0828125
15 0.6484375 0.39453125 0.05390625 0.0515625
27 0.59375 0.38671875 0.04453125 0.0453125
10 0.7703125 0.38359375 0.05078125 0.0671875
21 0.40625 0.75390625 0.03046875 0.0625
20 0.56640625 0.76015625 0.03046875 0.09296875
34 0.06875 0.1515625 0.0515625 0.11015625
34 0.11875 0.15390625 0.03046875 0.1015625
34 0.16171875 0.15546875 0.040625 0.0875
34 0.2109375 0.16015625 0.0359375 0.09140625
34 0.26015625 0.16796875 0.04296875 0.0765625
35 0.3078125 0.171875 0.0375 0.0609375
35 0.359375 0.175 0.04375 0.06796875
35 0.4078125 0.171875 0.0421875 0.06640625
35 0.4625 0.15703125 0.0296875 0.0796875
28 0.52421875 0.16171875 0.0421875 0.07109375
28 0.58203125 0.1765625 0.0546875 0.05703125
28 0.69140625 0.1703125 0.04765625 0.06640625
28 0.7609375 0.171875 0.05 0.06953125
8 0.825 0.1609375 0.06484375 0.09296875
8 0.89921875 0.153125 0.078125 0.10859375
29 0.08359375 0.37265625 0.046875 0.0828125
29 0.140625 0.3703125 0.0296875 0.08203125
36 0.184375 0.36015625 0.046875 0.10625
36 0.2375 0.365625 0.0484375 0.09765625
13 0.290625 0.36328125 0.0484375 0.09296875
13 0.34765625 0.3625 0.04921875 0.0953125
14 0.3921875 0.3703125 0.03203125 0.0828125
26 0.4328125 0.371875 0.02890625 0.07578125
26 0.471875 0.36875 0.0421875 0.07578125
26 0.52734375 0.37734375 0.04921875 0.07578125
24 0.71171875 0.3890625 0.0609375 0.04765625
9 0.8296875 0.3875 0.0578125 0.05625
9 0.82109375 0.33984375 0.04296875 0.034375
9 0.88671875 0.38515625 0.0484375 0.06953125
11 0.23359375 0.56484375 0.02109375 0.07265625
21 0.328125 0.55859375 0.03203125 0.103125
17 0.478125 0.56171875 0.053125 0.025
1 0.59765625 0.60390625 0.0453125 0.0515625
0 0.69609375 0.590625 0.03046875 0.0359375
33 0.79375 0.55546875 0.02109375 0.09296875
18 0.1203125 0.78515625 0.0453125 0.0625
18 0.21953125 0.7953125 0.0453125 0.03515625
19 0.26171875 0.72890625 0.028125 0.0890625
21 0.43984375 0.7625 0.02890625 0.07734375
31 0.475 0.69921875 0.04375 0.03203125
12 0.634375 0.7375 0.03359375 0.09921875
0 0.675 0.7828125 0.040625 0.0609375
30 0.7140625 0.72734375 0.01953125 0.11953125
33 0.840625 0.753125 0.02265625 0.09609375