34 0.05859375 0.16328125 0.04609375 0.09921875
34 0.11015625 0.16796875 0.046875 0.09375
34 0.15546875 0.16796875 0.0359375 0.09765625
34 0.20078125 0.16484375 0.04609375 0.1
34 0.25078125 0.15546875 0.04453125 0.11484375
35 0.3046875 0.17109375 0.046875 0.0859375
35 0.35546875 0.171875 0.04765625 0.08203125
35 0.40625 0.16796875 0.046875 0.08203125
35 0.44921875 0.16484375 0.0328125 0.0890625
13 0.49375 0.15 0.05078125 0.08828125
28 0.55703125 0.14140625 0.0546875 0.1109375
28 0.62421875 0.1453125 0.0515625 0.12421875
28 0.68203125 0.15078125 0.053125 0.0984375
28 0.74296875 0.15703125 0.059375 0.09375
8 0.81640625 0.1484375 0.06015625 0.11015625
8 0.89375 0.146875 0.06640625 0.11796875
9 0.9078125 0.4078125 0.0609375 0.11015625
9 0.8453125 0.3984375 0.05625 0.11015625
10 0.78671875 0.42890625 0.0515625 0.06484375
24 0.72421875 0.4265625 0.06328125 0.06953125
15 0.6515625 0.42890625 0.0546875 0.07109375
27 0.5890625 0.40703125 0.0546875 0.0796875
26 0.5234375 0.4109375 0.0609375 0.0859375
26 0.4515625 0.4 0.05625 0.07734375
14 0.39375 0.39375 0.04765625 0.0953125
13 0.34609375 0.39921875 0.04140625 0.0875
13 0.3 0.40390625 0.046875 0.09140625
36 0.23515625 0.39375 0.04609375 0.0921875
36 0.18046875 0.390625 0.04609375 0.0984375
29 0.12578125 0.38828125 0.04140625 0.0875
29 0.06796875 0.40078125 0.04921875 0.09375
11 0.09765625 0.63359375 0.04765625 0.06328125
7 0.09921875 0.575 0.04375 0.0421875
7 0.146875 0.61484375 0.03671875 0.06484375
6 0.1921875 0.61484375 0.04140625 0.09453125
11 0.2375 0.625 0.0421875 0.06171875
17 0.28515625 0.6203125 0.0421875 0.06953125
32 0.33359375 0.62265625 0.040625 0.07890625
16 0.37421875 0.628125 0.0375 0.0703125
31 0.42265625 0.62890625 0.0359375 0.06171875
4 0.46171875 0.625 0.03125 0.06796875
4 0.51328125 0.65 0.03359375 0.0671875
31 0.55703125 0.6296875 0.02734375 0.0421875
1 0.5953125 0.65 0.04296875 0.07890625
1 0.64609375 0.6546875 0.05 0.06640625
0 0.69609375 0.646875 0.03046875 0.05
2 0.72734375 0.6328125 0.02265625 0.08828125
2 0.75234375 0.6375 0.021875 0.0984375
2 0.79609375 0.64375 0.06171875 0.0921875
3 0.87890625 0.6390625 0.09375 0.10078125
33 0.87265625 0.8546875 0.028125 0.10390625
5 0.80703125 0.85234375 0.028125 0.11171875
30 0.7375 0.834375 0.03125 0.140625
12 0.65859375 0.846875 0.03671875 0.11484375
20 0.5859375 0.86328125 0.0328125 0.10234375
20 0.55078125 0.8640625 0.03125 0.10625
21 0.50078125 0.840625 0.03125 0.11484375
21 0.453125 0.821875 0.0359375 0.0921875
21 0.41484375 0.81875 0.03125 0.09609375
23 0.35390625 0.821875 0.04140625 0.0953125
22 0.309375 0.82265625 0.03984375 0.09765625
19 0.265625 0.83046875 0.04453125 0.09375
18 0.2203125 0.83203125 0.04375 0.09921875
18 0.175 0.8328125 0.04453125 0.09453125
18 0.12890625 0.8375 0.04453125 0.096875
18 0.08125 0.83984375 0.040625 0.10234375