35 0.3046875 0.165625 0.03203125 0.06953125
28 0.65 0.1453125 0.0375 0.03515625
8 0.7578125 0.13828125 0.04375 0.0625
14 0.3390625 0.33515625 0.03984375 0.06640625
18 0.19375 0.67578125 0.03984375 0.08203125
19 0.2421875 0.6703125 0.04921875 0.08671875
22 0.290625 0.66796875 0.0421875 0.084375
23 0.334375 0.62734375 0.04375 0.0765625
21 0.3765625 0.6578125 0.03515625 0.08515625
20 0.47578125 0.6390625 0.034375 0.0796875
1 0.54296875 0.48984375 0.05234375 0.05
15 0.6234375 0.35625 0.06171875 0.04375
10 0.77109375 0.3546875 0.06484375 0.05
18 0.14296875 0.671875 0.04140625 0.08515625
18 0.08359375 0.6125 0.03671875 0.059375
20 0.51328125 0.65234375 0.03671875 0.0828125
30 0.63984375 0.63359375 0.03046875 0.09453125
34 0.0765625 0.15 0.03828125 0.08359375
25 0.13671875 0.146875 0.028125 0.09453125
34 0.1703125 0.153125 0.02890625 0.0796875
25 0.20703125 0.14453125 0.0390625 0.1
34 0.24921875 0.14375 0.034375 0.0984375
35 0.3546875 0.13828125 0.02109375 0.065625
35 0.39609375 0.16328125 0.05078125 0.0640625
28 0.47421875 0.11953125 0.05546875 0.0375
35 0.278125 0.153125 0.01640625 0.08984375
28 0.52421875 0.12265625 0.0359375 0.03046875
25 0.4921875 0.15390625 0.103125 0.0234375
25 0.59296875 0.16328125 0.06171875 0.07265625
28 0.7015625 0.1375 0.05859375 0.0515625
25 0.70390625 0.18203125 0.10390625 0.028125
28 0.61484375 0.103125 0.08984375 0.03828125
25 0.8140625 0.1515625 0.04609375 0.0859375
8 0.871875 0.1625 0.04609375 0.07265625
29 0.09765625 0.33515625 0.05 0.06875
29 0.13671875 0.32578125 0.02421875 0.0671875
25 0.17578125 0.34140625 0.04375 0.0765625
36 0.22734375 0.31640625 0.03671875 0.07890625
13 0.275 0.3109375 0.04375 0.03359375
14 0.38203125 0.31640625 0.034375 0.0625
26 0.43046875 0.34921875 0.053125 0.05625
26 0.4734375 0.3296875 0.02890625 0.0453125
26 0.50703125 0.30546875 0.0328125 0.0578125
27 0.5578125 0.33359375 0.053125 0.05234375
25 0.6953125 0.35 0.07265625 0.0625
25 0.8890625 0.35078125 0.07578125 0.05625
9 0.78984375 0.30078125 0.0609375 0.03203125
7 0.10390625 0.51640625 0.07421875 0.02734375
7 0.08671875 0.465625 0.0359375 0.0609375
7 0.13046875 0.46796875 0.03359375 0.0515625
6 0.1828125 0.46328125 0.03359375 0.040625
25 0.1796875 0.5171875 0.04140625 0.05703125
11 0.2609375 0.45625 0.03828125 0.03984375
11 0.25546875 0.5 0.03671875 0.0359375
32 0.296875 0.484375 0.02890625 0.04921875
17 0.384375 0.4984375 0.08046875 0.02265625
4 0.45234375 0.52109375 0.04921875 0.03671875
17 0.40859375 0.4625 0.04296875 0.04140625
16 0.3640625 0.46875 0.034375 0.02734375
31 0.49375 0.50078125 0.03046875 0.0484375
1 0.59296875 0.50703125 0.03984375 0.046875
0 0.6328125 0.51484375 0.03203125 0.03046875
2 0.66484375 0.49140625 0.0234375 0.07578125
2 0.70234375 0.46796875 0.0453125 0.02421875
2 0.72109375 0.50625 0.03828125 0.034375
2 0.74921875 0.46640625 0.0359375 0.034375
3 0.85546875 0.4984375 0.096875 0.078125
21 0.4109375 0.64140625 0.02890625 0.07578125
12 0.5765625 0.62421875 0.0359375 0.08203125
5 0.6890625 0.65546875 0.02578125 0.08203125
33 0.76953125 0.6546875 0.0265625 0.07421875