7 0.10546875 0.52421875 0.04453125 0.0359375
7 0.1421875 0.52578125 0.02890625 0.05078125
6 0.18125 0.5265625 0.03984375 0.02578125
11 0.26328125 0.5375 0.05234375 0.0515625
17 0.3921875 0.53984375 0.040625 0.0296875
16 0.4046875 0.58984375 0.06328125 0.0421875
2 0.79140625 0.5890625 0.1328125 0.01640625
5 0.86484375 0.7453125 0.02109375 0.0765625
12 0.65703125 0.76328125 0.02421875 0.10078125
30 0.63046875 0.7703125 0.0234375 0.13046875
20 0.55625 0.8109375 0.0796875 0.05703125
21 0.4921875 0.790625 0.0390625 0.09609375
21 0.40703125 0.71484375 0.025 0.09140625
23 0.34921875 0.7796875 0.06171875 0.103125
18 0.184375 0.78125 0.0609375 0.090625
18 0.05234375 0.72265625 0.05390625 0.075
18 0.04921875 0.7984375 0.0625 0.06796875
6 0.06171875 0.59375 0.0546875 0.0546875
29 0.065625 0.3953125 0.0703125 0.04453125
25 0.14765625 0.371875 0.04140625 0.08984375
25 0.1984375 0.36875 0.0453125 0.103125
34 0.07734375 0.1890625 0.02578125 0.0890625
25 0.34765625 0.17421875 0.03984375 0.0609375
25 0.47890625 0.39140625 0.04375 0.0828125
14 0.3734375 0.38828125 0.0296875 0.0734375
27 0.5953125 0.38671875 0.025 0.09453125
4 0.50234375 0.60625 0.0359375 0.0359375
6 0.159375 0.57109375 0.071875 0.03203125
19 0.2421875 0.77578125 0.05078125 0.09921875
23 0.29296875 0.76640625 0.0453125 0.08984375
30 0.6796875 0.73984375 0.015625 0.12421875
34 0.15 0.17265625 0.01796875 0.05859375
34 0.1796875 0.17578125 0.03515625 0.05078125
34 0.25625 0.1703125 0.0390625 0.04765625
25 0.11640625 0.1796875 0.04375 0.10546875
25 0.2671875 0.221875 0.0890625 0.02734375
25 0.2203125 0.12890625 0.04609375 0.03203125
35 0.3078125 0.17890625 0.03125 0.0359375
35 0.384375 0.2203125 0.096875 0.021875
35 0.49609375 0.21328125 0.08671875 0.04140625
25 0.4703125 0.1640625 0.0609375 0.02734375
25 0.40546875 0.1640625 0.0625 0.03046875
28 0.55703125 0.1765625 0.03515625 0.03359375
28 0.5625 0.21875 0.0359375 0.03984375
28 0.73671875 0.22109375 0.04375 0.0453125
25 0.66875 0.209375 0.05625 0.065625
25 0.81640625 0.2 0.0875 0.0390625
8 0.878125 0.209375 0.02890625 0.06484375
8 0.92421875 0.1984375 0.05546875 0.08828125
36 0.24296875 0.38125 0.03671875 0.08046875
13 0.33125 0.37734375 0.04296875 0.090625
25 0.28203125 0.38125 0.028125 0.0890625
26 0.40859375 0.390625 0.028125 0.0734375
26 0.5359375 0.4015625 0.0421875 0.0671875
25 0.7109375 0.409375 0.06953125 0.04921875
10 0.78046875 0.41484375 0.046875 0.0515625
9 0.83046875 0.4046875 0.04453125 0.05546875
9 0.925 0.415625 0.084375 0.04453125
9 0.8296875 0.35234375 0.05390625 0.03515625
9 0.88671875 0.36484375 0.04765625 0.02578125
7 0.2015625 0.60546875 0.08359375 0.0296875
25 0.2625 0.58828125 0.0328125 0.0359375
32 0.33359375 0.59453125 0.06953125 0.0484375
21 0.3515625 0.525 0.0234375 0.06875
17 0.48828125 0.55859375 0.04453125 0.0359375
1 0.66171875 0.603125 0.034375 0.04140625
0 0.69375 0.5796875 0.02421875 0.0421875
3 0.8984375 0.60390625 0.0734375 0.04765625
18 0.11796875 0.78828125 0.06328125 0.06484375
25 0.115625 0.71875 0.06328125 0.0640625
21 0.45703125 0.790625 0.0265625 0.10546875
20 0.58125 0.7484375 0.02734375 0.07265625
5 0.721875 0.76640625 0.03125 0.1015625
33 0.8625 0.81328125 0.065625 0.05390625
33 0.8890625 0.7515625 0.02265625 0.06171875