34 0.08203125 0.1609375 0.04765625 0.0953125
34 0.13203125 0.16484375 0.04453125 0.0875
34 0.17578125 0.159375 0.0375 0.10703125
34 0.215625 0.1671875 0.0359375 0.08671875
34 0.26015625 0.1734375 0.04453125 0.08671875
35 0.31640625 0.175 0.04765625 0.07734375
35 0.36953125 0.178125 0.04921875 0.07421875
35 0.409375 0.184375 0.03359375 0.06484375
35 0.45625 0.18828125 0.05234375 0.0484375
35 0.5125 0.1890625 0.046875 0.05703125
28 0.575 0.18203125 0.0390625 0.06953125
28 0.61875 0.1828125 0.04453125 0.0765625
28 0.72578125 0.1890625 0.04765625 0.0625
28 0.79140625 0.1859375 0.04609375 0.0703125
8 0.8515625 0.18828125 0.05234375 0.07265625
8 0.91015625 0.17890625 0.059375 0.0859375
9 0.9171875 0.3734375 0.05390625 0.07421875
9 0.859375 0.3703125 0.05078125 0.06640625
10 0.7984375 0.39375 0.05078125 0.0328125
24 0.73828125 0.38671875 0.06171875 0.04453125
15 0.67578125 0.39296875 0.0515625 0.03359375
27 0.6234375 0.3796875 0.04140625 0.0546875
26 0.56171875 0.375 0.05859375 0.06796875
26 0.490625 0.375 0.05546875 0.07421875
14 0.4421875 0.37578125 0.0265625 0.0609375
14 0.40390625 0.359375 0.02265625 0.08046875
13 0.36015625 0.359375 0.0515625 0.0765625
13 0.3046875 0.36171875 0.046875 0.07734375
36 0.24375 0.3625 0.05390625 0.0890625
36 0.190625 0.36484375 0.0453125 0.084375
29 0.1234375 0.35703125 0.03984375 0.0875
29 0.07109375 0.35859375 0.046875 0.078125
7 0.0703125 0.5453125 0.046875 0.059375
7 0.11484375 0.54140625 0.0296875 0.0453125
25 0.15625 0.565625 0.0484375 0.05859375
25 0.2140625 0.57734375 0.05546875 0.053125
11 0.22890625 0.53515625 0.0453125 0.021875
11 0.27421875 0.5703125 0.04453125 0.03984375
32 0.32265625 0.56796875 0.04140625 0.05234375
16 0.37421875 0.58359375 0.0453125 0.03359375
21 0.3765625 0.521875 0.02890625 0.0796875
21 0.4296875 0.53125 0.02734375 0.075
4 0.49375 0.58125 0.0296875 0.03359375
1 0.6015625 0.5578125 0.0453125 0.03359375
1 0.65234375 0.57578125 0.0421875 0.0359375
0 0.6953125 0.5765625 0.0296875 0.02578125
2 0.79921875 0.56953125 0.10390625 0.05390625
3 0.903125 0.57265625 0.1 0.05390625
33 0.88984375 0.78515625 0.07421875 0.0328125
5 0.81484375 0.7765625 0.034375 0.07265625
30 0.6828125 0.7109375 0.025 0.1203125
30 0.646875 0.73046875 0.0234375 0.12734375
20 0.61953125 0.740625 0.02578125 0.084375
20 0.55390625 0.76328125 0.084375 0.0515625
21 0.49375 0.71875 0.034375 0.084375
21 0.46015625 0.72578125 0.02890625 0.09453125
23 0.39296875 0.753125 0.06171875 0.0859375
22 0.328125 0.75859375 0.06484375 0.08359375
19 0.26796875 0.7546875 0.04765625 0.09375
18 0.21796875 0.74453125 0.04921875 0.0765625
18 0.1671875 0.74296875 0.04765625 0.08046875
18 0.11796875 0.74375 0.046875 0.0859375
18 0.06796875 0.74296875 0.0484375 0.0859375