34 0.10625 0.16640625 0.04375 0.1
34 0.15234375 0.2328125 0.078125 0.0265625
34 0.184375 0.16875 0.03515625 0.0953125
34 0.22890625 0.1640625 0.04375 0.0875
34 0.25703125 0.23125 0.09296875 0.0390625
35 0.325 0.19765625 0.0375 0.06484375
35 0.35703125 0.17578125 0.02265625 0.08984375
25 0.3796875 0.2359375 0.06796875 0.025
25 0.46015625 0.2359375 0.08203125 0.04765625
28 0.53828125 0.165625 0.0578125 0.07421875
25 0.6265625 0.2453125 0.08359375 0.04765625
28 0.65 0.17421875 0.05625 0.08359375
28 0.70546875 0.1875 0.046875 0.109375
28 0.7625 0.184375 0.05703125 0.1109375
8 0.9375 0.24453125 0.1171875 0.04453125
9 0.8390625 0.35859375 0.0546875 0.0828125
10 0.85078125 0.43203125 0.075 0.05703125
25 0.90078125 0.36640625 0.0546875 0.065625
25 0.76953125 0.409375 0.06328125 0.04921875
25 0.7 0.42421875 0.05390625 0.0421875
27 0.64296875 0.4421875 0.0578125 0.046875
26 0.56796875 0.35546875 0.05078125 0.0796875
25 0.55 0.42421875 0.0859375 0.04375
14 0.46875 0.3578125 0.04609375 0.07890625
14 0.45390625 0.42890625 0.07109375 0.05390625
13 0.428125 0.35234375 0.028125 0.08515625
14 0.38046875 0.334375 0.034375 0.07421875
13 0.33984375 0.33125 0.0390625 0.08359375
13 0.29609375 0.33359375 0.0390625 0.08046875
25 0.31640625 0.39921875 0.08046875 0.0421875
36 0.2203125 0.3796875 0.06171875 0.05625
29 0.1578125 0.33125 0.04375 0.075
25 0.15234375 0.39609375 0.04765625 0.04921875
29 0.1078125 0.42265625 0.0375 0.0515625
7 0.0953125 0.59453125 0.05 0.0671875
7 0.13203125 0.51875 0.05234375 0.0546875
6 0.190625 0.5578125 0.0375 0.0703125
11 0.253125 0.56328125 0.05859375 0.05625
32 0.3484375 0.5875 0.084375 0.07109375
17 0.471875 0.58984375 0.05546875 0.06171875
4 0.5484375 0.59140625 0.0421875 0.05703125
31 0.609375 0.59609375 0.03515625 0.0515625
1 0.64921875 0.5578125 0.03984375 0.05078125
25 0.734375 0.59765625 0.03671875 0.04609375
2 0.7765625 0.5796875 0.04296875 0.06328125
3 0.90703125 0.5703125 0.059375 0.09140625
33 0.81953125 0.715625 0.02890625 0.06796875
5 0.7515625 0.709375 0.0234375 0.071875
12 0.65234375 0.70703125 0.0328125 0.075
20 0.59765625 0.7203125 0.034375 0.0734375
21 0.4921875 0.709375 0.03359375 0.07265625
23 0.34765625 0.771875 0.06015625 0.0984375
19 0.265625 0.77109375 0.053125 0.11015625
18 0.125 0.77578125 0.05234375 0.103125