34 0.0484375 0.2125 0.0421875 0.1
29 0.0921875 0.1734375 0.03984375 0.059375
28 0.16015625 0.19921875 0.03125 0.06328125
25 0.22265625 0.24140625 0.075 0.0265625
34 0.18984375 0.1921875 0.0234375 0.06875
13 0.240625 0.19375 0.040625 0.05859375
13 0.2765625 0.17109375 0.0265625 0.08046875
35 0.3296875 0.18046875 0.0390625 0.06171875
32 0.3421875 0.22890625 0.0625 0.02890625
35 0.3703125 0.1859375 0.02890625 0.05234375
36 0.33671875 0.10859375 0.059375 0.053125
25 0.42421875 0.19765625 0.0625 0.065625
26 0.5046875 0.1828125 0.06875 0.04921875
25 0.57734375 0.14921875 0.05859375 0.11796875
25 0.64296875 0.05546875 0.08984375 0.05859375
25 0.6875 0.1796875 0.11796875 0.0453125
8 0.7046875 0.12578125 0.08203125 0.05078125
14 0.746875 0.0640625 0.04609375 0.06171875
8 0.8578125 0.1265625 0.07890625 0.10703125
2 0.89453125 0.19609375 0.075 0.02578125
21 0.86171875 0.34140625 0.03515625 0.09765625
2 0.90625 0.346875 0.040625 0.0375
25 0.81875 0.35546875 0.0390625 0.0671875
25 0.71328125 0.33984375 0.05546875 0.10234375
21 0.634375 0.33359375 0.040625 0.1140625
25 0.48984375 0.39609375 0.04921875 0.05390625
25 0.41875 0.37578125 0.0421875 0.0796875
13 0.37578125 0.36953125 0.0359375 0.06171875
13 0.340625 0.38203125 0.02890625 0.0640625
33 0.31484375 0.3703125 0.01953125 0.09765625
14 0.23828125 0.40078125 0.03359375 0.06640625
29 0.18515625 0.39609375 0.0421875 0.08046875
36 0.15078125 0.35546875 0.02265625 0.053125
25 0.1421875 0.41640625 0.034375 0.0609375
29 0.10546875 0.3796875 0.03203125 0.0796875
29 0.075 0.36796875 0.02421875 0.06796875
36 0.06953125 0.42890625 0.03515625 0.04921875
21 0.06953125 0.56015625 0.025 0.0796875
18 0.0984375 0.52109375 0.028125 0.06015625
6 0.10625 0.58046875 0.03359375 0.05
6 0.146875 0.52109375 0.04140625 0.040625
4 0.16484375 0.60078125 0.05703125 0.0359375
11 0.18046875 0.54765625 0.02421875 0.05234375
16 0.21796875 0.55078125 0.0359375 0.03984375
25 0.24375 0.51171875 0.02734375 0.0359375
25 0.33671875 0.53125 0.02890625 0.04375
20 0.353125 0.584375 0.0546875 0.0375
20 0.39609375 0.5640625 0.021875 0.08984375
1 0.428125 0.59375 0.0375 0.03828125
20 0.47890625 0.5265625 0.02890625 0.078125
20 0.5328125 0.5328125 0.0375 0.08125
3 0.4859375 0.5828125 0.04453125 0.0265625
3 0.5890625 0.590625 0.153125 0.02734375
18 0.753125 0.55546875 0.0546875 0.07578125
25 0.83671875 0.540625 0.1015625 0.04609375
2 0.8921875 0.58046875 0.1171875 0.02734375
24 0.9375 0.7859375 0.07109375 0.09765625
5 0.8875 0.76796875 0.02421875 0.10234375
25 0.8296875 0.78359375 0.03203125 0.1390625
5 0.79921875 0.73671875 0.0234375 0.09609375
33 0.86640625 0.74375 0.0140625 0.09765625
30 0.74296875 0.759375 0.0265625 0.1421875
25 0.6890625 0.79765625 0.075 0.0828125
30 0.70078125 0.70625 0.02265625 0.09375
12 0.66484375 0.71328125 0.0328125 0.07890625
25 0.625 0.7203125 0.04140625 0.046875
25 0.603125 0.803125 0.0734375 0.065625
12 0.58359375 0.7296875 0.03203125 0.07890625
20 0.54921875 0.7390625 0.02890625 0.09296875
12 0.484375 0.72578125 0.02265625 0.071875
20 0.46171875 0.7234375 0.0171875 0.071875
21 0.421875 0.72734375 0.01953125 0.0796875
21 0.39921875 0.746875 0.021875 0.0859375
25 0.3734375 0.73984375 0.0234375 0.1234375
25 0.34921875 0.67734375 0.0234375 0.04921875
17 0.3171875 0.7328125 0.02734375 0.1046875
23 0.34765625 0.7421875 0.02578125 0.0484375
22 0.2890625 0.6921875 0.02421875 0.06953125
25 0.28671875 0.75390625 0.03046875 0.046875
17 0.24296875 0.72734375 0.034375 0.10546875
25 0.21015625 0.7421875 0.02734375 0.0625
19 0.1765625 0.6953125 0.03359375 0.07265625
18 0.17734375 0.76015625 0.0328125 0.0484375
18 0.140625 0.71640625 0.034375 0.07421875
25 0.0890625 0.74375 0.05859375 0.06875