34 0.0875 0.12578125 0.04296875 0.09765625
34 0.13359375 0.12890625 0.04296875 0.0890625
34 0.18671875 0.1203125 0.05625 0.109375
34 0.23203125 0.1359375 0.0265625 0.07890625
34 0.271875 0.13203125 0.04453125 0.08671875
34 0.31015625 0.13671875 0.0234375 0.08828125
35 0.3546875 0.1390625 0.05078125 0.07578125
35 0.4171875 0.14140625 0.06484375 0.07265625
35 0.47578125 0.13359375 0.04453125 0.08359375
28 0.5453125 0.14140625 0.0515625 0.07265625
28 0.60703125 0.1390625 0.06484375 0.07734375
28 0.67109375 0.1453125 0.05390625 0.071875
34 0.75390625 0.14921875 0.0515625 0.065625
28 0.80390625 0.1578125 0.0421875 0.04609375
8 0.85390625 0.1390625 0.04921875 0.0875
8 0.9109375 0.14375 0.05546875 0.07578125
29 0.090625 0.37265625 0.0578125 0.090625
29 0.14921875 0.3671875 0.0515625 0.08984375
36 0.20703125 0.359375 0.0546875 0.11484375
36 0.26328125 0.3640625 0.04921875 0.10234375
13 0.3234375 0.37421875 0.06328125 0.08203125
13 0.38828125 0.36015625 0.0578125 0.1046875
14 0.4375 0.37109375 0.03984375 0.078125
26 0.48671875 0.37578125 0.053125 0.08671875
26 0.553125 0.37890625 0.065625 0.08515625
27 0.615625 0.38671875 0.04296875 0.06796875
15 0.6734375 0.38984375 0.065625 0.06171875
24 0.7453125 0.390625 0.065625 0.05
10 0.8109375 0.39296875 0.0578125 0.05859375
9 0.87265625 0.37890625 0.05546875 0.08359375
7 0.0921875 0.58828125 0.05234375 0.07734375
7 0.14140625 0.58828125 0.0375 0.08671875
6 0.19296875 0.61015625 0.05859375 0.1
11 0.2546875 0.60234375 0.053125 0.07578125
11 0.31796875 0.6078125 0.0546875 0.0703125
32 0.3765625 0.6109375 0.05390625 0.0828125
16 0.4328125 0.62265625 0.04453125 0.059375
17 0.4796875 0.61640625 0.03828125 0.06484375
4 0.52421875 0.625 0.03671875 0.0546875
31 0.56640625 0.62109375 0.0390625 0.05703125
1 0.621875 0.61796875 0.053125 0.07265625
1 0.6765625 0.61953125 0.04765625 0.075
0 0.73046875 0.62109375 0.0328125 0.05078125
3 0.76015625 0.6140625 0.02109375 0.06875
3 0.7875 0.61953125 0.028125 0.075
3 0.81484375 0.615625 0.02109375 0.06640625
3 0.83984375 0.61953125 0.021875 0.075
2 0.91796875 0.62265625 0.12578125 0.0875
18 0.08046875 0.84609375 0.0515625 0.12109375
18 0.13671875 0.846875 0.0546875 0.121875
18 0.196875 0.84921875 0.05234375 0.1234375
18 0.25234375 0.84453125 0.05078125 0.12109375
19 0.30703125 0.84296875 0.04921875 0.12265625
23 0.36328125 0.84453125 0.05546875 0.12421875
23 0.42109375 0.84765625 0.0515625 0.1203125
21 0.465625 0.8109375 0.02265625 0.1109375
21 0.49921875 0.81640625 0.03359375 0.10390625
20 0.54453125 0.83359375 0.03125 0.10859375
20 0.5796875 0.83046875 0.03203125 0.11015625
12 0.640625 0.82265625 0.03515625 0.12421875
30 0.7546875 0.80546875 0.0234375 0.14453125
5 0.8109375 0.83046875 0.02265625 0.11640625
33 0.8984375 0.83359375 0.025 0.1046875