20 0.5234375 0.77890625 0.0359375 0.0484375
20 0.55859375 0.78359375 0.03125 0.05078125
23 0.38828125 0.78046875 0.0484375 0.05390625
22 0.33671875 0.778125 0.046875 0.05703125
21 0.43515625 0.778125 0.0390625 0.0640625
21 0.475 0.77578125 0.0359375 0.0625
6 0.16796875 0.6625 0.03984375 0.0546875
11 0.22109375 0.66328125 0.046875 0.05078125
11 0.27578125 0.66328125 0.04453125 0.0515625
32 0.32890625 0.66015625 0.04296875 0.05625
16 0.37421875 0.659375 0.034375 0.059375
17 0.4234375 0.6609375 0.04765625 0.053125
4 0.47109375 0.65703125 0.03671875 0.05546875
31 0.5125 0.65546875 0.03828125 0.06015625
10 0.815625 0.53046875 0.06796875 0.0640625
9 0.8890625 0.53359375 0.0703125 0.059375
24 0.7453125 0.5359375 0.06328125 0.05390625
15 0.671875 0.53515625 0.075 0.0578125
27 0.603125 0.53671875 0.05234375 0.0546875
26 0.540625 0.53984375 0.05625 0.0515625
26 0.47890625 0.5390625 0.059375 0.05625
14 0.4203125 0.53828125 0.0484375 0.05546875
13 0.3640625 0.5375 0.053125 0.0640625
13 0.30390625 0.53828125 0.05078125 0.0640625
36 0.24296875 0.53984375 0.0546875 0.06328125
36 0.18671875 0.53671875 0.04765625 0.06015625
29 0.13359375 0.5359375 0.046875 0.0703125
29 0.0734375 0.5375 0.0578125 0.06484375
34 0.06171875 0.409375 0.04140625 0.071875
34 0.10703125 0.4109375 0.0359375 0.07109375
34 0.153125 0.409375 0.046875 0.0703125
34 0.20703125 0.41015625 0.046875 0.06953125
34 0.2640625 0.41640625 0.04765625 0.059375
35 0.3140625 0.415625 0.0421875 0.0578125
35 0.37421875 0.41796875 0.046875 0.06015625
35 0.42109375 0.41875 0.034375 0.059375
35 0.46484375 0.4171875 0.046875 0.06171875
28 0.5234375 0.41640625 0.05078125 0.05703125
28 0.58515625 0.4125 0.06484375 0.05859375
28 0.6484375 0.40546875 0.0546875 0.07578125
28 0.70859375 0.41640625 0.059375 0.059375
28 0.76953125 0.41015625 0.05703125 0.0671875
8 0.84375 0.4078125 0.0734375 0.0609375
8 0.91875 0.4046875 0.06953125 0.07734375
7 0.06640625 0.6625 0.04765625 0.059375
7 0.11875 0.66171875 0.0375 0.05703125
1 0.56328125 0.66171875 0.05 0.04921875
1 0.61796875 0.65546875 0.0484375 0.06015625
0 0.66484375 0.65546875 0.028125 0.0453125
3 0.73203125 0.6671875 0.09375 0.04296875
2 0.871875 0.6671875 0.1515625 0.040625
18 0.075 0.7875 0.04765625 0.03515625
18 0.12578125 0.78828125 0.04453125 0.03671875
18 0.1734375 0.7890625 0.04375 0.034375
18 0.225 0.78984375 0.05078125 0.0375
19 0.28125 0.790625 0.05078125 0.03671875
12 0.61796875 0.778125 0.0390625 0.06328125
30 0.6859375 0.77109375 0.02578125 0.07734375
5 0.7703125 0.7796875 0.03046875 0.0609375
33 0.84765625 0.78359375 0.0296875 0.05703125