21 0.35390625 0.3296875 0.02578125 0.084375
14 0.39375 0.3421875 0.04375 0.06328125
7 0.2953125 0.3453125 0.0484375 0.0640625
34 0.08671875 0.35859375 0.09140625 0.03359375
29 0.06640625 0.303125 0.03515625 0.04296875
29 0.11328125 0.31796875 0.05546875 0.034375
36 0.16484375 0.29921875 0.03671875 0.034375
29 0.2078125 0.1578125 0.04921875 0.0796875
12 0.1171875 0.15234375 0.0328125 0.08828125
32 0.28203125 0.53125 0.0328125 0.05
6 0.240625 0.48515625 0.04140625 0.053125
28 0.1734375 0.53125 0.07109375 0.0453125
6 0.165625 0.4828125 0.03515625 0.04296875
11 0.11015625 0.52578125 0.0421875 0.05703125
6 0.0578125 0.47109375 0.0734375 0.02890625
19 0.0921875 0.61953125 0.05625 0.065625
18 0.09453125 0.68671875 0.04609375 0.06015625
18 0.1703125 0.69921875 0.04453125 0.059375
34 0.225 0.6171875 0.0609375 0.03828125
20 0.50078125 0.65390625 0.03125 0.053125
20 0.5625 0.7140625 0.0625 0.065625
20 0.5390625 0.64375 0.02890625 0.06796875
28 0.72421875 0.69375 0.0546875 0.10859375
2 0.85078125 0.7234375 0.0609375 0.06171875
21 0.41796875 0.675 0.028125 0.08984375
3 0.8734375 0.51953125 0.09296875 0.053125
2 0.72265625 0.503125 0.09609375 0.025
34 0.03671875 0.15078125 0.0234375 0.08671875
34 0.06953125 0.15234375 0.02890625 0.0859375
25 0.12109375 0.08671875 0.0953125 0.0390625
25 0.15390625 0.1546875 0.034375 0.07890625
35 0.25546875 0.13984375 0.03203125 0.06328125
35 0.29453125 0.14921875 0.0359375 0.04765625
35 0.3328125 0.15 0.03203125 0.046875
25 0.28359375 0.19140625 0.08515625 0.02578125
25 0.31875 0.10703125 0.065625 0.02734375
22 0.43515625 0.1609375 0.05546875 0.06328125
28 0.515625 0.16328125 0.04140625 0.0484375
28 0.5703125 0.15703125 0.0421875 0.075
28 0.6203125 0.16015625 0.04765625 0.06875
28 0.6765625 0.159375 0.0578125 0.06953125
28 0.7375 0.16328125 0.0515625 0.065625
8 0.8140625 0.14609375 0.0609375 0.0984375
25 0.9171875 0.15625 0.0484375 0.07578125
8 0.86640625 0.16640625 0.03671875 0.05859375
25 0.16640625 0.3546875 0.0453125 0.05
25 0.23515625 0.34921875 0.03203125 0.06875
21 0.3296875 0.34140625 0.0171875 0.08203125
26 0.4484375 0.3328125 0.0515625 0.075
26 0.50625 0.3375 0.04296875 0.06640625
26 0.53046875 0.27265625 0.05859375 0.0515625
25 0.559375 0.35 0.04765625 0.06328125
25 0.63671875 0.334375 0.05703125 0.02890625
15 0.61796875 0.36484375 0.0609375 0.02421875
10 0.69609375 0.3515625 0.0484375 0.0421875
25 0.75625 0.353125 0.06015625 0.04453125
13 0.82421875 0.33359375 0.0390625 0.07734375
30 0.85625 0.34140625 0.015625 0.06171875
9 0.8890625 0.3390625 0.04453125 0.071875
18 0.05234375 0.521875 0.04765625 0.059375
7 0.13203125 0.4625 0.02578125 0.04296875
17 0.3875 0.5359375 0.06875 0.03671875
20 0.48984375 0.53359375 0.0453125 0.040625
25 0.55703125 0.51875 0.03828125 0.04609375
1 0.61171875 0.52734375 0.0453125 0.0453125
21 0.659375 0.465625 0.02265625 0.0609375
0 0.6578125 0.51640625 0.028125 0.02890625
18 0.21484375 0.659375 0.02890625 0.0390625
19 0.25 0.66328125 0.034375 0.0421875
23 0.28828125 0.6421875 0.0359375 0.06875
23 0.3515625 0.703125 0.059375 0.07109375
21 0.459375 0.665625 0.02578125 0.07734375
20 0.490625 0.72421875 0.03359375 0.0734375
30 0.6109375 0.65859375 0.02109375 0.11171875
12 0.634375 0.65859375 0.02109375 0.08984375
33 0.796875 0.6625 0.03125 0.08515625