17 0.47265625 0.58046875 0.03828125 0.06015625
4 0.5125 0.58515625 0.028125 0.05
31 0.54140625 0.58046875 0.0265625 0.05625
2 0.7359375 0.59921875 0.0453125 0.04296875
14 0.42109375 0.409375 0.03203125 0.06796875
13 0.3515625 0.42890625 0.07109375 0.053125
23 0.41328125 0.70859375 0.0375 0.07421875
19 0.25625 0.75390625 0.05 0.08125
18 0.20703125 0.76171875 0.0421875 0.08125
18 0.15390625 0.75390625 0.04609375 0.08984375
18 0.0984375 0.7625 0.05859375 0.0828125
15 0.66953125 0.42890625 0.04921875 0.046875
3 0.8171875 0.5609375 0.0234375 0.0375
3 0.86953125 0.58515625 0.07578125 0.0859375
33 0.79453125 0.75390625 0.028125 0.0765625
21 0.4828125 0.72890625 0.02734375 0.090625
20 0.5359375 0.74765625 0.0265625 0.078125
20 0.56796875 0.746875 0.03203125 0.0796875
12 0.6 0.70703125 0.0265625 0.08671875
26 0.56015625 0.4140625 0.053125 0.071875
26 0.50390625 0.42421875 0.05390625 0.07265625
25 0.36640625 0.58203125 0.03984375 0.059375
25 0.428125 0.5765625 0.0359375 0.0640625
25 0.178125 0.57578125 0.04609375 0.071875
30 0.67734375 0.7296875 0.03046875 0.0984375
25 0.63125 0.22265625 0.046875 0.0875
25 0.74609375 0.2125 0.05390625 0.103125
25 0.88203125 0.2015625 0.08359375 0.11328125
25 0.22421875 0.19765625 0.046875 0.11015625
25 0.0765625 0.2015625 0.04921875 0.10546875
34 0.134375 0.20234375 0.03984375 0.11015625
34 0.18515625 0.20703125 0.03203125 0.103125
34 0.2765625 0.2046875 0.0453125 0.10390625
35 0.32265625 0.20390625 0.0375 0.10546875
35 0.36875 0.2046875 0.046875 0.10625
35 0.428125 0.19375 0.0296875 0.0546875
35 0.46796875 0.22109375 0.04375 0.08671875
28 0.521875 0.2140625 0.04453125 0.09296875
28 0.57421875 0.21796875 0.04921875 0.09140625
28 0.684375 0.22109375 0.040625 0.0828125
8 0.809375 0.21015625 0.05546875 0.09453125
29 0.1046875 0.40625 0.05078125 0.07578125
29 0.15 0.39765625 0.0265625 0.0671875
25 0.19140625 0.4140625 0.0484375 0.084375
36 0.25546875 0.403125 0.046875 0.08046875
13 0.3078125 0.3796875 0.04609375 0.03671875
14 0.45859375 0.38671875 0.0328125 0.06015625
25 0.61953125 0.415625 0.04140625 0.06171875
25 0.72890625 0.4265625 0.059375 0.06953125
10 0.79140625 0.425 0.05078125 0.0609375
9 0.8421875 0.415625 0.0421875 0.0875
9 0.89765625 0.39140625 0.0625 0.0953125
7 0.12109375 0.55078125 0.034375 0.05703125
7 0.0828125 0.56640625 0.025 0.0609375
11 0.2859375 0.52421875 0.04296875 0.0484375
11 0.27578125 0.57890625 0.03515625 0.03828125
11 0.23203125 0.56640625 0.040625 0.02890625
32 0.3171875 0.58828125 0.04375 0.0625
1 0.58984375 0.56015625 0.04296875 0.05078125
1 0.63515625 0.59140625 0.040625 0.05703125
0 0.6734375 0.6 0.028125 0.03671875
2 0.69921875 0.575 0.01953125 0.08046875
13 0.3546875 0.37421875 0.0375 0.03828125
2 0.73984375 0.5546875 0.04140625 0.0296875
2 0.7859375 0.55078125 0.03125 0.05
22 0.30703125 0.75234375 0.0421875 0.08515625
21 0.38125 0.746875 0.01640625 0.08046875
21 0.4484375 0.74609375 0.02734375 0.08359375
12 0.63046875 0.71796875 0.0265625 0.08671875
5 0.74453125 0.753125 0.0234375 0.0921875