34 0.075 0.27265625 0.046875 0.11015625
34 0.12265625 0.2734375 0.03359375 0.1015625
34 0.165625 0.2734375 0.04453125 0.103125
34 0.221875 0.27578125 0.05234375 0.1015625
34 0.27890625 0.278125 0.05625 0.10390625
35 0.340625 0.28671875 0.05 0.09140625
35 0.40390625 0.2859375 0.06171875 0.08359375
35 0.4890625 0.28359375 0.05234375 0.09765625
28 0.55703125 0.284375 0.05234375 0.096875
28 0.6125 0.2828125 0.04765625 0.09453125
28 0.684375 0.2828125 0.05234375 0.09140625
28 0.74140625 0.28828125 0.053125 0.08359375
28 0.8 0.28359375 0.0578125 0.0921875
8 0.86328125 0.284375 0.0609375 0.08046875
8 0.94765625 0.278125 0.07890625 0.109375
10 0.9 0.4515625 0.06640625 0.08984375
9 0.82890625 0.45234375 0.0640625 0.08125
24 0.7578125 0.4546875 0.071875 0.075
15 0.6828125 0.46328125 0.0703125 0.0625
27 0.61328125 0.45703125 0.05 0.07578125
26 0.559375 0.4546875 0.05078125 0.06328125
26 0.50390625 0.453125 0.05 0.075
14 0.43984375 0.4546875 0.05 0.08046875
13 0.3890625 0.4546875 0.05 0.08515625
13 0.3375 0.45234375 0.046875 0.08515625
36 0.271875 0.45625 0.04921875 0.07734375
36 0.21640625 0.45 0.04921875 0.07890625
29 0.159375 0.45078125 0.0484375 0.084375
29 0.10078125 0.4484375 0.05234375 0.08984375
7 0.0984375 0.6078125 0.05 0.0734375
7 0.1515625 0.61328125 0.04765625 0.0734375
6 0.203125 0.60546875 0.0453125 0.08359375
11 0.25703125 0.61796875 0.040625 0.06953125
11 0.303125 0.6203125 0.04375 0.06953125
32 0.353125 0.6046875 0.04296875 0.090625
16 0.39765625 0.60859375 0.03828125 0.0796875
17 0.44375 0.6125 0.04765625 0.071875
4 0.49140625 0.59921875 0.0390625 0.07421875
31 0.534375 0.61015625 0.03671875 0.07578125
1 0.58125 0.61484375 0.04609375 0.07421875
1 0.6328125 0.6078125 0.04921875 0.065625
0 0.67421875 0.61796875 0.0328125 0.05078125
3 0.74375 0.6171875 0.1015625 0.0765625
2 0.8640625 0.61640625 0.1265625 0.08125
33 0.8375 0.765625 0.028125 0.07265625
5 0.77578125 0.76171875 0.028125 0.0796875
30 0.68671875 0.74921875 0.02890625 0.10078125
12 0.634375 0.75703125 0.0390625 0.08359375
20 0.5703125 0.7609375 0.03515625 0.071875
20 0.53671875 0.7609375 0.0296875 0.075
21 0.4921875 0.75546875 0.04140625 0.07109375
21 0.453125 0.7515625 0.03203125 0.08125
23 0.40859375 0.74140625 0.0484375 0.0734375
22 0.35625 0.75234375 0.05546875 0.0703125
19 0.30390625 0.7546875 0.046875 0.0734375
18 0.25859375 0.75546875 0.04296875 0.0671875
18 0.215625 0.753125 0.0375 0.07109375
18 0.171875 0.753125 0.046875 0.0671875
18 0.11953125 0.753125 0.05 0.06640625