25 0.228125 0.51484375 0.05859375 0.053125
25 0.14375 0.5078125 0.08515625 0.0390625
7 0.1890625 0.45234375 0.03828125 0.065625
6 0.23828125 0.4453125 0.04296875 0.0625
25 0.37734375 0.49921875 0.04921875 0.07421875
25 0.4265625 0.503125 0.01796875 0.06796875
16 0.45234375 0.4515625 0.02890625 0.05078125
17 0.48984375 0.44453125 0.040625 0.05390625
17 0.471875 0.50546875 0.04375 0.05078125
4 0.5265625 0.51171875 0.03515625 0.059375
4 0.5265625 0.45703125 0.0296875 0.03359375
31 0.559375 0.45 0.0296875 0.04921875
25 0.46640625 0.3140625 0.0296875 0.0828125
27 0.61796875 0.29140625 0.0453125 0.06171875
27 0.61875 0.35546875 0.075 0.05625
25 0.7453125 0.35 0.04296875 0.0734375
25 0.121875 0.153125 0.0453125 0.06953125
25 0.32890625 0.13203125 0.0453125 0.0953125
25 0.3796875 0.17578125 0.0515625 0.053125
25 0.65546875 0.1640625 0.0421875 0.084375
1 0.60859375 0.4875 0.0453125 0.06640625
18 0.18203125 0.68125 0.04921875 0.09453125
18 0.12734375 0.646875 0.046875 0.09296875
19 0.290625 0.65703125 0.0453125 0.0890625
23 0.42890625 0.66953125 0.0484375 0.09375
21 0.478125 0.63515625 0.025 0.0859375
20 0.5859375 0.64921875 0.0359375 0.06953125
12 0.6421875 0.63671875 0.0359375 0.09140625
2 0.77265625 0.44453125 0.034375 0.03984375
36 0.24765625 0.27734375 0.04609375 0.078125
36 0.27578125 0.35703125 0.09453125 0.0453125
29 0.1609375 0.346875 0.10625 0.046875
29 0.14453125 0.28203125 0.0515625 0.08203125
29 0.19765625 0.2828125 0.04921875 0.071875
34 0.22265625 0.1171875 0.05078125 0.0828125
34 0.27421875 0.11640625 0.04140625 0.0859375
28 0.54453125 0.11171875 0.040625 0.0703125
34 0.12734375 0.08515625 0.046875 0.04296875
25 0.209375 0.18203125 0.0984375 0.03203125
25 0.44765625 0.17890625 0.07265625 0.0359375
35 0.375 0.11484375 0.02890625 0.0609375
35 0.42578125 0.121875 0.02578125 0.0671875
35 0.40234375 0.12265625 0.01640625 0.06953125
35 0.46015625 0.1234375 0.03515625 0.06796875
35 0.50234375 0.13515625 0.040625 0.09375
28 0.5859375 0.11015625 0.03203125 0.0421875
28 0.734375 0.12734375 0.04453125 0.06640625
25 0.7515625 0.1859375 0.10078125 0.03125
8 0.78984375 0.10390625 0.05078125 0.07421875
8 0.8609375 0.11953125 0.03671875 0.09375
25 0.29609375 0.3046875 0.04296875 0.0578125
13 0.3484375 0.27578125 0.04140625 0.04609375
25 0.375 0.33671875 0.04140625 0.05625
13 0.425 0.31640625 0.04375 0.07734375
26 0.5078125 0.2953125 0.04375 0.04375
25 0.55859375 0.30625 0.03359375 0.071875
9 0.84921875 0.275 0.04453125 0.05234375
10 0.7578125 0.29375 0.04921875 0.0359375
7 0.14921875 0.43515625 0.03125 0.05234375
25 0.2890625 0.4625 0.0328125 0.0453125
11 0.32890625 0.42890625 0.03671875 0.02734375
25 0.690625 0.4953125 0.03984375 0.05078125
2 0.80078125 0.4953125 0.05703125 0.0359375
3 0.87734375 0.47734375 0.08828125 0.0890625
21 0.50546875 0.63046875 0.0203125 0.0859375
20 0.54375 0.64140625 0.02734375 0.08203125
30 0.68671875 0.63359375 0.021875 0.1046875
5 0.734375 0.6375 0.02734375 0.08671875
33 0.82109375 0.6703125 0.071875 0.03515625