34 0.109375 0.2 0.04375 0.0890625
34 0.1515625 0.19765625 0.034375 0.090625
34 0.1984375 0.196875 0.04609375 0.09296875
34 0.23828125 0.203125 0.0265625 0.0828125
34 0.275 0.2 0.03828125 0.08828125
34 0.31015625 0.2015625 0.0234375 0.08671875
35 0.35078125 0.2078125 0.05 0.0828125
35 0.39609375 0.215625 0.03125 0.078125
35 0.42421875 0.221875 0.01640625 0.06796875
35 0.4546875 0.22265625 0.0375 0.065625
35 0.49765625 0.21953125 0.0421875 0.07734375
28 0.55390625 0.21796875 0.046875 0.07265625
28 0.60703125 0.21796875 0.053125 0.075
28 0.65859375 0.21875 0.0421875 0.07578125
28 0.69140625 0.215625 0.01640625 0.08125
28 0.7703125 0.21796875 0.034375 0.075
34 0.7265625 0.21953125 0.04765625 0.07109375
8 0.82265625 0.215625 0.0640625 0.075
8 0.87265625 0.21015625 0.03125 0.08828125
29 0.11796875 0.37734375 0.05 0.0828125
29 0.16796875 0.3765625 0.0453125 0.07890625
36 0.21875 0.37265625 0.0484375 0.1046875
36 0.271875 0.38125 0.05078125 0.0890625
13 0.32734375 0.37890625 0.0546875 0.0765625
13 0.3765625 0.36171875 0.03828125 0.0859375
13 0.415625 0.35625 0.03515625 0.06171875
14 0.453125 0.39375 0.03671875 0.06953125
26 0.49609375 0.3765625 0.04375 0.08125
26 0.5453125 0.384375 0.05 0.07421875
27 0.5984375 0.3828125 0.0453125 0.071875
15 0.65234375 0.3984375 0.0484375 0.053125
24 0.71328125 0.39453125 0.0625 0.05625
10 0.7765625 0.39140625 0.05546875 0.0609375
9 0.8328125 0.38671875 0.04921875 0.07890625
7 0.11875 0.534375 0.04375 0.07109375
7 0.16015625 0.54140625 0.034375 0.0734375
6 0.20390625 0.5640625 0.05 0.096875
11 0.26015625 0.55625 0.04375 0.06015625
11 0.3140625 0.5625 0.040625 0.06328125
32 0.36875 0.56875 0.04765625 0.075
16 0.4171875 0.57890625 0.03515625 0.06171875
17 0.46328125 0.57578125 0.04921875 0.06796875
4 0.5109375 0.58125 0.0390625 0.05546875
31 0.55703125 0.5734375 0.02890625 0.06484375
1 0.6015625 0.58046875 0.0421875 0.05625
1 0.6484375 0.57890625 0.046875 0.06328125
0 0.69453125 0.578125 0.0328125 0.0546875
3 0.753125 0.56875 0.078125 0.0859375
2 0.86484375 0.5734375 0.1359375 0.08828125
18 0.10546875 0.73515625 0.04453125 0.09765625
18 0.15390625 0.7359375 0.04765625 0.0984375
18 0.2015625 0.73984375 0.04375 0.09453125
18 0.2484375 0.73828125 0.04296875 0.09609375
19 0.29609375 0.73671875 0.04296875 0.09453125
22 0.33359375 0.74453125 0.02578125 0.09296875
23 0.37421875 0.7453125 0.05 0.0859375
21 0.44609375 0.73515625 0.03515625 0.0921875
21 0.48125 0.73671875 0.03125 0.090625
20 0.525 0.753125 0.0265625 0.09296875
20 0.55546875 0.753125 0.03046875 0.09375
12 0.61171875 0.74609375 0.02890625 0.103125
30 0.71484375 0.725 0.0203125 0.12265625
5 0.7640625 0.75 0.0234375 0.09921875
33 0.84453125 0.753125 0.02421875 0.09453125