34 0.1421875 0.18515625 0.04765625 0.0640625
34 0.1828125 0.17109375 0.0296875 0.09453125
34 0.21875 0.16953125 0.0375 0.09609375
34 0.2609375 0.15078125 0.0375 0.06484375
34 0.28515625 0.20390625 0.0828125 0.0359375
34 0.3015625 0.1515625 0.0375 0.06640625
35 0.35390625 0.1875 0.04296875 0.06640625
35 0.38984375 0.1609375 0.025 0.07578125
35 0.43984375 0.153125 0.0328125 0.046875
25 0.4734375 0.1984375 0.07421875 0.0375
35 0.503125 0.14609375 0.04140625 0.05859375
28 0.55234375 0.140625 0.04140625 0.06328125
28 0.6328125 0.1640625 0.0390625 0.10625
25 0.67734375 0.19296875 0.0421875 0.05
28 0.73359375 0.17578125 0.0421875 0.08203125
28 0.6765625 0.1390625 0.0375 0.053125
25 0.8109375 0.20234375 0.090625 0.0359375
25 0.83671875 0.3375 0.05078125 0.08203125
25 0.66875 0.38046875 0.03828125 0.03515625
25 0.7296875 0.36328125 0.05 0.05859375
10 0.7859375 0.3828125 0.046875 0.05703125
9 0.7890625 0.315625 0.040625 0.07265625
9 0.89609375 0.3921875 0.053125 0.0515625
27 0.62109375 0.3953125 0.04453125 0.0453125
26 0.57421875 0.31328125 0.03984375 0.0640625
25 0.5515625 0.38046875 0.06875 0.0328125
14 0.49609375 0.3234375 0.03203125 0.07578125
14 0.47265625 0.38671875 0.04375 0.04453125
13 0.46328125 0.31875 0.025 0.0828125
14 0.4203125 0.32109375 0.03671875 0.0734375
13 0.37734375 0.315625 0.0375 0.06640625
25 0.35078125 0.365625 0.0703125 0.02265625
13 0.3328125 0.31796875 0.04296875 0.06875
29 0.19296875 0.31640625 0.04453125 0.0625
25 0.17890625 0.36953125 0.04609375 0.0390625
29 0.128125 0.390625 0.0515625 0.0328125
7 0.16875 0.50390625 0.05234375 0.05078125
7 0.12265625 0.5640625 0.05078125 0.04765625
6 0.22265625 0.5359375 0.0390625 0.053125
11 0.2875 0.54140625 0.0625 0.0453125
32 0.3828125 0.5546875 0.0828125 0.05546875
17 0.48203125 0.565625 0.04375 0.04453125
4 0.54453125 0.5671875 0.03046875 0.05390625
31 0.59609375 0.57109375 0.02890625 0.053125
1 0.63359375 0.53359375 0.0359375 0.05078125
25 0.70234375 0.57109375 0.03359375 0.046875
2 0.75703125 0.54765625 0.0234375 0.0875
2 0.725 0.51640625 0.0375 0.0375
3 0.86328125 0.54609375 0.06640625 0.09765625
33 0.7890625 0.72734375 0.025 0.09296875
5 0.7265625 0.715625 0.021875 0.096875
12 0.63515625 0.7125 0.0296875 0.09765625
20 0.58515625 0.728125 0.02890625 0.090625
21 0.49296875 0.71328125 0.03125 0.090625
23 0.38515625 0.74609375 0.0640625 0.09375
19 0.3 0.74765625 0.0515625 0.10625
18 0.22421875 0.71953125 0.05234375 0.10078125
18 0.15390625 0.75 0.0515625 0.09609375