34 0.17890625 0.121875 0.03515625 0.084375
34 0.146875 0.17578125 0.08671875 0.02109375
34 0.2453125 0.17890625 0.08671875 0.03046875
35 0.2953125 0.12265625 0.0359375 0.07734375
28 0.421875 0.11328125 0.0515625 0.053125
28 0.42109375 0.16328125 0.0640625 0.0375
25 0.4796875 0.18046875 0.04765625 0.03515625
28 0.5171875 0.125 0.046875 0.07265625
25 0.646875 0.1734375 0.0734375 0.028125
8 0.7765625 0.1734375 0.1109375 0.03515625
9 0.81328125 0.33671875 0.09921875 0.06953125
10 0.7015625 0.3453125 0.065625 0.0703125
24 0.625 0.32578125 0.0671875 0.05234375
25 0.54609375 0.33828125 0.05546875 0.040625
27 0.46953125 0.36953125 0.0953125 0.040625
25 0.3859375 0.34375 0.0640625 0.03984375
14 0.30390625 0.346875 0.04140625 0.05078125
36 0.2140625 0.3140625 0.04765625 0.05078125
29 0.15625 0.2734375 0.040625 0.07578125
25 0.16015625 0.33515625 0.05390625 0.03984375
7 0.128125 0.48359375 0.0609375 0.0484375
25 0.19765625 0.49921875 0.0359375 0.0796875
17 0.296875 0.52734375 0.07578125 0.0515625
4 0.378125 0.52890625 0.05 0.0671875
31 0.43984375 0.5296875 0.0375 0.06328125
1 0.50234375 0.4828125 0.0484375 0.059375
25 0.584375 0.534375 0.0421875 0.05859375
2 0.6234375 0.47890625 0.08671875 0.0359375
3 0.7890625 0.5046875 0.0953125 0.11328125
33 0.7015625 0.69921875 0.03125 0.10546875
5 0.615625 0.6875 0.03046875 0.1046875
12 0.50546875 0.68984375 0.03828125 0.10703125
20 0.42734375 0.69765625 0.046875 0.10859375
21 0.31953125 0.715625 0.04140625 0.0984375
18 0.1984375 0.6625 0.04453125 0.08203125
18 0.13046875 0.66875 0.05234375 0.09140625