25 0.0671875 0.18828125 0.0484375 0.1375
34 0.1234375 0.18828125 0.04921875 0.13828125
34 0.16796875 0.1921875 0.0328125 0.12890625
25 0.209375 0.19375 0.0421875 0.12890625
34 0.25546875 0.19921875 0.04609375 0.12890625
35 0.30078125 0.20078125 0.040625 0.1265625
35 0.34296875 0.19921875 0.03828125 0.1203125
35 0.3828125 0.20078125 0.0359375 0.12109375
35 0.42578125 0.1921875 0.02734375 0.10703125
35 0.46875 0.19921875 0.0546875 0.11015625
28 0.53046875 0.19921875 0.0484375 0.11484375
28 0.58984375 0.2015625 0.046875 0.11171875
25 0.6546875 0.20859375 0.053125 0.09765625
28 0.71328125 0.21171875 0.0453125 0.09609375
25 0.7765625 0.203125 0.0453125 0.1125
8 0.85625 0.20078125 0.065625 0.11640625
25 0.93046875 0.19296875 0.0734375 0.12734375
9 0.92265625 0.40625 0.053125 0.096875
9 0.86796875 0.42890625 0.05 0.0875
10 0.8140625 0.44296875 0.05078125 0.0546875
25 0.753125 0.44140625 0.06328125 0.0671875
15 0.68984375 0.44453125 0.05 0.04453125
25 0.63671875 0.43203125 0.05078125 0.05078125
26 0.57421875 0.4109375 0.05 0.08359375
26 0.51015625 0.434375 0.0546875 0.0734375
14 0.46484375 0.396875 0.0328125 0.0515625
14 0.43046875 0.41640625 0.0296875 0.0859375
14 0.36953125 0.425 0.04375 0.08046875
13 0.31875 0.4375 0.0515625 0.06171875
13 0.27734375 0.4203125 0.02734375 0.08359375
36 0.23671875 0.421875 0.04375 0.08046875
25 0.18046875 0.434375 0.04375 0.08828125
29 0.10703125 0.42734375 0.0453125 0.0796875
29 0.14453125 0.421875 0.02421875 0.0796875
7 0.09453125 0.59375 0.0234375 0.0546875
7 0.12421875 0.58125 0.03046875 0.0546875
25 0.17265625 0.6 0.03984375 0.06796875
11 0.26484375 0.553125 0.03515625 0.04296875
11 0.259375 0.5984375 0.03203125 0.04453125
11 0.22578125 0.55546875 0.0328125 0.04453125
32 0.2953125 0.60546875 0.0328125 0.05859375
25 0.33203125 0.6046875 0.0296875 0.05703125
17 0.3640625 0.58359375 0.03125 0.0515625
4 0.39921875 0.60234375 0.03046875 0.053125
25 0.44921875 0.59765625 0.03671875 0.05546875
17 0.49765625 0.5765625 0.03828125 0.04921875
4 0.53125 0.60703125 0.025 0.0515625
31 0.5625 0.59609375 0.03359375 0.053125
1 0.60859375 0.58515625 0.0421875 0.0515625
1 0.65390625 0.6125 0.040625 0.05859375
0 0.69453125 0.61875 0.03125 0.0375
2 0.7234375 0.5984375 0.02109375 0.07734375
2 0.746875 0.60234375 0.021875 0.0765625
2 0.76953125 0.6 0.02109375 0.06328125
2 0.81171875 0.5984375 0.04140625 0.0734375
3 0.88046875 0.60625 0.0859375 0.0796875
33 0.8046875 0.7671875 0.025 0.08046875
5 0.73671875 0.765625 0.02265625 0.0796875
30 0.69609375 0.7453125 0.0234375 0.10234375
12 0.6484375 0.734375 0.028125 0.0796875
12 0.62109375 0.7265625 0.0234375 0.078125
25 0.58984375 0.7625 0.0296875 0.078125
20 0.5578125 0.7609375 0.03125 0.07734375
21 0.50625 0.74609375 0.02421875 0.075
21 0.47109375 0.76015625 0.0296875 0.0828125
20 0.4171875 0.7546875 0.02265625 0.0734375
21 0.3515625 0.7546875 0.0234375 0.07265625
21 0.37265625 0.7421875 0.015625 0.07578125
22 0.28515625 0.76015625 0.0359375 0.07109375
19 0.24375 0.7640625 0.04140625 0.0703125
18 0.203125 0.7703125 0.03515625 0.0703125
18 0.16015625 0.7640625 0.03515625 0.07578125
18 0.115625 0.77265625 0.04765625 0.06796875