34 0.0421875 0.28046875 0.04296875 0.07734375
34 0.09140625 0.27890625 0.046875 0.07578125
34 0.14296875 0.275 0.04375 0.078125
34 0.1953125 0.28203125 0.05078125 0.07265625
34 0.25 0.2828125 0.05078125 0.0734375
35 0.30625 0.28125 0.053125 0.06875
35 0.3640625 0.2828125 0.04765625 0.0703125
35 0.41015625 0.28515625 0.034375 0.0640625
35 0.453125 0.28515625 0.0453125 0.06640625
28 0.51640625 0.2828125 0.05390625 0.065625
28 0.58046875 0.28125 0.059375 0.06640625
28 0.64296875 0.28515625 0.05078125 0.0609375
28 0.6921875 0.2796875 0.04765625 0.05
28 0.746875 0.2796875 0.053125 0.06171875
8 0.81875 0.271875 0.0796875 0.06875
8 0.88984375 0.26953125 0.05625 0.0703125
9 0.87578125 0.40078125 0.0734375 0.0734375
10 0.76640625 0.39921875 0.0609375 0.05234375
24 0.7015625 0.40625 0.059375 0.04453125
15 0.64140625 0.4109375 0.05 0.034375
27 0.590625 0.4 0.0453125 0.05234375
26 0.53125 0.40390625 0.046875 0.053125
26 0.4765625 0.409375 0.0578125 0.059375
14 0.42265625 0.38984375 0.0421875 0.059375
13 0.36015625 0.396875 0.05390625 0.0625
13 0.303125 0.3984375 0.053125 0.06171875
36 0.2421875 0.40390625 0.05703125 0.0609375
36 0.190625 0.4 0.03984375 0.06171875
29 0.1421875 0.40234375 0.046875 0.05546875
29 0.0875 0.403125 0.0515625 0.059375
7 0.1171875 0.5 0.04140625 0.04921875
7 0.16015625 0.5125 0.03515625 0.04375
6 0.20390625 0.5140625 0.046875 0.0484375
11 0.25703125 0.50546875 0.0421875 0.0359375
11 0.2984375 0.49609375 0.04140625 0.04609375
32 0.33984375 0.51015625 0.03515625 0.0453125
16 0.378125 0.50859375 0.0328125 0.046875
17 0.42421875 0.5171875 0.04609375 0.05859375
4 0.475 0.51640625 0.03046875 0.05703125
31 0.515625 0.50625 0.03125 0.05234375
1 0.559375 0.51171875 0.04921875 0.0546875
1 0.6078125 0.51328125 0.04140625 0.05703125
0 0.64921875 0.5140625 0.03671875 0.046875
0 0.7390625 0.52421875 0.10078125 0.05703125
2 0.86015625 0.52734375 0.12265625 0.05859375
33 0.8296875 0.63203125 0.03203125 0.05859375
5 0.74921875 0.6265625 0.0296875 0.065625
30 0.70546875 0.61484375 0.0328125 0.0703125
12 0.59921875 0.62265625 0.034375 0.0578125
20 0.553125 0.62421875 0.034375 0.0546875
20 0.51796875 0.62734375 0.03125 0.05390625
21 0.4796875 0.61640625 0.0359375 0.05390625
21 0.44140625 0.6140625 0.03671875 0.0546875
23 0.38984375 0.628125 0.05625 0.0546875
22 0.33515625 0.62265625 0.046875 0.04921875
19 0.2796875 0.62734375 0.05234375 0.05078125
18 0.22890625 0.628125 0.04453125 0.05
18 0.184375 0.625 0.0375 0.05
18 0.14140625 0.628125 0.04453125 0.0546875
18 0.0953125 0.62890625 0.04375 0.05234375