25 0.06328125 0.14375 0.0375 0.14140625
34 0.10859375 0.16875 0.04921875 0.09375
25 0.15703125 0.15546875 0.04296875 0.121875
34 0.20859375 0.15859375 0.053125 0.1203125
25 0.25859375 0.16796875 0.040625 0.0953125
35 0.303125 0.15859375 0.04453125 0.11953125
25 0.35625 0.1703125 0.0546875 0.0953125
35 0.40078125 0.171875 0.02890625 0.0890625
35 0.440625 0.1671875 0.04140625 0.10078125
28 0.50234375 0.1734375 0.0359375 0.0984375
25 0.5390625 0.17421875 0.03046875 0.096875
28 0.58125 0.17265625 0.03671875 0.090625
28 0.621875 0.18046875 0.0375 0.08828125
28 0.665625 0.1828125 0.04140625 0.0859375
25 0.7828125 0.18125 0.07734375 0.0859375
8 0.84296875 0.16640625 0.03828125 0.1171875
8 0.8859375 0.1765625 0.04375 0.09921875
9 0.80390625 0.35390625 0.046875 0.0609375
25 0.8890625 0.4046875 0.0609375 0.05859375
24 0.715625 0.39765625 0.06875 0.0671875
25 0.63125 0.40703125 0.05078125 0.05078125
27 0.578125 0.3984375 0.04609375 0.0515625
25 0.52109375 0.3875 0.04609375 0.08125
26 0.47421875 0.38046875 0.03828125 0.0796875
25 0.39375 0.403125 0.04921875 0.065625
13 0.334375 0.390625 0.0578125 0.1015625
25 0.278125 0.3984375 0.04921875 0.07421875
36 0.22890625 0.3703125 0.040625 0.0515625
36 0.18828125 0.3703125 0.03515625 0.05
25 0.15390625 0.40234375 0.02734375 0.06875
29 0.09921875 0.38203125 0.04765625 0.1
25 0.05625 0.3921875 0.03515625 0.0859375
7 0.07890625 0.5890625 0.04453125 0.05703125
25 0.1265625 0.59296875 0.04453125 0.06640625
6 0.18125 0.59453125 0.046875 0.08515625
25 0.23046875 0.6 0.046875 0.05390625
11 0.2828125 0.59765625 0.04921875 0.05234375
25 0.33359375 0.59921875 0.04375 0.0734375
16 0.3734375 0.59921875 0.0296875 0.04296875
25 0.4140625 0.59921875 0.04609375 0.06015625
4 0.48671875 0.5953125 0.04453125 0.0640625
25 0.534375 0.5921875 0.03203125 0.06640625
1 0.578125 0.59453125 0.04375 0.0734375
25 0.6328125 0.58671875 0.04609375 0.0625
0 0.67421875 0.57890625 0.028125 0.04921875
2 0.703125 0.5921875 0.021875 0.07890625
2 0.728125 0.59140625 0.02109375 0.0796875
2 0.75234375 0.58671875 0.02265625 0.07890625
2 0.77578125 0.58515625 0.01875 0.07890625
2 0.80078125 0.58828125 0.02578125 0.08359375
3 0.86953125 0.58828125 0.10859375 0.0859375
33 0.853125 0.80625 0.028125 0.11171875
5 0.7875 0.80546875 0.0265625 0.11875
30 0.7125 0.78203125 0.02421875 0.14375
12 0.63515625 0.79140625 0.03671875 0.115625
20 0.55625 0.80546875 0.0328125 0.11171875
20 0.51796875 0.8046875 0.03515625 0.115625
21 0.4484375 0.8 0.02578125 0.11484375
21 0.478125 0.77109375 0.0296875 0.096875
21 0.41640625 0.7828125 0.02421875 0.10234375
21 0.3953125 0.75546875 0.0140625 0.08671875
23 0.35234375 0.78515625 0.05 0.096875
22 0.30390625 0.70859375 0.04140625 0.06484375
19 0.2609375 0.78828125 0.04453125 0.08828125
18 0.2 0.71484375 0.04140625 0.06484375
18 0.16953125 0.7921875 0.04921875 0.08671875
18 0.12421875 0.71328125 0.04140625 0.0640625
18 0.07734375 0.7890625 0.05078125 0.08125