26 0.4890625 0.35 0.06171875 0.096875
26 0.55078125 0.34609375 0.053125 0.09609375
28 0.53671875 0.12734375 0.046875 0.1109375
28 0.5953125 0.13984375 0.04921875 0.09296875
28 0.6515625 0.128125 0.05234375 0.10703125
28 0.70703125 0.13359375 0.053125 0.09609375
13 0.31328125 0.34765625 0.0578125 0.08984375
13 0.37109375 0.34765625 0.04765625 0.0953125
1 0.609375 0.56328125 0.0515625 0.071875
19 0.284375 0.75078125 0.046875 0.09609375
23 0.3796875 0.75234375 0.0484375 0.0984375
20 0.55625 0.7640625 0.0296875 0.10703125
20 0.59140625 0.76171875 0.0328125 0.103125
30 0.74609375 0.73359375 0.0296875 0.13125
2 0.7828125 0.5515625 0.1015625 0.07734375
34 0.08515625 0.13046875 0.04453125 0.090625
34 0.13828125 0.1265625 0.04765625 0.09921875
34 0.1828125 0.13125 0.02578125 0.0921875
34 0.225 0.1171875 0.05 0.11640625
34 0.27890625 0.12578125 0.0453125 0.09921875
35 0.33046875 0.1328125 0.046875 0.0953125
35 0.38046875 0.134375 0.04296875 0.08203125
35 0.4234375 0.12890625 0.0328125 0.08828125
35 0.4796875 0.128125 0.059375 0.09375
28 0.7640625 0.13984375 0.0484375 0.08671875
8 0.82265625 0.1328125 0.053125 0.10703125
8 0.896875 0.13828125 0.075 0.0984375
29 0.0890625 0.34453125 0.0546875 0.09140625
29 0.14296875 0.34609375 0.0421875 0.0765625
36 0.20078125 0.34296875 0.05078125 0.090625
36 0.25703125 0.3484375 0.04765625 0.08046875
14 0.4234375 0.33984375 0.046875 0.0765625
27 0.61015625 0.365625 0.04453125 0.0671875
15 0.66875 0.36484375 0.059375 0.06640625
24 0.73515625 0.365625 0.0671875 0.0609375
10 0.803125 0.3734375 0.05234375 0.05078125
9 0.85703125 0.34609375 0.0515625 0.0734375
9 0.91875 0.35390625 0.0640625 0.08359375
7 0.09453125 0.55234375 0.04140625 0.05625
7 0.15390625 0.53125 0.04140625 0.07265625
6 0.20703125 0.54921875 0.0484375 0.0796875
11 0.25625 0.5640625 0.046875 0.05
11 0.30390625 0.56171875 0.0421875 0.05625
32 0.35234375 0.5578125 0.04140625 0.065625
16 0.396875 0.5640625 0.0359375 0.0546875
17 0.47109375 0.56171875 0.0453125 0.0703125
4 0.52421875 0.565625 0.0328125 0.059375
31 0.56484375 0.5625 0.03515625 0.05859375
1 0.6640625 0.56875 0.05 0.0578125
0 0.7109375 0.571875 0.03359375 0.03984375
3 0.90625 0.55390625 0.12578125 0.08671875
18 0.0953125 0.76328125 0.04375 0.08984375
18 0.14375 0.75859375 0.0421875 0.09140625
18 0.190625 0.7546875 0.04375 0.0921875
18 0.23671875 0.75546875 0.0421875 0.09609375
22 0.33125 0.74921875 0.04453125 0.09375
21 0.45625 0.75390625 0.0359375 0.1
21 0.496875 0.75390625 0.03984375 0.096875
12 0.6625 0.74609375 0.0390625 0.10859375
5 0.81640625 0.75390625 0.028125 0.10234375
33 0.884375 0.75546875 0.03203125 0.1046875