28 0.90390625 0.8078125 0.03984375 0.0921875
12 0.82421875 0.7921875 0.0328125 0.103125
33 0.796875 0.77578125 0.01640625 0.090625
24 0.73671875 0.82265625 0.1015625 0.0625
12 0.59921875 0.76875 0.0328125 0.096875
20 0.5171875 0.7890625 0.0765625 0.04296875
20 0.50078125 0.7359375 0.03046875 0.05234375
20 0.53359375 0.73515625 0.03203125 0.046875
21 0.46015625 0.73203125 0.03671875 0.0703125
21 0.38125 0.70703125 0.0375 0.0953125
23 0.3859375 0.7921875 0.04765625 0.0703125
34 0.2484375 0.73359375 0.0953125 0.06484375
18 0.225 0.8140625 0.05 0.075
18 0.1671875 0.80234375 0.04609375 0.06796875
29 0.14296875 0.71875 0.03828125 0.0890625
19 0.10390625 0.76171875 0.0328125 0.07265625
18 0.04375 0.71328125 0.06015625 0.0828125
29 0.203125 0.5609375 0.0359375 0.1046875
20 0.31484375 0.57421875 0.0296875 0.103125
17 0.3953125 0.51953125 0.03046875 0.08984375
21 0.36328125 0.5359375 0.02578125 0.0828125
16 0.3625 0.6015625 0.046875 0.0421875
17 0.440625 0.52734375 0.040625 0.0859375
20 0.48984375 0.6140625 0.078125 0.05
35 0.48203125 0.5203125 0.03515625 0.0765625
5 0.56796875 0.565625 0.02421875 0.090625
36 0.61484375 0.52578125 0.04453125 0.075
28 0.6375 0.60078125 0.06015625 0.071875
28 0.86953125 0.57265625 0.0421875 0.0609375
9 0.79453125 0.3484375 0.04453125 0.06328125
8 0.71640625 0.3515625 0.05390625 0.0671875
32 0.6859375 0.40703125 0.06953125 0.03359375
13 0.6359375 0.34140625 0.05546875 0.0640625
26 0.58125 0.32578125 0.05 0.040625
27 0.5734375 0.3703125 0.0546875 0.04140625
36 0.18203125 0.34765625 0.0609375 0.0625
5 0.09609375 0.36796875 0.0296875 0.096875
29 0.06328125 0.36171875 0.03203125 0.084375
35 0.43203125 0.175 0.040625 0.053125
28 0.50390625 0.13515625 0.053125 0.0390625
18 0.6015625 0.1734375 0.0640625 0.078125
8 0.78984375 0.16875 0.0640625 0.0984375
26 0.4359375 0.35390625 0.04765625 0.04609375
36 0.24296875 0.36484375 0.0453125 0.05
14 0.396875 0.36796875 0.0234375 0.08125
30 0.57109375 0.74609375 0.01953125 0.12109375
34 0.115625 0.175 0.0359375 0.06796875
25 0.0734375 0.1734375 0.0359375 0.075
25 0.15703125 0.0984375 0.1109375 0.06484375
25 0.16328125 0.171875 0.0515625 0.07265625
34 0.20546875 0.16484375 0.02734375 0.03984375
25 0.2390625 0.159375 0.03515625 0.09609375
25 0.284375 0.10703125 0.0328125 0.059375
34 0.27109375 0.184375 0.02734375 0.0484375
13 0.3578125 0.15546875 0.04296875 0.053125
35 0.31015625 0.16484375 0.040625 0.0390625
22 0.59921875 0.0921875 0.06015625 0.07734375
25 0.5375 0.18828125 0.06015625 0.046875
28 0.66640625 0.15703125 0.03671875 0.0375
10 0.665625 0.1984375 0.0515625 0.034375
9 0.71796875 0.13984375 0.05703125 0.07265625
25 0.90859375 0.17265625 0.04765625 0.08125
8 0.85546875 0.178125 0.03359375 0.07421875
29 0.13046875 0.35703125 0.03515625 0.0671875
36 0.184375 0.4 0.06875 0.03671875
32 0.2390625 0.31328125 0.03046875 0.04453125
13 0.2859375 0.39296875 0.0375 0.04921875
13 0.3515625 0.33125 0.05 0.0296875
25 0.309375 0.33984375 0.03203125 0.04375
26 0.48828125 0.39921875 0.03671875 0.03203125
26 0.5 0.3625 0.04921875 0.03671875
35 0.578125 0.409375 0.07265625 0.03359375
25 0.7828125 0.40625 0.07109375 0.0375
9 0.83671875 0.3578125 0.0328125 0.0875
25 0.875 0.36015625 0.0375 0.08359375
25 0.04296875 0.53359375 0.05859375 0.03359375
6 0.1296875 0.5390625 0.05625 0.04609375
25 0.0953125 0.60078125 0.04609375 0.0546875
18 0.0375 0.5953125 0.05625 0.06796875
9 0.27421875 0.56015625 0.04296875 0.0890625
25 0.71015625 0.61484375 0.03359375 0.0296875
2 0.74609375 0.58828125 0.03359375 0.07578125
3 0.83125 0.5921875 0.0234375 0.06640625
28 0.7296875 0.76640625 0.07265625 0.03515625
18 0.06171875 0.7921875 0.046875 0.053125
18 0.27734375 0.809375 0.0453125 0.05078125
21 0.425 0.73125 0.02890625 0.06640625
20 0.43671875 0.8140625 0.04140625 0.0765625
25 0.6578125 0.80703125 0.03203125 0.06484375
3 0.86171875 0.79765625 0.034375 0.1203125