34 0.084375 0.16171875 0.0421875 0.0890625
25 0.14765625 0.16171875 0.034375 0.1015625
34 0.18125 0.16640625 0.02578125 0.090625
25 0.215625 0.1671875 0.03984375 0.09765625
34 0.25390625 0.15859375 0.0328125 0.09609375
35 0.3140625 0.18671875 0.0421875 0.07109375
35 0.28203125 0.16171875 0.01796875 0.09609375
35 0.403125 0.1859375 0.04140625 0.06328125
28 0.45234375 0.15859375 0.03671875 0.0375
25 0.47578125 0.1875 0.07109375 0.01640625
28 0.49453125 0.15546875 0.0359375 0.03984375
25 0.54375 0.18984375 0.04296875 0.0609375
28 0.5640625 0.13671875 0.0546875 0.0328125
28 0.5875 0.18359375 0.02890625 0.046875
25 0.6375 0.20625 0.06796875 0.02734375
28 0.62890625 0.1640625 0.040625 0.0453125
8 0.66953125 0.1546875 0.03828125 0.06328125
25 0.7125 0.18046875 0.04453125 0.0734375
25 0.7765625 0.34765625 0.07109375 0.0609375
10 0.684375 0.3484375 0.05625 0.05390625
25 0.62421875 0.346875 0.05546875 0.0625
15 0.56953125 0.35 0.04765625 0.0453125
27 0.51796875 0.32734375 0.04453125 0.0515625
26 0.4578125 0.325 0.03515625 0.06484375
26 0.4140625 0.3484375 0.0453125 0.05625
14 0.353125 0.340625 0.028125 0.05625
14 0.38046875 0.315625 0.0203125 0.06484375
13 0.309375 0.3453125 0.0484375 0.05078125
13 0.265625 0.3203125 0.03359375 0.065625
36 0.225 0.30859375 0.0375 0.071875
25 0.17734375 0.340625 0.0421875 0.07578125
29 0.13515625 0.31171875 0.03828125 0.075
29 0.0953125 0.29609375 0.0359375 0.0671875
29 0.0875 0.3578125 0.05 0.03984375
7 0.10546875 0.48046875 0.06484375 0.02890625
25 0.09765625 0.43828125 0.0328125 0.05
7 0.1328125 0.434375 0.0296875 0.04921875
25 0.17421875 0.48203125 0.0375 0.0609375
6 0.17890625 0.4296875 0.0375 0.04140625
25 0.22421875 0.4796875 0.04296875 0.03984375
25 0.23046875 0.4421875 0.04375 0.0296875
32 0.2734375 0.45078125 0.03125 0.05
25 0.30703125 0.46953125 0.03046875 0.04140625
16 0.303125 0.434375 0.025 0.025
16 0.35859375 0.45 0.02421875 0.040625
25 0.33515625 0.4921875 0.01796875 0.05
17 0.3734375 0.490625 0.0453125 0.034375
17 0.39765625 0.4421875 0.034375 0.04140625
4 0.42890625 0.4625 0.0234375 0.04140625
4 0.42265625 0.503125 0.0421875 0.03125
31 0.4578125 0.484375 0.02421875 0.053125
31 0.4625 0.44296875 0.0234375 0.02578125
1 0.5015625 0.48046875 0.04140625 0.06015625
1 0.54140625 0.46953125 0.03359375 0.04453125
25 0.57734375 0.490625 0.03046875 0.03671875
2 0.60625 0.4765625 0.02421875 0.0828125
2 0.64296875 0.475 0.0328125 0.075
2 0.68828125 0.47734375 0.0390625 0.08203125
3 0.75 0.484375 0.078125 0.08828125
33 0.70078125 0.65546875 0.02578125 0.08828125
5 0.62578125 0.65546875 0.0234375 0.09609375
30 0.58203125 0.63125 0.02265625 0.11328125
12 0.5296875 0.61640625 0.03046875 0.0890625
20 0.4734375 0.6515625 0.03046875 0.08984375
20 0.44609375 0.628125 0.021875 0.08359375
21 0.3890625 0.62890625 0.02265625 0.090625
21 0.35 0.6578125 0.02421875 0.09609375
22 0.2625 0.5953125 0.0375 0.06796875
19 0.221875 0.59765625 0.03828125 0.06171875
18 0.171875 0.590625 0.03359375 0.06875
18 0.1296875 0.6 0.03984375 0.06328125
18 0.0890625 0.57890625 0.03515625 0.059375