34 0.10859375 0.18203125 0.04296875 0.08828125
34 0.15 0.1859375 0.0328125 0.07421875
34 0.18984375 0.1828125 0.040625 0.08515625
34 0.2359375 0.18984375 0.0359375 0.0671875
34 0.28046875 0.1953125 0.040625 0.05859375
35 0.325 0.19375 0.04140625 0.05859375
35 0.37109375 0.19921875 0.04296875 0.05625
35 0.43671875 0.203125 0.0328125 0.04296875
35 0.48046875 0.1953125 0.04453125 0.06171875
28 0.54375 0.19765625 0.0453125 0.05859375
28 0.59765625 0.19921875 0.0546875 0.0671875
28 0.69609375 0.2015625 0.053125 0.05234375
28 0.6484375 0.2046875 0.034375 0.05078125
28 0.7578125 0.203125 0.04453125 0.0578125
8 0.8171875 0.18828125 0.0640625 0.0734375
8 0.88359375 0.1875 0.0609375 0.07734375
29 0.10234375 0.36328125 0.046875 0.08046875
29 0.1578125 0.36953125 0.03828125 0.06796875
36 0.2078125 0.3609375 0.04296875 0.08828125
36 0.25703125 0.36328125 0.04375 0.0796875
13 0.30859375 0.365625 0.04921875 0.08203125
13 0.36328125 0.36484375 0.0484375 0.0859375
14 0.4359375 0.37109375 0.0390625 0.06328125
26 0.4890625 0.3640625 0.0453125 0.07421875
26 0.53984375 0.37265625 0.046875 0.0625
27 0.59609375 0.3734375 0.04375 0.0390625
15 0.646875 0.38515625 0.04453125 0.0359375
24 0.70234375 0.3796875 0.059375 0.03984375
33 0.76015625 0.36328125 0.02265625 0.08203125
9 0.80703125 0.371875 0.04765625 0.06328125
9 0.86796875 0.3703125 0.05546875 0.06875
6 0.08828125 0.57109375 0.0515625 0.0375
6 0.16796875 0.5515625 0.05 0.0328125
7 0.12265625 0.50859375 0.040625 0.03125
7 0.165625 0.51015625 0.03359375 0.0421875
7 0.2234375 0.575 0.05703125 0.03203125
11 0.2328125 0.52421875 0.02734375 0.0421875
11 0.28125 0.51953125 0.04375 0.0453125
32 0.33515625 0.53046875 0.0359375 0.04140625
25 0.325 0.575 0.08203125 0.03203125
12 0.3859375 0.5390625 0.025 0.0953125
21 0.41640625 0.5015625 0.0296875 0.05234375
16 0.4265625 0.5640625 0.05234375 0.040625
4 0.4875 0.5640625 0.04140625 0.02734375
30 0.52578125 0.51484375 0.025 0.109375
5 0.6234375 0.54296875 0.02421875 0.09765625
33 0.64921875 0.54375 0.0234375 0.0890625
0 0.6765625 0.5484375 0.0265625 0.03046875
0 0.75625 0.565625 0.04375 0.015625
5 0.79140625 0.54140625 0.02265625 0.09375
3 0.86796875 0.55703125 0.05234375 0.05703125
2 0.9375 0.56171875 0.05546875 0.04296875
18 0.078125 0.6953125 0.04921875 0.0703125
18 0.07421875 0.76640625 0.05234375 0.06171875
18 0.140625 0.753125 0.0609375 0.0703125
18 0.2078125 0.746875 0.06171875 0.07265625
19 0.265625 0.746875 0.04609375 0.090625
23 0.3109375 0.7359375 0.0375 0.08359375
23 0.35859375 0.75390625 0.04765625 0.09375
23 0.4046875 0.70703125 0.0375 0.0828125
21 0.44296875 0.74140625 0.02421875 0.10390625
21 0.475 0.74140625 0.03359375 0.0921875
20 0.5390625 0.759375 0.07734375 0.0453125
20 0.56328125 0.709375 0.0265625 0.05234375
20 0.5953125 0.72265625 0.03125 0.103125
12 0.63125 0.69921875 0.02734375 0.09375
30 0.65859375 0.69296875 0.021875 0.1203125