34 0.05625 0.334375 0.03671875 0.06171875
34 0.10546875 0.33203125 0.05 0.06484375
34 0.16171875 0.33359375 0.0390625 0.06484375
34 0.2140625 0.33515625 0.04453125 0.0578125
34 0.26875 0.33828125 0.05078125 0.05703125
35 0.325 0.33984375 0.04375 0.05234375
35 0.38125 0.3421875 0.05234375 0.0484375
35 0.43046875 0.34375 0.0375 0.04375
35 0.4796875 0.34140625 0.046875 0.0515625
28 0.54140625 0.3421875 0.05 0.04921875
28 0.603125 0.34140625 0.05 0.05
28 0.66875 0.34375 0.04765625 0.04453125
28 0.7203125 0.3421875 0.04375 0.04609375
28 0.77265625 0.3421875 0.04921875 0.04921875
8 0.85390625 0.3359375 0.07265625 0.05390625
8 0.92265625 0.33671875 0.05703125 0.05625
9 0.92109375 0.459375 0.071875 0.0578125
10 0.80859375 0.46875 0.065625 0.03828125
24 0.73828125 0.47265625 0.0671875 0.0296875
15 0.671875 0.4734375 0.0578125 0.02734375
27 0.615625 0.46875 0.05 0.03515625
26 0.55546875 0.465625 0.05234375 0.04375
26 0.4953125 0.46640625 0.05625 0.04296875
14 0.440625 0.46171875 0.040625 0.05
13 0.37265625 0.46328125 0.04921875 0.05234375
13 0.3125 0.4609375 0.053125 0.05859375
36 0.2453125 0.46171875 0.0578125 0.0578125
36 0.19296875 0.46328125 0.04296875 0.05390625
29 0.13984375 0.46875 0.05078125 0.0421875
29 0.078125 0.4671875 0.053125 0.04921875
7 0.0765625 0.58671875 0.04453125 0.03984375
7 0.1203125 0.5875 0.03046875 0.0328125
6 0.17109375 0.5890625 0.04453125 0.046875
11 0.2234375 0.590625 0.0421875 0.0328125
11 0.26875 0.590625 0.0359375 0.034375
32 0.3171875 0.59140625 0.040625 0.0375
16 0.3796875 0.57890625 0.03828125 0.05625
17 0.4296875 0.584375 0.04609375 0.0578125
4 0.48203125 0.5796875 0.04140625 0.0578125
31 0.53046875 0.58359375 0.03984375 0.04765625
1 0.58203125 0.5828125 0.04921875 0.053125
1 0.63671875 0.5828125 0.04921875 0.05390625
0 0.6984375 0.60546875 0.04296875 0.021875
3 0.740625 0.5984375 0.02578125 0.0296875
3 0.76796875 0.59765625 0.025 0.0296875
3 0.796875 0.59921875 0.025 0.02890625
3 0.82890625 0.60078125 0.0296875 0.02734375
2 0.9171875 0.6015625 0.1359375 0.02890625
33 0.8828125 0.7171875 0.0296875 0.06328125
5 0.79140625 0.71171875 0.02890625 0.06796875
30 0.740625 0.7 0.02890625 0.0828125
12 0.61875 0.70859375 0.03671875 0.06484375
20 0.565625 0.7125 0.0328125 0.0578125
20 0.53046875 0.7125 0.0328125 0.06015625
21 0.48515625 0.703125 0.04140625 0.06328125
21 0.43828125 0.703125 0.03984375 0.0609375
23 0.37890625 0.715625 0.06171875 0.0515625
22 0.315625 0.71328125 0.05703125 0.0515625
19 0.25390625 0.71484375 0.059375 0.05078125
18 0.19609375 0.715625 0.04921875 0.0484375
18 0.14609375 0.7140625 0.04375 0.0515625
18 0.09375 0.71640625 0.04765625 0.05234375