34 0.090625 0.1109375 0.04375 0.09765625
34 0.1359375 0.10859375 0.0421875 0.10078125
34 0.16796875 0.1234375 0.0171875 0.0734375
34 0.23046875 0.11640625 0.02265625 0.08359375
34 0.26171875 0.11796875 0.0328125 0.075
25 0.19765625 0.1125 0.034375 0.09375
35 0.30390625 0.12109375 0.04765625 0.0796875
35 0.34921875 0.12421875 0.03671875 0.071875
35 0.38125 0.12578125 0.01953125 0.06953125
35 0.41796875 0.1265625 0.04765625 0.07109375
35 0.47265625 0.13046875 0.05390625 0.06640625
28 0.53515625 0.121875 0.05078125 0.0828125
28 0.63046875 0.13515625 0.04609375 0.06484375
28 0.6828125 0.13359375 0.05234375 0.07578125
28 0.73984375 0.13515625 0.05546875 0.06953125
12 0.5796875 0.12578125 0.03203125 0.08359375
8 0.80625 0.1234375 0.0703125 0.09375
8 0.85859375 0.13671875 0.02734375 0.0734375
25 0.89453125 0.125 0.03671875 0.0859375
34 0.090625 0.27890625 0.0453125 0.0984375
29 0.1421875 0.284375 0.05 0.09375
36 0.18828125 0.25703125 0.03046875 0.04921875
36 0.24765625 0.3 0.040625 0.06875
25 0.196875 0.3109375 0.05390625 0.05
13 0.28984375 0.28125 0.0328125 0.08203125
13 0.334375 0.2953125 0.04921875 0.06640625
21 0.37578125 0.29453125 0.025 0.0796875
14 0.4078125 0.2984375 0.03359375 0.059375
26 0.45703125 0.3 0.0578125 0.07421875
26 0.51953125 0.29609375 0.04765625 0.078125
25 0.571875 0.31484375 0.05078125 0.05859375
15 0.6296875 0.32578125 0.05703125 0.0359375
25 0.6390625 0.29140625 0.05859375 0.02734375
10 0.70078125 0.31484375 0.0453125 0.046875
25 0.75390625 0.315625 0.05390625 0.04765625
9 0.809375 0.29375 0.05 0.075
9 0.8875 0.3046875 0.04765625 0.06484375
30 0.84921875 0.28515625 0.02265625 0.103125
6 0.08125 0.42890625 0.07265625 0.0265625
6 0.18671875 0.43984375 0.0390625 0.0578125
6 0.2703125 0.434375 0.04140625 0.05078125
7 0.1421875 0.440625 0.040625 0.02421875
11 0.2265625 0.446875 0.034375 0.04375
11 0.12421875 0.48203125 0.03671875 0.05
11 0.26796875 0.4828125 0.040625 0.0375
28 0.1921875 0.4890625 0.08515625 0.03125
18 0.07109375 0.478125 0.05859375 0.06015625
25 0.3140625 0.4640625 0.03671875 0.07421875
16 0.3796875 0.4703125 0.040625 0.03359375
17 0.425 0.484375 0.0421875 0.06171875
4 0.47421875 0.48359375 0.0453125 0.046875
31 0.5203125 0.47734375 0.03125 0.0484375
25 0.565625 0.478125 0.0484375 0.0453125
1 0.61640625 0.48203125 0.04609375 0.0453125
25 0.6671875 0.4859375 0.03203125 0.0296875
2 0.696875 0.47421875 0.01953125 0.0578125
2 0.721875 0.4765625 0.02265625 0.06015625
2 0.79921875 0.47265625 0.12109375 0.015625
33 0.78828125 0.4328125 0.02265625 0.05703125
3 0.8875 0.4796875 0.05078125 0.06484375
18 0.09765625 0.6359375 0.0546875 0.08203125
18 0.1734375 0.6609375 0.04375 0.0546875
19 0.27109375 0.65390625 0.04375 0.08359375
22 0.31328125 0.63203125 0.0328125 0.0859375
23 0.36015625 0.65703125 0.05390625 0.065625
21 0.42265625 0.6296875 0.02734375 0.08203125
21 0.45234375 0.63828125 0.02578125 0.0890625
20 0.50703125 0.61015625 0.0265625 0.05546875
20 0.5375 0.61953125 0.025 0.07734375
20 0.4921875 0.6796875 0.03359375 0.0734375
20 0.59375 0.6734375 0.078125 0.04921875
12 0.62421875 0.61015625 0.0265625 0.0828125
30 0.68203125 0.60625 0.0203125 0.103125
28 0.7234375 0.65625 0.04921875 0.096875
33 0.79453125 0.61796875 0.02265625 0.07578125
3 0.86953125 0.6609375 0.08359375 0.10859375