34 0.05625 0.1578125 0.04921875 0.10234375
34 0.1046875 0.1578125 0.04140625 0.09765625
34 0.14765625 0.16171875 0.0375 0.0953125
34 0.2078125 0.1359375 0.040625 0.0328125
34 0.253125 0.171875 0.04375 0.075
25 0.203125 0.18125 0.053125 0.046875
35 0.2984375 0.16796875 0.0390625 0.07890625
35 0.34375 0.1703125 0.04765625 0.071875
35 0.39453125 0.171875 0.0453125 0.06171875
35 0.4296875 0.1703125 0.01953125 0.065625
35 0.47109375 0.165625 0.05390625 0.05625
28 0.5328125 0.16171875 0.04453125 0.084375
28 0.5796875 0.1640625 0.0421875 0.0828125
28 0.6984375 0.17734375 0.040625 0.04453125
28 0.6453125 0.1671875 0.06171875 0.0375
28 0.55 0.1015625 0.0671875 0.0296875
25 0.79296875 0.15546875 0.09453125 0.04921875
8 0.85546875 0.159375 0.02578125 0.0734375
8 0.903125 0.14296875 0.06640625 0.10234375
25 0.0375 0.353125 0.05078125 0.11171875
25 0.10078125 0.35703125 0.04296875 0.10234375
25 0.17734375 0.35078125 0.03671875 0.1171875
35 0.13984375 0.346875 0.03125 0.1296875
36 0.21796875 0.36484375 0.04140625 0.09375
13 0.25625 0.36796875 0.03046875 0.09375
34 0.296875 0.35546875 0.04140625 0.10859375
14 0.34921875 0.37890625 0.03984375 0.06796875
25 0.3984375 0.33203125 0.05078125 0.0703125
25 0.43984375 0.384375 0.02734375 0.0625
35 0.4578125 0.3046875 0.0515625 0.05546875
34 0.51015625 0.3328125 0.04375 0.071875
26 0.48671875 0.39296875 0.05703125 0.0421875
27 0.56015625 0.34921875 0.05234375 0.07734375
35 0.59453125 0.27890625 0.04140625 0.05
15 0.60546875 0.38984375 0.03203125 0.0390625
24 0.6609375 0.3796875 0.071875 0.05390625
34 0.7390625 0.3203125 0.0453125 0.05625
10 0.7484375 0.39296875 0.09375 0.0328125
9 0.79453125 0.33671875 0.04609375 0.0625
9 0.8625 0.30234375 0.04765625 0.05234375
9 0.91484375 0.38046875 0.05234375 0.04921875
34 0.8609375 0.3671875 0.0484375 0.06640625
6 0.046875 0.58515625 0.05234375 0.04375
7 0.09140625 0.51484375 0.046875 0.03359375
7 0.06953125 0.54765625 0.053125 0.02109375
28 0.12109375 0.57734375 0.04140625 0.07578125
28 0.1578125 0.52109375 0.04140625 0.03359375
7 0.1859375 0.596875 0.08046875 0.03828125
11 0.2 0.53828125 0.034375 0.04140625
11 0.2453125 0.51796875 0.0421875 0.02734375
28 0.2765625 0.55078125 0.084375 0.03046875
25 0.3171875 0.58984375 0.075 0.03828125
21 0.33984375 0.51328125 0.021875 0.0640625
28 0.3984375 0.5625 0.04765625 0.11875
4 0.45625 0.5953125 0.04921875 0.04296875
31 0.52578125 0.56171875 0.0296875 0.028125
25 0.5140625 0.6015625 0.0578125 0.040625
28 0.6046875 0.584375 0.06875 0.0828125
28 0.68828125 0.55 0.0875 0.034375
28 0.7828125 0.540625 0.04921875 0.040625
0 0.7328125 0.59296875 0.04453125 0.0203125
2 0.7796875 0.5703125 0.08125 0.0125
3 0.85859375 0.5890625 0.05234375 0.0296875
2 0.921875 0.5875 0.04453125 0.04453125
18 0.040625 0.7234375 0.05 0.0671875
18 0.04140625 0.7890625 0.053125 0.05859375
18 0.10703125 0.77578125 0.05625 0.0625
18 0.17578125 0.7703125 0.06171875 0.08125
19 0.23359375 0.7640625 0.04765625 0.090625
19 0.28046875 0.75390625 0.04296875 0.08671875
23 0.33203125 0.7703125 0.05234375 0.0953125
21 0.39375 0.7078125 0.021875 0.08984375
21 0.446875 0.7796875 0.0359375 0.0921875
21 0.47578125 0.7234375 0.01640625 0.08203125
20 0.50859375 0.7984375 0.0703125 0.04765625
20 0.51015625 0.73125 0.02890625 0.08125
20 0.53984375 0.72734375 0.02421875 0.0890625
20 0.56484375 0.7609375 0.01875 0.08984375
30 0.58671875 0.75703125 0.0171875 0.12890625
30 0.63984375 0.7234375 0.015625 0.1171875
12 0.61328125 0.75078125 0.0265625 0.09375
5 0.68125 0.7515625 0.0203125 0.10078125
5 0.828125 0.73125 0.01875 0.08359375
33 0.85078125 0.74609375 0.0203125 0.07578125
33 0.840625 0.8078125 0.040625 0.0375