34 0.0796875 0.12890625 0.034375 0.08828125
34 0.121875 0.128125 0.0390625 0.08671875
34 0.15234375 0.14296875 0.015625 0.05625
34 0.2109375 0.13046875 0.0203125 0.0765625
34 0.24375 0.13125 0.040625 0.07578125
25 0.18046875 0.128125 0.034375 0.08515625
35 0.28359375 0.13203125 0.034375 0.0828125
35 0.32734375 0.13671875 0.040625 0.06328125
35 0.36484375 0.1359375 0.0265625 0.06484375
35 0.39296875 0.134375 0.021875 0.05546875
22 0.43515625 0.1359375 0.05078125 0.04921875
28 0.50546875 0.1375 0.03828125 0.05546875
12 0.5484375 0.12890625 0.03046875 0.07578125
28 0.59453125 0.134375 0.046875 0.06796875
28 0.64453125 0.13515625 0.0453125 0.06328125
28 0.69765625 0.1390625 0.04921875 0.05546875
8 0.7609375 0.12265625 0.06875 0.0875
8 0.8078125 0.13671875 0.01953125 0.05625
25 0.840625 0.12421875 0.04296875 0.0859375
34 0.1140625 0.31328125 0.08671875 0.03359375
29 0.08671875 0.26953125 0.03984375 0.0390625
29 0.1359375 0.2703125 0.04921875 0.04296875
25 0.1875 0.30078125 0.0375 0.05703125
36 0.23203125 0.3 0.03984375 0.059375
13 0.2734375 0.29296875 0.03125 0.06171875
13 0.31484375 0.29296875 0.0375 0.06953125
21 0.353125 0.28984375 0.01484375 0.0703125
21 0.36953125 0.28984375 0.01015625 0.0703125
14 0.39140625 0.29609375 0.02890625 0.05546875
26 0.4359375 0.2921875 0.05234375 0.06484375
26 0.4953125 0.2953125 0.04375 0.0578125
25 0.44765625 0.2421875 0.08671875 0.0265625
25 0.54375 0.30546875 0.05078125 0.05390625
15 0.596875 0.31640625 0.0484375 0.0234375
25 0.60625 0.2890625 0.05390625 0.03046875
10 0.659375 0.30546875 0.04453125 0.04375
25 0.7140625 0.30703125 0.05703125 0.04140625
9 0.76484375 0.2859375 0.03984375 0.07109375
30 0.7984375 0.27265625 0.021875 0.09921875
9 0.82734375 0.29375 0.03203125 0.06171875
6 0.07265625 0.4171875 0.06796875 0.025
18 0.06015625 0.4625 0.0453125 0.06015625
11 0.11484375 0.46875 0.03984375 0.04921875
6 0.1765625 0.4265625 0.03515625 0.0421875
28 0.18203125 0.46875 0.08671875 0.0359375
11 0.253125 0.46796875 0.04140625 0.0421875
6 0.25703125 0.4234375 0.0359375 0.04140625
25 0.30078125 0.453125 0.03984375 0.0734375
16 0.33515625 0.45859375 0.0203125 0.03515625
16 0.3671875 0.4578125 0.03515625 0.02265625
17 0.40546875 0.4609375 0.03515625 0.046875
4 0.45390625 0.471875 0.03828125 0.03671875
31 0.49453125 0.4625 0.03046875 0.05
25 0.53828125 0.45234375 0.0390625 0.0578125
1 0.5828125 0.4625 0.04375 0.0421875
25 0.63203125 0.46640625 0.02890625 0.0265625
21 0.6296875 0.41484375 0.02890625 0.0640625
2 0.6703125 0.45859375 0.04375 0.053125
33 0.74453125 0.41875 0.02421875 0.0515625
2 0.75703125 0.453125 0.1109375 0.01015625
3 0.79765625 0.4734375 0.02890625 0.0234375
3 0.83671875 0.45859375 0.04453125 0.0546875
18 0.09140625 0.6140625 0.040625 0.0734375
18 0.16875 0.634375 0.03828125 0.059375
19 0.25078125 0.6453125 0.0359375 0.065625
34 0.23046875 0.553125 0.08359375 0.040625
23 0.3515625 0.62890625 0.04765625 0.0609375
23 0.3015625 0.5796875 0.03984375 0.06640625
21 0.4109375 0.603125 0.03046875 0.07890625
21 0.446875 0.59140625 0.02890625 0.07421875
20 0.47734375 0.64765625 0.02578125 0.06875
20 0.48671875 0.5875 0.0234375 0.0453125
20 0.51328125 0.59921875 0.02265625 0.06875
20 0.56953125 0.6453125 0.06875 0.0421875
12 0.5921875 0.5859375 0.028125 0.07109375
30 0.64921875 0.58046875 0.01953125 0.1
28 0.69375 0.61875 0.03984375 0.0859375
33 0.753125 0.59375 0.0234375 0.07734375
3 0.81875 0.628125 0.08046875 0.09140625