34 0.125 0.2 0.0375 0.071875
34 0.20234375 0.20390625 0.0328125 0.06484375
34 0.2390625 0.1984375 0.03359375 0.05078125
34 0.26796875 0.23984375 0.065625 0.025
35 0.3328125 0.22265625 0.03984375 0.04609375
35 0.365625 0.2109375 0.0234375 0.05234375
25 0.45859375 0.22734375 0.078125 0.03125
28 0.5390625 0.16796875 0.04765625 0.0546875
28 0.5421875 0.21640625 0.0515625 0.03984375
28 0.6421875 0.1859375 0.04921875 0.09140625
8 0.9046875 0.21796875 0.090625 0.02421875
9 0.88046875 0.3453125 0.04921875 0.06875
9 0.83046875 0.33515625 0.04296875 0.06484375
10 0.81796875 0.39765625 0.053125 0.04921875
9 0.9390625 0.40078125 0.06171875 0.03359375
25 0.67109375 0.39140625 0.04609375 0.0265625
27 0.61484375 0.40859375 0.05 0.040625
25 0.53125 0.3921875 0.06875 0.0265625
26 0.57578125 0.3421875 0.04375 0.06171875
14 0.4796875 0.33984375 0.03828125 0.0578125
14 0.4 0.33125 0.03046875 0.04921875
14 0.41875 0.38359375 0.0390625 0.02578125
25 0.325 0.375 0.07265625 0.028125
13 0.359375 0.33125 0.0375 0.05625
13 0.3171875 0.32890625 0.034375 0.059375
36 0.2296875 0.3625 0.05390625 0.03046875
29 0.178125 0.3359375 0.03359375 0.0578125
25 0.17265625 0.384375 0.04609375 0.02890625
3 0.8875 0.52890625 0.04453125 0.06796875
0 0.71015625 0.55234375 0.0328125 0.03671875
1 0.63828125 0.52265625 0.0421875 0.03046875
2 0.7390625 0.50859375 0.0421875 0.01796875
31 0.58671875 0.54921875 0.028125 0.04453125
4 0.5359375 0.553125 0.04375 0.0359375
17 0.46484375 0.55390625 0.05625 0.03203125
32 0.3609375 0.5328125 0.0734375 0.0359375
11 0.2734375 0.51328125 0.05078125 0.03359375
6 0.209375 0.50625 0.03203125 0.04140625
7 0.1546875 0.4828125 0.0421875 0.02421875
7 0.1125 0.52890625 0.0390625 0.03984375
18 0.14453125 0.6828125 0.0515625 0.07578125
18 0.23828125 0.6046875 0.03515625 0.0265625
18 0.15 0.60390625 0.0359375 0.025
19 0.27578125 0.603125 0.03515625 0.025
19 0.28046875 0.6765625 0.0515625 0.084375
23 0.353125 0.646875 0.046875 0.065625
21 0.4890625 0.66171875 0.0296875 0.0671875
20 0.5875 0.671875 0.028125 0.0671875
12 0.64140625 0.6609375 0.03359375 0.06875
5 0.73828125 0.66171875 0.02421875 0.06796875
33 0.803125 0.66875 0.0265625 0.065625
24 0.74375 0.3921875 0.06328125 0.0296875