34 0.07890625 0.19140625 0.04375 0.1109375
34 0.12578125 0.19296875 0.0390625 0.11015625
34 0.17109375 0.20078125 0.04296875 0.09453125
34 0.2140625 0.2046875 0.0359375 0.08828125
34 0.25390625 0.20703125 0.0359375 0.0890625
35 0.29296875 0.2125 0.03359375 0.07734375
35 0.34296875 0.2125 0.0546875 0.0734375
35 0.4046875 0.21484375 0.0484375 0.0703125
28 0.47421875 0.20703125 0.04453125 0.0875
28 0.53515625 0.215625 0.0546875 0.0734375
28 0.59765625 0.215625 0.05078125 0.0703125
28 0.6609375 0.21484375 0.05859375 0.0765625
28 0.72890625 0.215625 0.06171875 0.07109375
8 0.80703125 0.19609375 0.08203125 0.1046875
8 0.88671875 0.19609375 0.06953125 0.103125
10 0.85 0.4015625 0.0703125 0.084375
9 0.9078125 0.39921875 0.0390625 0.0828125
9 0.79453125 0.40625 0.03515625 0.078125
24 0.70234375 0.415625 0.075 0.053125
25 0.62265625 0.40390625 0.0796875 0.03359375
25 0.5421875 0.41875 0.0515625 0.0515625
26 0.47890625 0.40390625 0.06015625 0.07734375
26 0.40078125 0.4046875 0.06328125 0.07734375
14 0.346875 0.4078125 0.0359375 0.0625
21 0.31015625 0.39765625 0.03203125 0.09375
36 0.234375 0.39921875 0.05 0.08671875
36 0.18359375 0.396875 0.04609375 0.0859375
29 0.13515625 0.3921875 0.0421875 0.0921875
34 0.07890625 0.38203125 0.04921875 0.1125
18 0.0625 0.58515625 0.053125 0.07265625
11 0.11953125 0.59921875 0.03671875 0.059375
6 0.17734375 0.5734375 0.03515625 0.08046875
11 0.21640625 0.58125 0.0359375 0.05078125
11 0.2578125 0.6 0.04296875 0.04765625
6 0.259375 0.5515625 0.04140625 0.040625
16 0.31953125 0.59375 0.0328125 0.04453125
17 0.37109375 0.603125 0.05 0.05390625
17 0.40390625 0.56171875 0.05390625 0.02421875
25 0.42265625 0.603125 0.02890625 0.04921875
31 0.471875 0.603125 0.03359375 0.0453125
1 0.53515625 0.58359375 0.04296875 0.0421875
1 0.58046875 0.6015625 0.03984375 0.03828125
25 0.6296875 0.6078125 0.05234375 0.0390625
2 0.6828125 0.5953125 0.02578125 0.05
2 0.70859375 0.59453125 0.02265625 0.0546875
2 0.734375 0.59609375 0.021875 0.05703125
2 0.7609375 0.596875 0.0234375 0.05390625
2 0.8234375 0.5890625 0.09140625 0.01953125
3 0.89296875 0.596875 0.04140625 0.06015625
3 0.8796875 0.7875 0.078125 0.09609375
33 0.803125 0.76875 0.02890625 0.0875
5 0.740625 0.7671875 0.0296875 0.08984375
30 0.66953125 0.75 0.02890625 0.1203125
12 0.59375 0.7609375 0.0375 0.0953125
20 0.5015625 0.76171875 0.034375 0.0859375
20 0.46640625 0.76328125 0.03203125 0.08828125
21 0.42109375 0.75546875 0.0375 0.090625
21 0.38671875 0.73984375 0.0265625 0.08828125
23 0.3203125 0.76015625 0.05625 0.08125
19 0.259375 0.76484375 0.040625 0.0859375
34 0.22109375 0.7015625 0.08828125 0.0375
18 0.215625 0.76640625 0.03984375 0.08046875
18 0.17265625 0.76640625 0.03828125 0.084375
18 0.08984375 0.765625 0.04609375 0.084375