34 0.0453125 0.184375 0.04609375 0.1046875
25 0.10390625 0.21796875 0.0609375 0.040625
34 0.1171875 0.1640625 0.046875 0.0640625
13 0.19921875 0.18125 0.05625 0.1203125
34 0.26171875 0.1953125 0.0546875 0.09609375
35 0.2609375 0.11953125 0.04453125 0.0515625
35 0.31328125 0.16328125 0.03515625 0.05703125
34 0.31875 0.21875 0.0515625 0.05
28 0.4 0.128125 0.0640625 0.04375
32 0.4125 0.2 0.05390625 0.04921875
25 0.47109375 0.20390625 0.0375 0.0546875
28 0.48515625 0.140625 0.05390625 0.03046875
35 0.51171875 0.18984375 0.0375 0.05234375
21 0.546875 0.21015625 0.0296875 0.0890625
26 0.5921875 0.22421875 0.0515625 0.0625
25 0.64375 0.2078125 0.046875 0.09921875
28 0.76484375 0.21953125 0.03984375 0.07578125
8 0.72265625 0.171875 0.0421875 0.071875
8 0.87578125 0.20078125 0.0703125 0.10625
9 0.89921875 0.39609375 0.06171875 0.0734375
9 0.83671875 0.390625 0.0546875 0.078125
2 0.88046875 0.44375 0.1328125 0.0171875
18 0.78046875 0.41796875 0.05390625 0.06875
26 0.7203125 0.3484375 0.03359375 0.046875
34 0.72421875 0.41640625 0.046875 0.084375
21 0.6796875 0.40390625 0.034375 0.09140625
30 0.6484375 0.3875 0.0234375 0.1234375
7 0.56640625 0.41640625 0.0984375 0.08203125
25 0.48671875 0.4015625 0.0515625 0.09609375
19 0.403125 0.428125 0.06015625 0.06328125
13 0.38828125 0.3671875 0.04453125 0.0515625
13 0.3421875 0.4 0.04140625 0.07734375
14 0.29921875 0.4140625 0.03984375 0.06171875
33 0.2328125 0.3875 0.01953125 0.0703125
25 0.184375 0.428125 0.07109375 0.0390625
36 0.19453125 0.37578125 0.0375 0.0625
25 0.1046875 0.40859375 0.07109375 0.04921875
29 0.0484375 0.409375 0.0375 0.08046875
36 0.1015625 0.3296875 0.0796875 0.06015625
7 0.0890625 0.57265625 0.053125 0.0640625
6 0.14609375 0.5390625 0.0390625 0.05
7 0.13671875 0.590625 0.0375 0.046875
6 0.1875 0.57265625 0.034375 0.06640625
4 0.228125 0.6015625 0.03203125 0.05546875
16 0.27578125 0.5796875 0.04375 0.04140625
22 0.3296875 0.6203125 0.05859375 0.06640625
11 0.32578125 0.546875 0.04921875 0.04921875
20 0.46640625 0.62734375 0.08046875 0.04921875
17 0.3875 0.584375 0.04765625 0.03984375
17 0.46875 0.5796875 0.04765625 0.03984375
31 0.5140625 0.56328125 0.03828125 0.034375
4 0.54609375 0.5734375 0.02265625 0.03125
31 0.575 0.5828125 0.03125 0.0328125
3 0.58203125 0.61796875 0.05390625 0.025
25 0.6078125 0.571875 0.03046875 0.0609375
18 0.72890625 0.60703125 0.05 0.08671875
2 0.76640625 0.61171875 0.021875 0.0765625
2 0.8171875 0.6015625 0.0203125 0.07421875
9 0.85546875 0.59765625 0.04921875 0.06015625
3 0.90859375 0.6109375 0.040625 0.07265625
25 0.825 0.74375 0.07109375 0.06796875
33 0.871875 0.790625 0.01875 0.07734375
5 0.79765625 0.8203125 0.025 0.078125
24 0.928125 0.82265625 0.0796875 0.1015625
30 0.734375 0.75 0.02109375 0.11640625
25 0.7078125 0.8390625 0.10859375 0.05390625
12 0.66015625 0.753125 0.0265625 0.08671875
34 0.6265625 0.7828125 0.03359375 0.08828125
20 0.5921875 0.78125 0.028125 0.08828125
7 0.5765625 0.71328125 0.0640625 0.04140625
12 0.5484375 0.79765625 0.034375 0.1078125
28 0.48125 0.778125 0.03671875 0.13125
21 0.453125 0.76875 0.0140625 0.08984375
13 0.4265625 0.78125 0.0296875 0.1375
21 0.3984375 0.75 0.021875 0.0828125
25 0.37265625 0.76875 0.0203125 0.12734375
23 0.340625 0.7703125 0.03828125 0.08828125
25 0.30234375 0.76875 0.03125 0.10546875
21 0.26953125 0.778125 0.02578125 0.08984375
18 0.22421875 0.80234375 0.04609375 0.0734375
36 0.18125 0.72734375 0.04921875 0.06875
18 0.17265625 0.7984375 0.04609375 0.059375
18 0.125 0.77421875 0.04609375 0.0828125
7 0.0640625 0.8046875 0.06796875 0.096875