34 0.1140625 0.10859375 0.03125 0.04140625
25 0.1125 0.16484375 0.04296875 0.05703125
25 0.17421875 0.1484375 0.03046875 0.0984375
34 0.2078125 0.1546875 0.0265625 0.0796875
25 0.24453125 0.14765625 0.03984375 0.10546875
34 0.28515625 0.14453125 0.03359375 0.096875
35 0.3234375 0.15390625 0.03359375 0.09609375
35 0.3578125 0.1453125 0.02734375 0.0859375
35 0.3875 0.1390625 0.01953125 0.08359375
35 0.4234375 0.16328125 0.04765625 0.08203125
35 0.45546875 0.1578125 0.01328125 0.0703125
28 0.48828125 0.1265625 0.04453125 0.05078125
28 0.5375 0.121875 0.0421875 0.05390625
25 0.5234375 0.1671875 0.0859375 0.0203125
25 0.603125 0.16640625 0.04453125 0.08515625
28 0.62734375 0.0984375 0.0703125 0.04140625
28 0.659375 0.15078125 0.04140625 0.04296875
28 0.71171875 0.1359375 0.04609375 0.0625
25 0.70703125 0.18984375 0.1 0.028125
8 0.75546875 0.121875 0.03359375 0.0890625
25 0.8078125 0.15546875 0.03984375 0.09375
8 0.86171875 0.1546875 0.034375 0.0859375
29 0.1265625 0.2953125 0.034375 0.06796875
29 0.16640625 0.315625 0.040625 0.07734375
29 0.109375 0.3609375 0.05 0.0484375
36 0.2125 0.29140625 0.0390625 0.053125
36 0.2609375 0.27890625 0.03984375 0.02578125
36 0.22109375 0.34609375 0.0453125 0.046875
25 0.26328125 0.31796875 0.0328125 0.04453125
25 0.31484375 0.30625 0.02890625 0.028125
13 0.33671875 0.3359375 0.03125 0.02578125
13 0.36953125 0.33828125 0.03125 0.08203125
14 0.4125 0.321875 0.03046875 0.0734375
26 0.4546875 0.34140625 0.04609375 0.06796875
26 0.4984375 0.328125 0.03203125 0.03359375
26 0.51953125 0.2921875 0.0515625 0.03515625
27 0.5703125 0.29609375 0.03984375 0.0234375
27 0.575 0.33984375 0.04765625 0.0546875
15 0.62578125 0.32265625 0.04453125 0.03046875
15 0.6328125 0.365625 0.05625 0.0421875
24 0.6796875 0.31640625 0.04140625 0.01640625
25 0.69765625 0.36171875 0.06484375 0.06484375
10 0.7296875 0.31171875 0.04375 0.0296875
10 0.7609375 0.3609375 0.03828125 0.05703125
9 0.78984375 0.303125 0.05 0.03125
9 0.84921875 0.30625 0.04765625 0.03828125
25 0.86328125 0.3453125 0.06328125 0.034375
9 0.81015625 0.35546875 0.034375 0.0296875
7 0.16171875 0.446875 0.03125 0.05625
7 0.12890625 0.51796875 0.08125 0.03359375
25 0.115625 0.46328125 0.03125 0.06171875
6 0.1921875 0.45546875 0.0171875 0.06640625
6 0.2203125 0.4609375 0.0328125 0.0515625
25 0.21484375 0.525 0.034375 0.065625
25 0.275 0.47578125 0.0453125 0.03046875
25 0.26875 0.51640625 0.03984375 0.04140625
32 0.31953125 0.48125 0.03125 0.05390625
16 0.34765625 0.46328125 0.01796875 0.03046875
16 0.4 0.4703125 0.02734375 0.0359375
32 0.3703125 0.46484375 0.0234375 0.03515625
17 0.44140625 0.46640625 0.03359375 0.0453125
17 0.41640625 0.51171875 0.040625 0.0359375
4 0.46796875 0.52734375 0.03984375 0.053125
4 0.47890625 0.4796875 0.03125 0.034375
31 0.51328125 0.47265625 0.02890625 0.04296875
1 0.5609375 0.50390625 0.040625 0.06015625
0 0.646875 0.48203125 0.0265625 0.0265625
0 0.6453125 0.51484375 0.0296875 0.03203125
2 0.7125 0.49140625 0.08984375 0.08515625
3 0.778125 0.46875 0.02734375 0.03046875
3 0.81640625 0.53359375 0.03515625 0.03359375
3 0.83046875 0.48359375 0.05390625 0.05859375
3 0.86875 0.53359375 0.040625 0.03046875
25 0.3703125 0.5171875 0.02578125 0.053125
25 0.6046875 0.5015625 0.03828125 0.04375
18 0.10703125 0.6484375 0.0390625 0.078125
18 0.15703125 0.6765625 0.05703125 0.09140625
18 0.20703125 0.6640625 0.03671875 0.09140625
19 0.259375 0.62890625 0.0375 0.07734375
22 0.30859375 0.66640625 0.040625 0.0859375
21 0.40390625 0.67109375 0.01953125 0.08125
21 0.425 0.62734375 0.015625 0.071875
21 0.44375 0.64765625 0.01953125 0.07734375
21 0.46171875 0.63515625 0.0125 0.046875
23 0.37265625 0.6359375 0.0375 0.08203125
20 0.5046875 0.646875 0.02578125 0.071875
20 0.53046875 0.603125 0.02265625 0.03984375
20 0.534375 0.6640625 0.028125 0.0734375
12 0.590625 0.63046875 0.02890625 0.08125
30 0.6453125 0.6453125 0.01875 0.0921875
5 0.68984375 0.66640625 0.021875 0.08125
33 0.76328125 0.6671875 0.021875 0.0734375