25 0.134375 0.15 0.04375 0.09375
34 0.18046875 0.15703125 0.034375 0.0796875
25 0.2171875 0.1453125 0.034375 0.1046875
34 0.25390625 0.15546875 0.0328125 0.08203125
25 0.29375 0.15859375 0.03984375 0.084375
35 0.3359375 0.16484375 0.0328125 0.0734375
25 0.3796875 0.16484375 0.04765625 0.06875
35 0.42890625 0.171875 0.04296875 0.05859375
25 0.4828125 0.14296875 0.04453125 0.0828125
28 0.653125 0.15234375 0.046875 0.0578125
25 0.6140625 0.14296875 0.028125 0.09375
28 0.70390625 0.15234375 0.04453125 0.07890625
28 0.76953125 0.16484375 0.06640625 0.05078125
8 0.8359375 0.16171875 0.06015625 0.06015625
25 0.9078125 0.165625 0.0796875 0.0578125
9 0.88203125 0.3625 0.059375 0.0578125
9 0.828125 0.340625 0.0328125 0.09453125
9 0.7859375 0.34609375 0.0453125 0.06796875
10 0.74609375 0.3703125 0.03125 0.0421875
25 0.69921875 0.365625 0.053125 0.04921875
15 0.640625 0.36953125 0.0609375 0.0390625
27 0.58984375 0.3515625 0.03671875 0.07734375
26 0.55546875 0.35859375 0.0265625 0.06328125
26 0.50859375 0.35390625 0.05859375 0.07890625
25 0.4671875 0.340625 0.02109375 0.09921875
25 0.43515625 0.33359375 0.03359375 0.0875
14 0.396875 0.34453125 0.03671875 0.0703125
25 0.3546875 0.33515625 0.0453125 0.0921875
25 0.309375 0.33515625 0.03046875 0.0875
36 0.265625 0.3375 0.05 0.07890625
36 0.221875 0.33046875 0.0328125 0.09609375
25 0.18046875 0.32421875 0.04609375 0.0953125
29 0.14140625 0.3328125 0.028125 0.0875
29 0.11171875 0.3484375 0.02734375 0.05546875
6 0.121875 0.55078125 0.07421875 0.0546875
7 0.1484375 0.47734375 0.05 0.0359375
6 0.1953125 0.52109375 0.05078125 0.0453125
7 0.22890625 0.565625 0.07109375 0.03515625
25 0.2765625 0.5328125 0.05078125 0.02734375
11 0.25859375 0.4984375 0.0296875 0.03984375
11 0.30078125 0.50078125 0.03828125 0.03203125
25 0.33046875 0.5421875 0.0421875 0.04453125
25 0.36953125 0.540625 0.03125 0.0609375
25 0.42421875 0.5234375 0.0484375 0.040625
21 0.38515625 0.4765625 0.021875 0.06015625
17 0.425 0.4890625 0.0453125 0.025
17 0.49921875 0.5234375 0.053125 0.03125
31 0.5140625 0.553125 0.0609375 0.02421875
25 0.509375 0.58046875 0.08359375 0.028125
1 0.5828125 0.553125 0.053125 0.0234375
25 0.6359375 0.56796875 0.05078125 0.03203125
1 0.684375 0.54609375 0.04375 0.02578125
3 0.7234375 0.5453125 0.02421875 0.02421875
0 0.76875 0.55546875 0.0359375 0.0203125
2 0.8234375 0.56875 0.03125 0.0609375
3 0.87109375 0.559375 0.05546875 0.0640625
2 0.93203125 0.5578125 0.053125 0.04140625
33 0.87890625 0.72734375 0.02109375 0.08046875
33 0.8484375 0.7703125 0.03671875 0.04453125
5 0.7171875 0.73671875 0.01953125 0.103125
5 0.69609375 0.7484375 0.01875 0.1015625
12 0.6609375 0.75859375 0.03203125 0.10859375
20 0.609375 0.73984375 0.0296875 0.0984375
20 0.5515625 0.77890625 0.07421875 0.05
20 0.578125 0.71875 0.0265625 0.06328125
21 0.4796875 0.74765625 0.02890625 0.103125
21 0.50390625 0.7203125 0.01796875 0.09296875
21 0.4546875 0.7328125 0.0171875 0.1046875
23 0.40703125 0.75234375 0.05859375 0.1125
22 0.34609375 0.73828125 0.04921875 0.1015625
19 0.2875 0.75234375 0.0609375 0.10546875
18 0.22109375 0.75703125 0.06015625 0.09609375
18 0.1546875 0.67421875 0.0578125 0.09921875
18 0.15390625 0.76171875 0.06171875 0.0671875
18 0.09140625 0.76328125 0.05234375 0.09453125