34 0.07890625 0.2140625 0.03984375 0.0765625
34 0.2265625 0.21640625 0.03125 0.06328125
29 0.128125 0.175 0.03671875 0.0453125
25 0.13203125 0.24453125 0.05625 0.02578125
25 0.2890625 0.246875 0.0859375 0.021875
25 0.48515625 0.21796875 0.05 0.06640625
25 0.621875 0.21328125 0.0515625 0.08046875
25 0.6640625 0.15234375 0.0671875 0.0421875
25 0.70234375 0.23515625 0.08828125 0.034375
28 0.1875 0.2125 0.03828125 0.0828125
34 0.25546875 0.203125 0.01875 0.0515625
13 0.29296875 0.2 0.04609375 0.06015625
35 0.3484375 0.20859375 0.04296875 0.05078125
35 0.390625 0.2078125 0.0328125 0.0453125
35 0.42890625 0.21015625 0.03671875 0.05234375
25 0.3859375 0.246875 0.08515625 0.01796875
36 0.34921875 0.14765625 0.059375 0.03515625
36 0.415625 0.13671875 0.04765625 0.0328125
28 0.4375 0.165625 0.05078125 0.0234375
28 0.53125 0.18671875 0.03515625 0.0625
28 0.57109375 0.19140625 0.03359375 0.0578125
13 0.559375 0.23984375 0.0671875 0.0296875
28 0.6671875 0.19296875 0.02890625 0.03125
8 0.71328125 0.196875 0.05625 0.028125
14 0.73359375 0.15390625 0.0375 0.0484375
28 0.77890625 0.20390625 0.0359375 0.02890625
8 0.78359375 0.2421875 0.059375 0.03359375
8 0.83515625 0.1921875 0.0375 0.07890625
2 0.865625 0.24375 0.08125 0.01640625
29 0.10546875 0.36875 0.0328125 0.0609375
29 0.14296875 0.37265625 0.0359375 0.06171875
25 0.1078125 0.4234375 0.08046875 0.03203125
25 0.18828125 0.4078125 0.0390625 0.0515625
36 0.2 0.35625 0.03125 0.04375
29 0.24375 0.3921875 0.04921875 0.06875
14 0.3046875 0.39609375 0.04296875 0.06015625
33 0.33984375 0.3953125 0.021875 0.0796875
13 0.3625 0.38671875 0.01953125 0.0625
13 0.3890625 0.3734375 0.028125 0.0671875
13 0.421875 0.36875 0.03125 0.06328125
25 0.34375 0.33671875 0.04765625 0.02578125
25 0.40625 0.32265625 0.059375 0.02109375
25 0.46484375 0.3859375 0.0484375 0.08515625
26 0.534375 0.34609375 0.04453125 0.03203125
26 0.53046875 0.37578125 0.0453125 0.02265625
26 0.584375 0.36484375 0.0453125 0.04921875
25 0.53046875 0.4125 0.06953125 0.04296875
21 0.63125 0.39140625 0.0328125 0.08515625
25 0.7078125 0.32578125 0.03984375 0.02265625
25 0.778125 0.384375 0.0296875 0.06640625
21 0.81875 0.3796875 0.034375 0.07890625
9 0.853125 0.39765625 0.02890625 0.04296875
2 0.88828125 0.4046875 0.034375 0.03984375
21 0.09296875 0.553125 0.0328125 0.08203125
18 0.13046875 0.52421875 0.03515625 0.0546875
6 0.14140625 0.57421875 0.0375 0.03671875
6 0.19765625 0.51328125 0.05703125 0.0328125
23 0.19375 0.55234375 0.046875 0.03671875
4 0.215625 0.590625 0.08046875 0.03359375
11 0.23671875 0.55078125 0.03203125 0.03203125
11 0.2875 0.58359375 0.05390625 0.02578125
16 0.2984375 0.5515625 0.05546875 0.02890625
25 0.32421875 0.51875 0.03515625 0.028125
25 0.37734375 0.51796875 0.02578125 0.040625
20 0.378125 0.58046875 0.07265625 0.0375
20 0.43515625 0.56484375 0.02578125 0.08828125
1 0.478125 0.58671875 0.04375 0.040625
20 0.525 0.54453125 0.02578125 0.06640625
25 0.56953125 0.54296875 0.03515625 0.05390625
3 0.57578125 0.59140625 0.13125 0.02265625
15 0.634375 0.51484375 0.0484375 0.0328125
18 0.71640625 0.55546875 0.04296875 0.07578125
25 0.7890625 0.5359375 0.096875 0.03671875
2 0.85234375 0.5765625 0.14140625 0.02421875
36 0.11796875 0.6734375 0.04140625 0.06875
25 0.11484375 0.76328125 0.07421875 0.06640625
18 0.1859375 0.73515625 0.046875 0.07265625
19 0.23515625 0.70703125 0.04453125 0.0671875
18 0.2375 0.77265625 0.0453125 0.0546875
22 0.27734375 0.69296875 0.0359375 0.084375
25 0.28203125 0.76484375 0.03671875 0.04921875
17 0.32890625 0.7390625 0.0484375 0.0921875
23 0.3734375 0.7453125 0.0375 0.0515625
28 0.41015625 0.740625 0.028125 0.1234375
25 0.3765625 0.68671875 0.03046875 0.05625
21 0.44140625 0.7515625 0.03125 0.08984375
21 0.4703125 0.728125 0.02265625 0.0890625
20 0.5296875 0.71875 0.0234375 0.07890625
12 0.5578125 0.7140625 0.02578125 0.08984375
12 0.628125 0.696875 0.025 0.0671875
25 0.5921875 0.69921875 0.03828125 0.0359375
25 0.5921875 0.7703125 0.0359375 0.09609375
25 0.65546875 0.771875 0.0703125 0.0515625
30 0.66328125 0.69765625 0.0171875 0.09296875
30 0.70625 0.7390625 0.02265625 0.12265625
5 0.7546875 0.71328125 0.0171875 0.0890625
5 0.8375 0.74453125 0.021875 0.09296875
24 0.878125 0.7578125 0.05390625 0.0890625
25 0.78671875 0.77109375 0.034375 0.10234375