34 0.0765625 0.21328125 0.05859375 0.140625
34 0.13203125 0.21953125 0.040625 0.13125
34 0.18671875 0.2140625 0.05703125 0.1421875
34 0.24609375 0.228125 0.0640625 0.12109375
34 0.30625 0.23203125 0.05625 0.10546875
35 0.365625 0.23671875 0.0484375 0.09921875
35 0.41484375 0.2375 0.04453125 0.1015625
35 0.4578125 0.24921875 0.03515625 0.08046875
35 0.50390625 0.24765625 0.04375 0.0859375
28 0.57109375 0.246875 0.05390625 0.08203125
28 0.63125 0.246875 0.059375 0.0921875
28 0.690625 0.27421875 0.03671875 0.0421875
28 0.740625 0.25390625 0.05546875 0.07578125
28 0.80625 0.253125 0.0484375 0.08046875
8 0.8703125 0.2390625 0.065625 0.103125
8 0.94375 0.23203125 0.06875 0.1171875
29 0.0953125 0.4625 0.06171875 0.10546875
29 0.1625 0.46640625 0.0453125 0.0890625
36 0.2203125 0.459375 0.05234375 0.11171875
36 0.275 0.46953125 0.0453125 0.09609375
13 0.3390625 0.4625 0.05625 0.096875
13 0.40234375 0.46171875 0.05625 0.109375
14 0.46796875 0.4515625 0.04140625 0.084375
26 0.521875 0.45390625 0.04921875 0.0828125
26 0.57734375 0.45625 0.0484375 0.0796875
27 0.62734375 0.46640625 0.0390625 0.05625
15 0.6875 0.46328125 0.04453125 0.06015625
24 0.74140625 0.46171875 0.05390625 0.059375
10 0.8 0.4609375 0.0359375 0.0578125
9 0.85546875 0.45078125 0.0421875 0.0828125
9 0.9125 0.4453125 0.05390625 0.08125
7 0.121875 0.64140625 0.03359375 0.0578125
7 0.16171875 0.64375 0.03515625 0.0640625
6 0.20859375 0.6546875 0.0390625 0.07421875
11 0.25859375 0.65 0.0375 0.05625
11 0.3046875 0.65234375 0.0421875 0.05390625
32 0.37421875 0.6671875 0.03984375 0.0625
16 0.415625 0.6796875 0.028125 0.03828125
16 0.45078125 0.6640625 0.03515625 0.03828125
17 0.5 0.6640625 0.04375 0.06328125
4 0.54921875 0.6625 0.03359375 0.04296875
31 0.590625 0.65859375 0.0390625 0.0515625
1 0.6359375 0.66015625 0.04140625 0.05078125
1 0.68671875 0.66015625 0.04609375 0.053125
0 0.72734375 0.653125 0.02890625 0.04453125
1 0.796875 0.646875 0.1 0.07421875
3 0.9125 0.64375 0.090625 0.06875
18 0.12421875 0.815625 0.03984375 0.065625
6 0.184375 0.77421875 0.02890625 0.0515625
18 0.16640625 0.82890625 0.03984375 0.04453125
18 0.21796875 0.8109375 0.03203125 0.07109375
18 0.25546875 0.8265625 0.03828125 0.0421875
11 0.2828125 0.775 0.03828125 0.05234375
19 0.2984375 0.828125 0.03828125 0.03671875
22 0.34140625 0.81328125 0.03828125 0.0703125
23 0.384375 0.7921875 0.034375 0.0703125
23 0.4484375 0.78984375 0.03203125 0.07421875
20 0.4828125 0.8296875 0.028125 0.0765625
20 0.51484375 0.82890625 0.028125 0.07578125
23 0.5828125 0.828125 0.04296875 0.08046875
30 0.65546875 0.79453125 0.01796875 0.10859375
30 0.67421875 0.78203125 0.01171875 0.11015625
12 0.74453125 0.81640625 0.02734375 0.08828125
33 0.796875 0.8109375 0.0203125 0.0796875
33 0.821875 0.8125 0.0203125 0.078125
5 0.88203125 0.8109375 0.01875 0.08359375
5 0.9078125 0.80859375 0.02109375 0.0875