34 0.0609375 0.20546875 0.04375 0.08671875
34 0.21640625 0.21484375 0.03828125 0.06875
35 0.30625 0.20703125 0.03046875 0.046875
13 0.26328125 0.1984375 0.04609375 0.0546875
35 0.34609375 0.20625 0.04296875 0.053125
35 0.39296875 0.2125 0.0421875 0.0453125
25 0.49140625 0.21796875 0.0625 0.07265625
25 0.28125 0.24609375 0.0875 0.03046875
28 0.17421875 0.20234375 0.04375 0.07734375
28 0.54375 0.19375 0.03828125 0.065625
28 0.68046875 0.19765625 0.03515625 0.03046875
14 0.7625 0.16796875 0.03828125 0.05703125
8 0.8484375 0.20234375 0.05546875 0.08203125
28 0.7140625 0.234375 0.0796875 0.0390625
21 0.8421875 0.41796875 0.03671875 0.0984375
13 0.79921875 0.42421875 0.03671875 0.06953125
21 0.63125 0.4234375 0.0375 0.10078125
26 0.5921875 0.40078125 0.03671875 0.05625
26 0.5453125 0.4078125 0.0421875 0.021875
25 0.46484375 0.41875 0.040625 0.10078125
25 0.528125 0.44296875 0.08125 0.0375
25 0.4265625 0.41171875 0.03046875 0.08125
13 0.38359375 0.40078125 0.04296875 0.06484375
33 0.33046875 0.4203125 0.0265625 0.1
14 0.29921875 0.425 0.03203125 0.059375
29 0.22890625 0.41875 0.053125 0.07265625
36 0.18046875 0.384375 0.03125 0.04453125
29 0.12421875 0.40703125 0.03515625 0.07421875
29 0.08203125 0.39296875 0.03125 0.06015625
36 0.07578125 0.44375 0.059375 0.0390625
21 0.06953125 0.6046875 0.0375 0.096875
18 0.109375 0.571875 0.0375 0.06328125
6 0.11953125 0.63203125 0.0453125 0.05234375
4 0.19921875 0.64453125 0.084375 0.0390625
11 0.2140625 0.6015625 0.03515625 0.03828125
6 0.175 0.5609375 0.0546875 0.03671875
11 0.22734375 0.5671875 0.0375 0.02890625
16 0.2765625 0.60234375 0.0578125 0.034375
20 0.36015625 0.6359375 0.07109375 0.04296875
20 0.41640625 0.61640625 0.03359375 0.1
1 0.4796875 0.64375 0.05078125 0.040625
20 0.5328125 0.58984375 0.03046875 0.08203125
3 0.5828125 0.646875 0.14453125 0.03125
18 0.7359375 0.61171875 0.04765625 0.08515625
25 0.81796875 0.5875 0.09921875 0.05078125
2 0.85703125 0.634375 0.115625 0.02421875
2 0.67734375 0.60234375 0.0578125 0.028125
31 0.56328125 0.5984375 0.0265625 0.046875
25 0.08515625 0.83359375 0.084375 0.07578125
36 0.08828125 0.734375 0.05 0.07421875
20 0.13359375 0.746875 0.03125 0.03046875
18 0.1578125 0.80625 0.053125 0.0859375
23 0.209375 0.7671875 0.046875 0.08125
18 0.21015625 0.84375 0.046875 0.06328125
17 0.30234375 0.809375 0.04375 0.10390625
25 0.25546875 0.82890625 0.0390625 0.06015625
23 0.34609375 0.80859375 0.040625 0.07109375
28 0.38671875 0.8078125 0.0296875 0.14921875
21 0.4421875 0.821875 0.04375 0.10078125
20 0.54140625 0.7859375 0.0296875 0.09375
12 0.571875 0.78203125 0.0296875 0.08515625
25 0.66796875 0.85546875 0.0671875 0.08203125
30 0.68046875 0.7625 0.0234375 0.09921875
30 0.721875 0.81796875 0.0203125 0.1328125
12 0.6453125 0.76953125 0.0265625 0.0828125
5 0.77578125 0.7875 0.02421875 0.09765625
5 0.85859375 0.82265625 0.025 0.09609375
24 0.9046875 0.83984375 0.059375 0.096875
25 0.58671875 0.86328125 0.06015625 0.0625
21 0.4796875 0.7953125 0.02734375 0.08515625
25 0.3453125 0.73984375 0.0390625 0.0578125
34 0.70234375 0.41796875 0.0625 0.0984375
25 0.48515625 0.59765625 0.04921875 0.0421875
2 0.9015625 0.42890625 0.01953125 0.03046875
9 0.8734375 0.4375 0.02109375 0.04921875
25 0.74921875 0.36953125 0.034375 0.04453125
25 0.68046875 0.1453125 0.0734375 0.05
28 0.40625 0.15546875 0.065625 0.0296875
36 0.34609375 0.13984375 0.05 0.0421875
25 0.1703125 0.434375 0.04375 0.05