34 0.05703125 0.2015625 0.04296875 0.11171875
34 0.1 0.20546875 0.03671875 0.0984375
34 0.14453125 0.21015625 0.0453125 0.09921875
34 0.1921875 0.21015625 0.04609375 0.09765625
34 0.23671875 0.20703125 0.03671875 0.1078125
35 0.2765625 0.2140625 0.0390625 0.09296875
35 0.31796875 0.221875 0.03984375 0.07265625
35 0.36875 0.221875 0.0546875 0.0796875
35 0.415625 0.21875 0.034375 0.075
35 0.45078125 0.21640625 0.0328125 0.08046875
35 0.49375 0.2140625 0.04609375 0.09453125
28 0.55234375 0.20546875 0.05546875 0.09375
28 0.60703125 0.21953125 0.04921875 0.0828125
28 0.66015625 0.22421875 0.05078125 0.0734375
28 0.7125 0.215625 0.0484375 0.08828125
28 0.771875 0.2171875 0.0640625 0.08828125
8 0.84375 0.196875 0.07265625 0.11953125
8 0.91171875 0.19921875 0.05703125 0.11484375
29 0.06328125 0.403125 0.05 0.084375
29 0.1140625 0.396875 0.04453125 0.09609375
36 0.1625 0.40390625 0.0484375 0.08671875
36 0.2140625 0.40625 0.04921875 0.0890625
13 0.26640625 0.4046875 0.0484375 0.0921875
13 0.3125 0.4046875 0.03984375 0.08828125
14 0.3578125 0.41640625 0.04453125 0.06328125
26 0.40859375 0.4109375 0.04921875 0.07578125
14 0.4578125 0.42734375 0.03515625 0.07109375
26 0.50390625 0.42265625 0.04921875 0.084375
26 0.559375 0.4265625 0.05546875 0.08359375
27 0.6203125 0.42890625 0.04296875 0.07109375
15 0.6703125 0.43671875 0.0515625 0.05546875
24 0.72734375 0.43671875 0.05625 0.053125
10 0.79140625 0.440625 0.06328125 0.053125
9 0.84609375 0.41875 0.03984375 0.0890625
9 0.90234375 0.42265625 0.065625 0.0875
7 0.06953125 0.57734375 0.03125 0.06015625
7 0.07734375 0.53359375 0.03515625 0.02265625
11 0.10546875 0.60390625 0.0359375 0.06015625
6 0.14921875 0.59453125 0.04375 0.075
11 0.19375 0.5796875 0.0359375 0.05703125
11 0.2390625 0.6 0.04453125 0.05
32 0.28359375 0.59921875 0.03828125 0.05625
16 0.3203125 0.60390625 0.03125 0.04765625
17 0.36171875 0.60234375 0.04375 0.0515625
4 0.40625 0.61328125 0.03984375 0.0421875
31 0.440625 0.60859375 0.02421875 0.04765625
17 0.47890625 0.62265625 0.040625 0.05390625
17 0.4984375 0.5734375 0.03984375 0.0234375
4 0.5265625 0.63671875 0.03671875 0.0453125
31 0.565625 0.63046875 0.03828125 0.0578125
1 0.61171875 0.62265625 0.04609375 0.0640625
1 0.6609375 0.6234375 0.046875 0.053125
0 0.709375 0.6328125 0.0328125 0.0359375
2 0.775 0.61796875 0.09375 0.0671875
3 0.8765625 0.6203125 0.0984375 0.07578125
18 0.07890625 0.76171875 0.03984375 0.08671875
18 0.12109375 0.76015625 0.0390625 0.07890625
18 0.1640625 0.7609375 0.03984375 0.08203125
18 0.20703125 0.76015625 0.03828125 0.08046875
19 0.24765625 0.7578125 0.0375 0.084375
22 0.28828125 0.75625 0.03828125 0.0828125
23 0.32890625 0.75625 0.040625 0.08046875
21 0.375 0.7515625 0.0265625 0.0828125
21 0.4046875 0.75 0.02578125 0.0796875
20 0.44765625 0.765625 0.02890625 0.071875
21 0.50078125 0.775 0.0296875 0.08203125
21 0.5328125 0.775 0.0296875 0.075
20 0.57265625 0.78671875 0.0265625 0.08515625
20 0.6015625 0.78671875 0.02578125 0.07421875
12 0.67578125 0.7859375 0.03046875 0.0875
30 0.73671875 0.77421875 0.025 0.1171875
5 0.79375 0.79375 0.025 0.08671875
33 0.84609375 0.79609375 0.02421875 0.08203125