34 0.053125 0.16796875 0.053125 0.09921875
34 0.10859375 0.16484375 0.053125 0.10625
34 0.165625 0.16015625 0.05546875 0.11953125
34 0.22109375 0.16328125 0.05 0.121875
34 0.28046875 0.1734375 0.059375 0.0890625
34 0.34296875 0.190625 0.05390625 0.05859375
35 0.27578125 0.0984375 0.04765625 0.04609375
35 0.33359375 0.134375 0.03671875 0.046875
35 0.39921875 0.20234375 0.03828125 0.03671875
35 0.45078125 0.178125 0.06015625 0.08828125
28 0.50625 0.18046875 0.0453125 0.0890625
28 0.42265625 0.10078125 0.08515625 0.0453125
28 0.56484375 0.17734375 0.065625 0.096875
28 0.628125 0.175 0.05546875 0.103125
28 0.68984375 0.1890625 0.0625 0.0765625
28 0.7515625 0.18125 0.05 0.09921875
28 0.7984375 0.1234375 0.03828125 0.0875
8 0.7171875 0.1015625 0.07578125 0.04296875
8 0.8125 0.1984375 0.06484375 0.0546875
8 0.8921875 0.17421875 0.07421875 0.1109375
36 0.1046875 0.30703125 0.071875 0.0390625
36 0.1890625 0.38984375 0.04609375 0.08125
36 0.246875 0.3921875 0.059375 0.08984375
29 0.21328125 0.31328125 0.0515625 0.0609375
29 0.13359375 0.378125 0.05625 0.09140625
29 0.07421875 0.390625 0.0546875 0.0703125
14 0.315625 0.30703125 0.04375 0.08515625
13 0.30703125 0.3953125 0.0546875 0.08203125
13 0.3703125 0.3859375 0.059375 0.10234375
13 0.3984375 0.30390625 0.03828125 0.05234375
13 0.4359375 0.315625 0.0296875 0.08046875
14 0.421875 0.39609375 0.03671875 0.0625
26 0.46796875 0.39765625 0.0515625 0.07265625
26 0.521875 0.4046875 0.05078125 0.078125
9 0.534375 0.33359375 0.04921875 0.05
27 0.584375 0.41171875 0.05 0.05546875
10 0.6484375 0.37578125 0.05 0.04140625
15 0.64296875 0.4203125 0.05625 0.0421875
24 0.70703125 0.39609375 0.0625 0.07421875
10 0.765625 0.3984375 0.05 0.053125
9 0.825 0.38046875 0.0609375 0.09609375
9 0.8890625 0.39453125 0.059375 0.096875
7 0.09453125 0.56171875 0.03125 0.0671875
7 0.13515625 0.5875 0.0453125 0.0625
7 0.20859375 0.52265625 0.04921875 0.05234375
6 0.153125 0.5234375 0.04375 0.05859375
6 0.196875 0.5890625 0.0453125 0.06484375
11 0.24609375 0.5796875 0.0421875 0.04609375
11 0.346875 0.53515625 0.0484375 0.0390625
11 0.303125 0.61328125 0.0546875 0.03046875
16 0.2953125 0.5671875 0.04765625 0.0484375
32 0.35703125 0.59921875 0.04453125 0.06015625
16 0.39609375 0.5765625 0.028125 0.0421875
31 0.45859375 0.55859375 0.025 0.0375
17 0.46171875 0.59765625 0.04609375 0.02890625
4 0.50390625 0.603125 0.0328125 0.053125
31 0.5546875 0.57421875 0.0265625 0.04375
1 0.58671875 0.57890625 0.03046875 0.05234375
3 0.58828125 0.62421875 0.084375 0.0359375
1 0.675 0.5859375 0.04609375 0.0359375
2 0.76484375 0.60078125 0.1015625 0.08125
3 0.8734375 0.60078125 0.08671875 0.08046875
18 0.0953125 0.78984375 0.05078125 0.0859375
18 0.14609375 0.7859375 0.04375 0.08515625
18 0.19375 0.78515625 0.04375 0.09140625
18 0.24375 0.78515625 0.0453125 0.0921875
19 0.29375 0.78359375 0.04609375 0.090625
22 0.34140625 0.77578125 0.04453125 0.08984375
23 0.38984375 0.77421875 0.04609375 0.0890625
21 0.43671875 0.78515625 0.03203125 0.08984375
21 0.47421875 0.78671875 0.03359375 0.08984375
20 0.5328125 0.79609375 0.02890625 0.09453125
20 0.56484375 0.796875 0.02890625 0.09453125
12 0.63984375 0.7859375 0.0296875 0.10078125
30 0.7203125 0.77890625 0.0234375 0.125
5 0.78046875 0.79921875 0.02421875 0.10078125
33 0.85859375 0.80625 0.025 0.1