34 0.090625 0.1609375 0.02890625 0.059375
34 0.14296875 0.1859375 0.03984375 0.05546875
34 0.2296875 0.178125 0.03828125 0.07109375
25 0.18671875 0.1703125 0.04453125 0.08203125
25 0.26953125 0.17265625 0.0359375 0.08828125
25 0.3640625 0.18828125 0.03828125 0.05703125
25 0.48359375 0.1640625 0.04296875 0.09765625
25 0.55703125 0.1234375 0.0328125 0.04375
25 0.8109375 0.16953125 0.0671875 0.0953125
35 0.315625 0.171875 0.0515625 0.08515625
35 0.40078125 0.178125 0.03203125 0.0765625
35 0.4328125 0.1765625 0.02734375 0.0703125
28 0.52265625 0.15546875 0.03203125 0.1078125
28 0.55703125 0.1796875 0.03359375 0.06484375
28 0.60546875 0.159375 0.0515625 0.1046875
28 0.65625 0.1671875 0.04609375 0.09296875
28 0.70078125 0.16484375 0.0375 0.10234375
28 0.74921875 0.17890625 0.0546875 0.075
8 0.865625 0.16015625 0.0375 0.1109375
8 0.909375 0.1640625 0.046875 0.10703125
13 0.21015625 0.29765625 0.06875 0.02890625
25 0.09140625 0.3703125 0.0359375 0.05
29 0.1265625 0.3515625 0.03125 0.0921875
29 0.15546875 0.353125 0.02265625 0.08203125
36 0.25546875 0.3265625 0.03984375 0.02421875
25 0.19140625 0.36796875 0.04453125 0.07109375
25 0.27265625 0.371875 0.0375 0.0609375
25 0.31796875 0.36953125 0.05078125 0.07109375
25 0.36875 0.359375 0.04609375 0.08671875
35 0.41640625 0.35546875 0.04453125 0.0953125
35 0.459375 0.35078125 0.0171875 0.0640625
26 0.48671875 0.3828125 0.0328125 0.071875
25 0.5296875 0.39453125 0.0515625 0.06171875
26 0.56796875 0.37109375 0.01953125 0.0703125
27 0.53125 0.33203125 0.04609375 0.05390625
24 0.6078125 0.39609375 0.05625 0.06796875
28 0.67421875 0.3921875 0.04765625 0.07890625
9 0.72265625 0.390625 0.04453125 0.05703125
28 0.77265625 0.39453125 0.05078125 0.06015625
25 0.82265625 0.3671875 0.04140625 0.0640625
25 0.90859375 0.3984375 0.04375 0.0640625
9 0.82265625 0.31953125 0.0484375 0.02578125
34 0.1046875 0.55234375 0.05078125 0.11171875
7 0.16328125 0.5015625 0.034375 0.03046875
25 0.15703125 0.57578125 0.0421875 0.03125
6 0.20390625 0.50859375 0.03984375 0.065625
6 0.22421875 0.5703125 0.04375 0.0515625
6 0.27109375 0.5453125 0.04453125 0.05390625
11 0.31328125 0.52109375 0.03671875 0.04453125
11 0.32109375 0.57109375 0.0515625 0.04921875
25 0.3703125 0.56328125 0.03359375 0.084375
16 0.40234375 0.5421875 0.02734375 0.0453125
17 0.5046875 0.54921875 0.04609375 0.0265625
25 0.47578125 0.59921875 0.04921875 0.0625
4 0.54296875 0.58515625 0.0609375 0.03828125
1 0.61640625 0.5859375 0.06328125 0.04140625
15 0.67109375 0.60546875 0.04296875 0.09140625
2 0.72890625 0.59375 0.02421875 0.07578125
2 0.8015625 0.58046875 0.11328125 0.01796875
2 0.809375 0.61015625 0.06875 0.03203125
2 0.7921875 0.55859375 0.06328125 0.02109375
3 0.84765625 0.55234375 0.04453125 0.02578125
3 0.87890625 0.61171875 0.059375 0.0375
3 0.93515625 0.58828125 0.0453125 0.03125
18 0.0859375 0.79375 0.0515625 0.11640625
25 0.13828125 0.81171875 0.0484375 0.1328125
18 0.18984375 0.79296875 0.04921875 0.1234375
18 0.24375 0.8125 0.05234375 0.1109375
19 0.303125 0.8015625 0.06015625 0.078125
22 0.36015625 0.79609375 0.04921875 0.090625
23 0.4078125 0.8046875 0.04140625 0.11171875
16 0.340625 0.72265625 0.0890625 0.0734375
21 0.4578125 0.79921875 0.021875 0.1109375
21 0.48359375 0.80078125 0.025 0.10703125
21 0.5109375 0.77109375 0.0265625 0.09609375
20 0.54921875 0.803125 0.03203125 0.10234375
20 0.60078125 0.765625 0.02734375 0.0640625
20 0.603125 0.83828125 0.06640625 0.0703125
12 0.6609375 0.7921875 0.0296875 0.10859375
30 0.69140625 0.7875 0.021875 0.12890625
30 0.73828125 0.75234375 0.01875 0.12890625
5 0.80234375 0.7703125 0.02265625 0.1
5 0.8515625 0.8015625 0.021875 0.11015625
33 0.878125 0.80859375 0.02421875 0.1109375