34 0.0515625 0.13359375 0.04375 0.1296875
34 0.10234375 0.1328125 0.04609375 0.1078125
34 0.2125 0.14296875 0.0234375 0.09609375
34 0.24921875 0.14765625 0.0421875 0.10546875
34 0.1390625 0.15234375 0.021875 0.08515625
25 0.17421875 0.13671875 0.0421875 0.115625
35 0.3 0.15 0.0515625 0.09453125
35 0.353125 0.1546875 0.0484375 0.08515625
35 0.4078125 0.15546875 0.0484375 0.0765625
35 0.46484375 0.16015625 0.04765625 0.0796875
28 0.53125 0.14765625 0.05 0.0984375
12 0.578125 0.15625 0.03671875 0.09375
28 0.62890625 0.1609375 0.04453125 0.09140625
28 0.68515625 0.16015625 0.0515625 0.08984375
28 0.74140625 0.1625 0.053125 0.08515625
8 0.81015625 0.14765625 0.071875 0.11484375
8 0.86171875 0.16484375 0.02578125 0.08046875
25 0.90546875 0.15546875 0.04921875 0.10390625
34 0.04921875 0.34453125 0.05703125 0.121875
29 0.11171875 0.346875 0.04921875 0.10703125
25 0.1734375 0.36796875 0.04609375 0.07421875
36 0.22890625 0.3640625 0.0453125 0.084375
28 0.284375 0.35546875 0.05625 0.096875
13 0.33828125 0.35546875 0.04296875 0.096875
21 0.37421875 0.35859375 0.021875 0.09609375
14 0.4171875 0.35546875 0.0296875 0.0734375
26 0.465625 0.3578125 0.0546875 0.07734375
26 0.52734375 0.35 0.046875 0.084375
25 0.58046875 0.371875 0.04921875 0.07734375
15 0.6359375 0.38671875 0.05 0.034375
25 0.64375 0.346875 0.05546875 0.0375
10 0.70625 0.36953125 0.053125 0.059375
25 0.76328125 0.3703125 0.05546875 0.0625
9 0.81796875 0.34609375 0.04375 0.0875
9 0.8796875 0.36484375 0.0515625 0.07265625
6 0.0484375 0.51015625 0.06171875 0.0375
18 0.034375 0.56875 0.0484375 0.06484375
11 0.096875 0.5703125 0.0453125 0.0609375
6 0.1625 0.53125 0.0390625 0.071875
7 0.11328125 0.525 0.04453125 0.0234375
11 0.20546875 0.53828125 0.03671875 0.06484375
6 0.253125 0.5171875 0.04140625 0.05390625
11 0.25 0.57421875 0.04375 0.04453125
25 0.30078125 0.55078125 0.046875 0.08515625
16 0.3515625 0.56015625 0.04921875 0.04375
17 0.4734375 0.5078125 0.04375 0.03671875
4 0.49140625 0.5625 0.0421875 0.0421875
31 0.5375 0.55234375 0.03203125 0.053125
1 0.63046875 0.553125 0.03828125 0.04921875
25 0.5828125 0.5484375 0.04453125 0.05
25 0.67734375 0.55703125 0.03203125 0.0328125
2 0.71875 0.54609375 0.04453125 0.0609375
33 0.79765625 0.5 0.0203125 0.06328125
3 0.8859375 0.54765625 0.03203125 0.07578125
2 0.80703125 0.54296875 0.109375 0.0171875
18 0.06875 0.73515625 0.05 0.0875
18 0.1203125 0.7046875 0.0328125 0.07421875
18 0.16015625 0.73671875 0.0390625 0.08125
18 0.2078125 0.740625 0.040625 0.07578125
34 0.2125 0.66953125 0.10625 0.03984375
19 0.25625 0.7390625 0.04375 0.075
22 0.29921875 0.72890625 0.03828125 0.08203125
23 0.34375 0.72890625 0.040625 0.08359375
23 0.4171875 0.70546875 0.034375 0.08125
21 0.45625 0.70390625 0.02578125 0.0828125
21 0.4859375 0.7140625 0.02734375 0.08125
20 0.525 0.7546875 0.0328125 0.0828125
20 0.5578125 0.725 0.02890625 0.08046875
12 0.64453125 0.6859375 0.0296875 0.0859375
30 0.696875 0.7015625 0.01953125 0.109375
28 0.73984375 0.72578125 0.0546875 0.11015625
33 0.80234375 0.69140625 0.02421875 0.08515625
3 0.86640625 0.73515625 0.06171875 0.10546875