34 0.06484375 0.2625 0.04140625 0.1125
34 0.11171875 0.2625 0.0359375 0.115625
34 0.153125 0.26484375 0.04140625 0.11328125
34 0.1953125 0.26640625 0.03828125 0.11484375
34 0.23671875 0.26953125 0.03828125 0.103125
35 0.27734375 0.2703125 0.03671875 0.1015625
35 0.309375 0.271875 0.02265625 0.1078125
35 0.33671875 0.2484375 0.028125 0.115625
35 0.38671875 0.25546875 0.05703125 0.1109375
28 0.465625 0.2515625 0.06015625 0.12265625
28 0.52890625 0.25 0.05859375 0.128125
28 0.58984375 0.259375 0.05625 0.1140625
28 0.65 0.26015625 0.05625 0.11328125
28 0.72578125 0.26484375 0.06640625 0.10546875
8 0.8140625 0.2578125 0.07890625 0.125
8 0.896875 0.25703125 0.0765625 0.12421875
29 0.07421875 0.4734375 0.03828125 0.0796875
29 0.1234375 0.46328125 0.0328125 0.08125
36 0.17890625 0.4640625 0.03828125 0.05390625
36 0.22265625 0.4734375 0.0375 0.08125
13 0.26484375 0.47890625 0.03671875 0.07109375
13 0.30859375 0.48125 0.0421875 0.078125
14 0.36640625 0.4765625 0.04609375 0.08203125
26 0.43125 0.4828125 0.059375 0.075
26 0.49765625 0.48203125 0.06328125 0.0828125
27 0.57890625 0.4859375 0.05546875 0.06875
15 0.64765625 0.4828125 0.05703125 0.078125
24 0.71328125 0.48984375 0.06015625 0.0625
10 0.78046875 0.48984375 0.0546875 0.065625
9 0.84296875 0.4828125 0.04296875 0.084375
9 0.90234375 0.47109375 0.05859375 0.1015625
7 0.0796875 0.64609375 0.03359375 0.08046875
7 0.11640625 0.628125 0.028125 0.0671875
6 0.1578125 0.5859375 0.03203125 0.0375
6 0.15234375 0.64609375 0.03125 0.06875
11 0.1921875 0.646875 0.03671875 0.0640625
11 0.2328125 0.65 0.03828125 0.0625
32 0.27265625 0.6421875 0.03203125 0.078125
16 0.30390625 0.65 0.02578125 0.0578125
17 0.33046875 0.6375 0.01484375 0.059375
16 0.36328125 0.65234375 0.03515625 0.05859375
17 0.41640625 0.64140625 0.04609375 0.0671875
4 0.46875 0.64375 0.03828125 0.04140625
31 0.50546875 0.6609375 0.03046875 0.0609375
1 0.55234375 0.6609375 0.0484375 0.059375
1 0.60859375 0.64921875 0.04921875 0.07734375
0 0.65546875 0.66171875 0.0328125 0.04921875
2 0.73515625 0.64140625 0.1171875 0.08828125
3 0.8609375 0.6484375 0.1 0.08828125
1 0.5578125 0.609375 0.046875 0.03671875
31 0.51484375 0.609375 0.03125 0.03359375
18 0.06875 0.8140625 0.03125 0.07578125
18 0.1046875 0.81484375 0.0328125 0.07578125
18 0.1421875 0.81640625 0.03359375 0.075
18 0.178125 0.8109375 0.03359375 0.07578125
19 0.2140625 0.8125 0.03359375 0.07734375
22 0.25078125 0.81015625 0.034375 0.07734375
23 0.29140625 0.8125 0.0375 0.078125
21 0.32578125 0.8125 0.02265625 0.07890625
23 0.3625 0.8125 0.03046875 0.078125
21 0.4 0.8171875 0.0390625 0.0796875
21 0.43984375 0.8140625 0.0375 0.071875
20 0.50234375 0.81015625 0.03046875 0.07265625
20 0.5359375 0.809375 0.03046875 0.07734375
12 0.596875 0.8109375 0.03359375 0.07578125
12 0.66171875 0.79609375 0.02421875 0.1015625
5 0.72109375 0.80859375 0.021875 0.07578125
33 0.78203125 0.81171875 0.02421875 0.08203125