34 0.09375 0.12734375 0.04609375 0.1046875
34 0.134375 0.12578125 0.03125 0.1046875
34 0.225 0.12109375 0.0484375 0.1203125
25 0.17578125 0.11484375 0.04453125 0.13046875
25 0.27578125 0.121875 0.04765625 0.115625
25 0.33125 0.12734375 0.0578125 0.10390625
35 0.38359375 0.14296875 0.0421875 0.08046875
35 0.42890625 0.13671875 0.04453125 0.0890625
35 0.47890625 0.12890625 0.0296875 0.10234375
25 0.53203125 0.12734375 0.059375 0.1078125
28 0.59140625 0.1359375 0.05625 0.09765625
28 0.646875 0.12265625 0.04921875 0.1171875
28 0.70078125 0.13046875 0.05234375 0.09765625
28 0.82421875 0.134375 0.053125 0.09765625
35 0.75390625 0.11953125 0.05078125 0.11953125
8 0.89140625 0.125 0.07578125 0.1125
9 0.91171875 0.36171875 0.0609375 0.09765625
9 0.8546875 0.36875 0.04921875 0.08125
10 0.8 0.3859375 0.05546875 0.05390625
24 0.73515625 0.37734375 0.06484375 0.06015625
24 0.67109375 0.378125 0.05703125 0.0640625
29 0.09765625 0.3421875 0.0578125 0.0953125
29 0.153125 0.33203125 0.0453125 0.0890625
36 0.20625 0.3390625 0.04765625 0.09765625
36 0.26015625 0.34296875 0.0546875 0.09375
13 0.31875 0.346875 0.05390625 0.09140625
13 0.37421875 0.3453125 0.0515625 0.09140625
14 0.4265625 0.3453125 0.0484375 0.090625
26 0.4953125 0.36171875 0.05390625 0.09453125
26 0.55390625 0.359375 0.05859375 0.0921875
27 0.61484375 0.3796875 0.05234375 0.071875
7 0.1109375 0.55 0.04296875 0.06875
7 0.16171875 0.5203125 0.05078125 0.078125
6 0.21953125 0.54609375 0.04453125 0.0921875
11 0.26875 0.56171875 0.0453125 0.0578125
11 0.3171875 0.55859375 0.04140625 0.065625
32 0.36484375 0.55078125 0.0453125 0.0828125
16 0.40703125 0.56171875 0.03203125 0.06875
17 0.44375 0.55546875 0.0359375 0.0734375
17 0.4890625 0.57578125 0.04921875 0.07890625
4 0.5390625 0.5859375 0.03984375 0.05859375
31 0.578125 0.5796875 0.0328125 0.0625
1 0.6203125 0.5828125 0.04375 0.065625
1 0.67109375 0.584375 0.04765625 0.05859375
0 0.71640625 0.58828125 0.034375 0.03984375
2 0.78359375 0.56953125 0.09453125 0.071875
2 0.8984375 0.5734375 0.1109375 0.08203125
33 0.87734375 0.77265625 0.0234375 0.0953125
5 0.81328125 0.76796875 0.021875 0.096875
30 0.74921875 0.7515625 0.02265625 0.1203125
12 0.67421875 0.76484375 0.0296875 0.1
20 0.57734375 0.77734375 0.03046875 0.09296875
20 0.60859375 0.778125 0.0265625 0.096875
21 0.521875 0.76875 0.0359375 0.09453125
21 0.48515625 0.76484375 0.0328125 0.09375
21 0.45078125 0.75703125 0.01796875 0.10078125
23 0.39296875 0.75546875 0.046875 0.10625
22 0.34609375 0.7546875 0.04140625 0.10234375
19 0.29921875 0.7609375 0.04375 0.10234375
18 0.25078125 0.76171875 0.04453125 0.10390625
18 0.20234375 0.765625 0.04453125 0.1
18 0.15390625 0.76796875 0.046875 0.10234375
18 0.10234375 0.7703125 0.046875 0.10625