25 0.10703125 0.16640625 0.05 0.08984375
34 0.15625 0.16640625 0.0375 0.08828125
34 0.19609375 0.1671875 0.02734375 0.08671875
25 0.23046875 0.165625 0.03671875 0.0875
34 0.27265625 0.17109375 0.040625 0.0828125
35 0.3265625 0.178125 0.034375 0.06953125
25 0.38828125 0.18046875 0.040625 0.06484375
35 0.4421875 0.178125 0.034375 0.071875
28 0.49296875 0.178125 0.0390625 0.0734375
28 0.540625 0.17421875 0.03515625 0.078125
25 0.584375 0.18359375 0.046875 0.06328125
28 0.61484375 0.13046875 0.05859375 0.0375
28 0.6359375 0.184375 0.0390625 0.05859375
25 0.68359375 0.18046875 0.03984375 0.0703125
8 0.74140625 0.1765625 0.0484375 0.071875
25 0.80625 0.1765625 0.071875 0.07578125
9 0.82109375 0.32265625 0.04140625 0.08046875
9 0.7734375 0.340625 0.04453125 0.07265625
10 0.72578125 0.35390625 0.0421875 0.04765625
25 0.67109375 0.3515625 0.0578125 0.05703125
15 0.61484375 0.35390625 0.04375 0.03828125
25 0.57265625 0.34140625 0.03671875 0.0515625
26 0.5125 0.32890625 0.03984375 0.0625
26 0.4578125 0.35 0.0421875 0.0578125
14 0.4203125 0.3171875 0.028125 0.03984375
14 0.3875 0.3296875 0.034375 0.04375
13 0.3296875 0.34140625 0.03203125 0.0484375
13 0.296875 0.32734375 0.03046875 0.065625
36 0.2578125 0.328125 0.0421875 0.071875
25 0.203125 0.3421875 0.04140625 0.0734375
29 0.16796875 0.32890625 0.02265625 0.06875
29 0.1328125 0.3359375 0.03984375 0.06484375
7 0.1390625 0.4671875 0.03125 0.0515625
7 0.11015625 0.48125 0.0234375 0.053125
25 0.190625 0.4875 0.03828125 0.065625
11 0.2875 0.4421875 0.03359375 0.0421875
11 0.28125 0.4859375 0.0328125 0.0421875
11 0.2453125 0.4421875 0.02890625 0.04140625
32 0.31796875 0.4921875 0.03046875 0.04921875
32 0.34765625 0.47734375 0.02578125 0.03984375
25 0.3859375 0.48984375 0.04765625 0.04765625
17 0.43046875 0.46796875 0.0328125 0.0484375
4 0.46328125 0.4953125 0.02265625 0.0390625
31 0.49140625 0.48828125 0.025 0.04921875
1 0.5359375 0.47578125 0.03828125 0.04296875
1 0.57890625 0.49921875 0.040625 0.05546875
0 0.61875 0.50859375 0.02734375 0.03359375
2 0.64453125 0.4890625 0.01796875 0.07265625
2 0.68828125 0.48828125 0.03203125 0.06953125
2 0.73125 0.4859375 0.0265625 0.07421875
3 0.79453125 0.49453125 0.0796875 0.0734375
33 0.73515625 0.66015625 0.02734375 0.08828125
5 0.66328125 0.66015625 0.025 0.090625
30 0.621875 0.63984375 0.02421875 0.11015625
12 0.57109375 0.6265625 0.02890625 0.0859375
12 0.5421875 0.61796875 0.02421875 0.08515625
20 0.5125 0.65625 0.02890625 0.08984375
20 0.48046875 0.6578125 0.03046875 0.0875
21 0.42734375 0.6390625 0.02109375 0.0921875
21 0.390625 0.65390625 0.0265625 0.09140625
21 0.446875 0.61796875 0.0140625 0.08046875
23 0.3546875 0.62578125 0.03984375 0.0609375
19 0.2671875 0.6625 0.04453125 0.08203125
18 0.21953125 0.67421875 0.03828125 0.0796875
18 0.17109375 0.665625 0.0390625 0.0859375
18 0.11953125 0.67265625 0.0515625 0.084375