34 0.05 0.2453125 0.04921875 0.09765625
34 0.1046875 0.2421875 0.05078125 0.1015625
34 0.159375 0.24140625 0.0484375 0.103125
34 0.209375 0.23828125 0.0421875 0.10703125
34 0.26328125 0.246875 0.05390625 0.0875
35 0.26171875 0.1703125 0.0453125 0.0484375
35 0.3171875 0.21171875 0.03984375 0.053125
34 0.3265625 0.26484375 0.05625 0.04609375
35 0.4140625 0.2515625 0.0453125 0.06953125
28 0.40625 0.16953125 0.071875 0.0640625
35 0.46640625 0.2578125 0.05234375 0.05546875
28 0.515625 0.2515625 0.03828125 0.07109375
28 0.575 0.24921875 0.04765625 0.07578125
28 0.625 0.24765625 0.04140625 0.078125
28 0.6796875 0.26015625 0.0515625 0.05234375
28 0.73359375 0.253125 0.04453125 0.065625
8 0.69375 0.19921875 0.05859375 0.040625
8 0.7875 0.26484375 0.059375 0.04140625
28 0.78125 0.21171875 0.0421875 0.05859375
8 0.865625 0.24375 0.07265625 0.08203125
9 0.86484375 0.41484375 0.06015625 0.0734375
9 0.80234375 0.41015625 0.05546875 0.07734375
10 0.746875 0.42265625 0.046875 0.0390625
24 0.6921875 0.428125 0.0546875 0.0328125
10 0.63515625 0.40546875 0.046875 0.03125
15 0.628125 0.440625 0.05 0.03515625
27 0.5734375 0.434375 0.0453125 0.04296875
9 0.53359375 0.37109375 0.03828125 0.0453125
26 0.51875 0.428125 0.0578125 0.06015625
26 0.46171875 0.421875 0.04453125 0.0609375
13 0.43359375 0.3546875 0.0265625 0.0609375
14 0.425 0.42109375 0.0234375 0.0515625
14 0.39296875 0.45234375 0.0328125 0.053125
13 0.3921875 0.3828125 0.0375 0.07421875
13 0.346875 0.44140625 0.05 0.078125
13 0.28984375 0.44375 0.053125 0.06953125
14 0.3015625 0.3671875 0.03984375 0.0703125
36 0.23515625 0.43828125 0.0453125 0.0703125
36 0.18203125 0.44296875 0.04453125 0.071875
29 0.20546875 0.37421875 0.0515625 0.05390625
29 0.13203125 0.43359375 0.04453125 0.0734375
29 0.07734375 0.4421875 0.0484375 0.0671875
36 0.103125 0.37109375 0.06484375 0.04609375
3 0.8625 0.59765625 0.08828125 0.06796875
2 0.71328125 0.59765625 0.01953125 0.0734375
2 0.7375 0.596875 0.0203125 0.0671875
2 0.76171875 0.596875 0.021875 0.06640625
2 0.78984375 0.5984375 0.02734375 0.06875
2 0.59453125 0.57109375 0.03203125 0.059375
1 0.5609375 0.5828125 0.03203125 0.03671875
3 0.565625 0.61953125 0.10078125 0.03359375
4 0.48046875 0.60390625 0.05 0.0453125
31 0.440625 0.5625 0.03671875 0.03203125
16 0.36875 0.61015625 0.034375 0.034375
32 0.32890625 0.62890625 0.03828125 0.0484375
11 0.325 0.5703125 0.05625 0.03984375
16 0.27578125 0.6 0.03828125 0.0328125
11 0.23515625 0.6046875 0.03515625 0.046875
7 0.203125 0.55703125 0.04609375 0.04140625
6 0.1875 0.6125 0.0484375 0.05
7 0.13046875 0.61328125 0.04375 0.0515625
6 0.15234375 0.5609375 0.04140625 0.0390625
7 0.09296875 0.58828125 0.02734375 0.065625
18 0.0984375 0.775 0.0421875 0.0640625
20 0.13359375 0.72265625 0.06015625 0.03359375
18 0.14140625 0.775 0.0390625 0.06328125
18 0.18359375 0.7828125 0.0390625 0.053125
18 0.22578125 0.7828125 0.0390625 0.0515625
36 0.190625 0.7265625 0.04765625 0.05546875
21 0.24921875 0.73203125 0.06328125 0.0265625
19 0.26953125 0.77890625 0.0421875 0.059375
22 0.3125 0.7703125 0.0390625 0.0703125
21 0.353125 0.73359375 0.0296875 0.05546875
13 0.38828125 0.778125 0.02734375 0.1203125
28 0.440625 0.7125 0.0609375 0.07578125
21 0.4171875 0.775 0.0265625 0.0453125
21 0.446875 0.7765625 0.02734375 0.04453125
35 0.5296875 0.70625 0.04453125 0.065625
12 0.50078125 0.79375 0.034375 0.07890625
20 0.5359375 0.78984375 0.02890625 0.090625
12 0.61171875 0.7453125 0.0359375 0.09765625
28 0.65859375 0.78125 0.04609375 0.09453125
30 0.69765625 0.76953125 0.02109375 0.13046875
9 0.7296875 0.8 0.0359375 0.0984375
5 0.7625 0.79296875 0.02265625 0.1
25 0.80703125 0.7140625 0.103125 0.05078125
33 0.84296875 0.80703125 0.03046875 0.08125
24 0.9 0.809375 0.07578125 0.09296875