34 0.15859375 0.3359375 0.0390625 0.06171875
6 0.19453125 0.34296875 0.02734375 0.05234375
34 0.23359375 0.33515625 0.04140625 0.0609375
34 0.2765625 0.33359375 0.03828125 0.06171875
34 0.30625 0.33515625 0.01484375 0.06015625
34 0.33125 0.33671875 0.0296875 0.059375
35 0.36953125 0.33984375 0.04140625 0.05
35 0.41328125 0.3390625 0.0390625 0.05234375
35 0.4546875 0.33984375 0.03828125 0.04921875
35 0.4953125 0.33828125 0.0390625 0.05625
28 0.540625 0.33515625 0.03515625 0.0625
28 0.58359375 0.33828125 0.0453125 0.05546875
8 0.63671875 0.33515625 0.04453125 0.06171875
8 0.68046875 0.3390625 0.0375 0.05625
28 0.72421875 0.33671875 0.0453125 0.0734375
8 0.7875 0.3375 0.06484375 0.05703125
9 0.80859375 0.475 0.03671875 0.05859375
21 0.77109375 0.475 0.028125 0.06015625
31 0.72421875 0.48125 0.03125 0.04453125
28 0.68359375 0.47421875 0.0453125 0.059375
34 0.6375 0.4765625 0.03984375 0.05234375
27 0.5921875 0.47890625 0.04609375 0.04921875
4 0.5421875 0.475 0.03046875 0.053125
26 0.49453125 0.475 0.04375 0.05234375
14 0.45390625 0.475 0.0375 0.0546875
13 0.409375 0.4703125 0.04296875 0.06171875
12 0.37265625 0.47109375 0.021875 0.0609375
13 0.33984375 0.47109375 0.03671875 0.05546875
34 0.3015625 0.47578125 0.0328125 0.05078125
36 0.25390625 0.475 0.0546875 0.05546875
29 0.20546875 0.4734375 0.03828125 0.059375
34 0.1640625 0.47421875 0.03828125 0.05546875
29 0.153125 0.61640625 0.04609375 0.053125
7 0.2 0.6125 0.04140625 0.05546875
18 0.2671875 0.61875 0.05 0.0484375
18 0.3984375 0.61796875 0.046875 0.046875
18 0.2828125 0.71328125 0.0375 0.04140625
18 0.28125 0.7625 0.040625 0.0421875
28 0.3265625 0.6140625 0.0515625 0.05
17 0.45078125 0.61640625 0.03046875 0.04921875
20 0.48046875 0.61015625 0.02421875 0.0609375
14 0.53046875 0.61328125 0.04296875 0.05859375
16 0.5734375 0.62421875 0.0328125 0.04296875
12 0.61171875 0.60546875 0.02578125 0.065625
17 0.6453125 0.625 0.03359375 0.03203125
36 0.7078125 0.61171875 0.04921875 0.0765625
13 0.82734375 0.61640625 0.04765625 0.04140625
5 0.78671875 0.765625 0.01953125 0.071875
5 0.76171875 0.75859375 0.01953125 0.06875
33 0.73125 0.76328125 0.01796875 0.065625
30 0.65078125 0.7359375 0.0203125 0.08984375
21 0.6078125 0.75 0.02890625 0.071875
21 0.49140625 0.73515625 0.028125 0.0578125
21 0.45625 0.746875 0.025 0.0609375
20 0.54921875 0.7453125 0.02578125 0.0640625
20 0.52265625 0.74609375 0.0234375 0.0609375
23 0.42421875 0.734375 0.028125 0.04296875
23 0.36640625 0.7484375 0.03671875 0.05078125
16 0.32578125 0.75546875 0.034375 0.06953125
19 0.2359375 0.7640625 0.04296875 0.04453125
20 0.18828125 0.75390625 0.02421875 0.06171875