34 0.1296875 0.37890625 0.03359375 0.06953125
34 0.178125 0.38125 0.03828125 0.0625
34 0.221875 0.38125 0.034375 0.06484375
34 0.27265625 0.384375 0.03359375 0.0578125
34 0.31796875 0.3859375 0.0328125 0.05078125
35 0.35546875 0.38515625 0.03359375 0.0515625
35 0.390625 0.38828125 0.028125 0.04921875
35 0.421875 0.38359375 0.028125 0.059375
28 0.46171875 0.390625 0.034375 0.046875
28 0.503125 0.3859375 0.03515625 0.0546875
28 0.54296875 0.384375 0.0328125 0.05546875
28 0.590625 0.3859375 0.04296875 0.05078125
28 0.634375 0.38203125 0.03671875 0.0625
8 0.68984375 0.384375 0.04296875 0.0546875
16 0.73359375 0.39765625 0.0328125 0.02734375
21 0.71484375 0.5015625 0.028125 0.0546875
36 0.6640625 0.50078125 0.0390625 0.05078125
21 0.60546875 0.5 0.02421875 0.0546875
34 0.54921875 0.503125 0.03671875 0.05078125
21 0.51171875 0.50078125 0.0234375 0.05390625
17 0.44921875 0.509375 0.03125 0.0390625
17 0.47734375 0.49609375 0.0203125 0.0515625
17 0.41640625 0.4984375 0.03046875 0.0515625
14 0.38359375 0.5015625 0.03125 0.05
13 0.3484375 0.496875 0.02734375 0.0578125
24 0.30546875 0.49453125 0.0484375 0.065625
7 0.2515625 0.50703125 0.0296875 0.0390625
16 0.20546875 0.50546875 0.02734375 0.04453125
36 0.18046875 0.5 0.01953125 0.05625
36 0.20390625 0.453125 0.04296875 0.0296875
29 0.15390625 0.50859375 0.02890625 0.040625
29 0.11640625 0.5078125 0.034375 0.0453125
7 0.1140625 0.61953125 0.0296875 0.05078125
7 0.1484375 0.6234375 0.02890625 0.04296875
6 0.1859375 0.6203125 0.02890625 0.05078125
8 0.22890625 0.61484375 0.03828125 0.0703125
11 0.26640625 0.62734375 0.0296875 0.04609375
32 0.303125 0.6140625 0.02421875 0.0546875
18 0.33671875 0.6171875 0.0359375 0.04375
31 0.38125 0.6203125 0.01875 0.05234375
4 0.4171875 0.62421875 0.0234375 0.03515625
14 0.44921875 0.625 0.03046875 0.04375
1 0.48515625 0.62734375 0.0328125 0.04140625
1 0.51953125 0.61328125 0.028125 0.04609375
17 0.55546875 0.63203125 0.03515625 0.03125
3 0.59921875 0.621875 0.01640625 0.04140625
5 0.62109375 0.62109375 0.0171875 0.05859375
3 0.65 0.61640625 0.03515625 0.0234375
2 0.67890625 0.62890625 0.01484375 0.0390625
2 0.6984375 0.62578125 0.0171875 0.04453125
2 0.74609375 0.63046875 0.0578125 0.0390625
12 0.72890625 0.7484375 0.025 0.06171875
12 0.69921875 0.7515625 0.025 0.0640625
5 0.66796875 0.7484375 0.0171875 0.0625
33 0.64765625 0.74375 0.0171875 0.05625
33 0.625 0.7390625 0.01875 0.05703125
30 0.578125 0.7203125 0.0109375 0.078125
30 0.5625 0.72890625 0.0171875 0.07890625
21 0.5234375 0.7390625 0.0265625 0.05859375
20 0.47578125 0.74921875 0.02265625 0.0546875
20 0.4515625 0.746875 0.02109375 0.05390625
21 0.41640625 0.725 0.0234375 0.05625
19 0.3453125 0.73203125 0.034375 0.04765625
23 0.3046875 0.73359375 0.0359375 0.0453125
22 0.265625 0.73671875 0.0328125 0.046875
18 0.22578125 0.74375 0.040625 0.0484375
18 0.171875 0.7 0.03671875 0.04296875
18 0.1578125 0.75 0.0375 0.03671875
18 0.11875 0.7546875 0.03671875 0.0359375
18 0.12421875 0.70625 0.03828125 0.0453125