34 0.11484375 0.36328125 0.0359375 0.06640625
34 0.16640625 0.3625 0.040625 0.0640625
34 0.2140625 0.36484375 0.03515625 0.05625
34 0.26875 0.36640625 0.0359375 0.0546875
34 0.31640625 0.36875 0.03515625 0.05078125
34 0.5546875 0.49375 0.03828125 0.05390625
35 0.3546875 0.36875 0.03359375 0.04921875
35 0.39140625 0.3703125 0.0328125 0.0515625
35 0.42734375 0.36796875 0.0296875 0.05625
28 0.46796875 0.3734375 0.03671875 0.05
28 0.5109375 0.3671875 0.0390625 0.059375
28 0.55234375 0.3671875 0.034375 0.05390625
28 0.6 0.36875 0.034375 0.05703125
28 0.64453125 0.36796875 0.0359375 0.06171875
8 0.70625 0.36875 0.046875 0.0546875
8 0.3 0.48515625 0.04375 0.0703125
16 0.75078125 0.37890625 0.03515625 0.03359375
16 0.1921875 0.49296875 0.0328125 0.046875
29 0.096875 0.4953125 0.0390625 0.0515625
29 0.13671875 0.49375 0.03125 0.04375
36 0.1640625 0.48828125 0.01875 0.06328125
7 0.2421875 0.496875 0.034375 0.04921875
13 0.34296875 0.4859375 0.0359375 0.06875
14 0.38125 0.48984375 0.03203125 0.0609375
14 0.45 0.6265625 0.0359375 0.04765625
26 0.4140625 0.4890625 0.02421875 0.05703125
26 0.4796875 0.48828125 0.02265625 0.05390625
17 0.44609375 0.50078125 0.03359375 0.04296875
21 0.51796875 0.4921875 0.0265625 0.05703125
21 0.61484375 0.49140625 0.025 0.0640625
21 0.72890625 0.49140625 0.0234375 0.05859375
21 0.41328125 0.7328125 0.02578125 0.0625
21 0.5234375 0.75 0.0296875 0.06640625
36 0.675 0.4921875 0.04140625 0.05703125
7 0.0921875 0.615625 0.03515625 0.05546875
7 0.128125 0.6203125 0.03203125 0.05546875
6 0.17265625 0.62421875 0.04765625 0.05078125
11 0.25078125 0.62734375 0.04296875 0.04765625
31 0.38046875 0.62109375 0.021875 0.053125
4 0.415625 0.62734375 0.025 0.04375
1 0.48828125 0.62890625 0.034375 0.04921875
1 0.5234375 0.6140625 0.03125 0.0515625
17 0.56328125 0.634375 0.03671875 0.03515625
3 0.60703125 0.62265625 0.015625 0.04453125
5 0.63046875 0.621875 0.01640625 0.0625
18 0.096875 0.715625 0.03984375 0.05
18 0.1515625 0.70234375 0.0421875 0.046875
18 0.09140625 0.76640625 0.03984375 0.0390625
18 0.13359375 0.76171875 0.03125 0.0359375
18 0.17265625 0.75625 0.03828125 0.05234375
18 0.215625 0.753125 0.0375 0.05078125
22 0.24921875 0.75 0.025 0.05078125
24 0.29296875 0.74453125 0.05 0.0796875
19 0.33984375 0.74296875 0.03359375 0.05
20 0.45 0.759375 0.0234375 0.0546875
20 0.475 0.759375 0.02265625 0.05546875
30 0.56640625 0.73671875 0.01640625 0.08125
33 0.63203125 0.7484375 0.01640625 0.0625
33 0.65390625 0.75390625 0.01640625 0.06171875
5 0.675 0.75859375 0.0171875 0.065625
12 0.70625 0.76171875 0.025 0.06953125
12 0.7390625 0.7578125 0.02734375 0.06875