34 0.13515625 0.3703125 0.03203125 0.05078125
13 0.20703125 0.3765625 0.03203125 0.05234375
34 0.2375 0.371875 0.0296875 0.05234375
20 0.28125 0.375 0.021875 0.05859375
34 0.2609375 0.37578125 0.0109375 0.05078125
35 0.32578125 0.375 0.02578125 0.05234375
35 0.35859375 0.37578125 0.0359375 0.05234375
35 0.39609375 0.37578125 0.03515625 0.04609375
35 0.43203125 0.37578125 0.0296875 0.04765625
28 0.47109375 0.38203125 0.03125 0.03984375
35 0.51171875 0.3765625 0.0296875 0.040625
28 0.55546875 0.37578125 0.025 0.04453125
28 0.60625 0.3578125 0.021875 0.0203125
28 0.63828125 0.37421875 0.03203125 0.05
8 0.69921875 0.33203125 0.03515625 0.040625
8 0.70234375 0.3765625 0.03359375 0.04140625
8 0.67109375 0.375 0.02421875 0.04453125
12 0.74765625 0.3703125 0.02421875 0.0609375
9 0.71328125 0.49453125 0.04140625 0.05546875
36 0.6671875 0.4953125 0.03515625 0.05546875
31 0.63515625 0.50234375 0.02578125 0.046875
28 0.60234375 0.4953125 0.0375 0.05
34 0.56171875 0.496875 0.0359375 0.05546875
21 0.51796875 0.496875 0.02890625 0.06015625
4 0.47109375 0.4984375 0.0296875 0.053125
26 0.42890625 0.4984375 0.034375 0.05078125
14 0.38984375 0.49921875 0.03125 0.0515625
20 0.3484375 0.4984375 0.0234375 0.059375
13 0.32734375 0.496875 0.01796875 0.05390625
13 0.3 0.4953125 0.03125 0.05
34 0.25859375 0.50078125 0.03203125 0.04921875
36 0.2328125 0.49453125 0.015625 0.053125
36 0.20703125 0.496875 0.03203125 0.04921875
29 0.171875 0.503125 0.02734375 0.03515625
34 0.13984375 0.49765625 0.034375 0.05625
29 0.12734375 0.62734375 0.03359375 0.04765625
7 0.171875 0.62421875 0.03828125 0.02578125
6 0.2078125 0.625 0.0328125 0.028125
11 0.23984375 0.62890625 0.03125 0.03203125
11 0.27421875 0.6296875 0.03359375 0.0421875
12 0.3046875 0.61953125 0.02421875 0.06328125
18 0.34453125 0.6234375 0.0390625 0.04765625
17 0.3875 0.62265625 0.03125 0.04609375
18 0.421875 0.628125 0.034375 0.04921875
14 0.45625 0.62890625 0.0296875 0.0453125
1 0.4921875 0.634375 0.028125 0.03984375
1 0.52578125 0.62109375 0.0296875 0.0421875
17 0.5609375 0.634375 0.03359375 0.0296875
21 0.628125 0.62421875 0.025 0.0640625
3 0.60546875 0.62578125 0.015625 0.046875
3 0.6578125 0.62109375 0.03203125 0.0203125
2 0.69609375 0.63203125 0.04140625 0.04765625
13 0.7390625 0.6296875 0.03828125 0.04453125
5 0.69375 0.765625 0.01953125 0.06875
5 0.6734375 0.759375 0.0171875 0.0671875
33 0.64453125 0.76328125 0.0203125 0.065625
30 0.5703125 0.740625 0.0203125 0.08515625
21 0.5296875 0.7515625 0.0296875 0.0671875
20 0.475 0.746875 0.02109375 0.059375
20 0.4515625 0.74765625 0.02265625 0.059375
21 0.41484375 0.74921875 0.02734375 0.06484375
18 0.34765625 0.7625 0.0375 0.053125
19 0.31171875 0.74453125 0.03203125 0.05234375
16 0.275 0.753125 0.03046875 0.0703125
18 0.2359375 0.7625 0.0359375 0.04921875
18 0.184375 0.76484375 0.0375 0.04375
28 0.2109375 0.71796875 0.040625 0.03671875
18 0.13828125 0.7578125 0.0390625 0.05390625
34 0.29921875 0.36953125 0.0109375 0.034375