34 0.1375 0.290625 0.034375 0.05625
34 0.17265625 0.28828125 0.03125 0.05625
34 0.2 0.28515625 0.01953125 0.05859375
18 0.2296875 0.296875 0.0375 0.0453125
34 0.26796875 0.29375 0.0265625 0.0484375
13 0.30390625 0.2984375 0.040625 0.0390625
35 0.34765625 0.2953125 0.02734375 0.0421875
35 0.3828125 0.29609375 0.03359375 0.0390625
35 0.4234375 0.303125 0.03203125 0.02890625
17 0.46015625 0.29296875 0.03203125 0.04140625
28 0.5109375 0.29296875 0.03828125 0.046875
28 0.559375 0.29140625 0.0296875 0.0484375
36 0.6 0.29609375 0.03359375 0.03828125
28 0.63671875 0.296875 0.0265625 0.03828125
22 0.6953125 0.2984375 0.03828125 0.04140625
8 0.73671875 0.29453125 0.03125 0.0421875
34 0.7734375 0.290625 0.03203125 0.04140625
12 0.78984375 0.41171875 0.028125 0.05625
31 0.70078125 0.4203125 0.025 0.04375
32 0.7453125 0.4328125 0.04296875 0.01484375
28 0.6625 0.41640625 0.03515625 0.05234375
34 0.6140625 0.415625 0.03203125 0.0453125
27 0.5609375 0.421875 0.0359375 0.0359375
16 0.51015625 0.42578125 0.02265625 0.0328125
11 0.46640625 0.4234375 0.03515625 0.03671875
14 0.41640625 0.41953125 0.028125 0.04375
11 0.371875 0.43203125 0.040625 0.02421875
13 0.371875 0.403125 0.03828125 0.02734375
34 0.2796875 0.41484375 0.034375 0.046875
3 0.32265625 0.41015625 0.01796875 0.06015625
36 0.225 0.415625 0.03203125 0.04609375
36 0.23984375 0.3640625 0.02421875 0.02578125
29 0.17421875 0.41953125 0.034375 0.03984375
29 0.1375 0.41796875 0.03125 0.0421875
29 0.13203125 0.54140625 0.03984375 0.03828125
7 0.18359375 0.54140625 0.03203125 0.04375
6 0.22421875 0.540625 0.0265625 0.03046875
16 0.253125 0.54765625 0.02265625 0.03046875
11 0.29140625 0.5453125 0.02890625 0.03125
8 0.36640625 0.5375 0.040625 0.05703125
14 0.42578125 0.5484375 0.034375 0.0421875
6 0.4625 0.5421875 0.028125 0.04609375
14 0.50390625 0.5453125 0.03203125 0.04453125
1 0.5375 0.5421875 0.0296875 0.02890625
1 0.56640625 0.5359375 0.01640625 0.04375
12 0.58828125 0.534375 0.0265625 0.06015625
17 0.6203125 0.55078125 0.03203125 0.02734375
8 0.6859375 0.540625 0.053125 0.03671875
2 0.7625 0.546875 0.04609375 0.034375
13 0.809375 0.53984375 0.0359375 0.0375
5 0.7671875 0.67421875 0.02109375 0.065625
20 0.16484375 0.66796875 0.02578125 0.065625
19 0.209375 0.67734375 0.0375 0.04296875
18 0.25390625 0.6296875 0.03671875 0.04140625
18 0.25234375 0.67578125 0.0421875 0.04375
27 0.303125 0.6515625 0.03984375 0.0703125
23 0.34140625 0.67109375 0.03203125 0.040625
4 0.3765625 0.6671875 0.02734375 0.06875
21 0.421875 0.66484375 0.021875 0.05390625
21 0.45703125 0.6671875 0.03046875 0.05859375
26 0.50859375 0.66953125 0.03671875 0.059375
20 0.540625 0.6703125 0.01953125 0.05625
21 0.584375 0.66484375 0.02890625 0.06171875
30 0.628125 0.65078125 0.01640625 0.07734375
33 0.6953125 0.66640625 0.01640625 0.0578125
33 0.7140625 0.6734375 0.0171875 0.05546875
5 0.74375 0.66796875 0.021875 0.065625