34 0.19765625 0.37421875 0.03046875 0.07265625
34 0.24609375 0.37734375 0.03046875 0.05703125
34 0.28203125 0.3765625 0.034375 0.065625
8 0.3328125 0.378125 0.0359375 0.06328125
35 0.38984375 0.38125 0.02578125 0.05859375
35 0.41953125 0.38203125 0.028125 0.05625
35 0.453125 0.38828125 0.0296875 0.04765625
35 0.4875 0.38203125 0.02890625 0.059375
28 0.528125 0.3890625 0.0328125 0.05
28 0.56484375 0.38359375 0.03125 0.05546875
28 0.60390625 0.38828125 0.02890625 0.04296875
16 0.63671875 0.39375 0.02578125 0.0390625
28 0.66328125 0.3859375 0.02421875 0.05
28 0.6953125 0.38359375 0.02890625 0.0578125
8 0.74921875 0.3828125 0.04296875 0.05390625
16 0.79375 0.396875 0.02890625 0.03046875
21 0.771875 0.50546875 0.02578125 0.0546875
36 0.7234375 0.5078125 0.0328125 0.0546875
24 0.66328125 0.51953125 0.03828125 0.02109375
34 0.6109375 0.5078125 0.03125 0.05078125
27 0.571875 0.50546875 0.03203125 0.0484375
17 0.5125 0.51484375 0.028125 0.040625
26 0.53984375 0.50390625 0.021875 0.053125
26 0.48046875 0.50234375 0.0296875 0.053125
14 0.446875 0.50546875 0.028125 0.05390625
13 0.4109375 0.50390625 0.03515625 0.059375
13 0.3703125 0.50234375 0.03671875 0.06015625
21 0.31796875 0.5046875 0.02265625 0.06171875
36 0.290625 0.5015625 0.02421875 0.05625
36 0.2578125 0.5015625 0.0328125 0.05625
29 0.22265625 0.50859375 0.028125 0.0453125
29 0.1875 0.5078125 0.0359375 0.04453125
24 0.20390625 0.62421875 0.040625 0.06875
6 0.2625 0.6296875 0.02890625 0.05546875
21 0.303125 0.6296875 0.0234375 0.05859375
11 0.33984375 0.640625 0.034375 0.040625
32 0.3796875 0.62578125 0.0234375 0.05234375
32 0.4453125 0.63203125 0.025 0.05234375
4 0.48046875 0.63828125 0.02265625 0.0328125
14 0.51171875 0.6375 0.0296875 0.04375
1 0.54609375 0.6390625 0.03125 0.04296875
1 0.58125 0.62734375 0.0296875 0.046875
17 0.61640625 0.64375 0.0328125 0.03359375
3 0.65859375 0.634375 0.0171875 0.0421875
5 0.67890625 0.63203125 0.015625 0.0625
3 0.70859375 0.63203125 0.03828125 0.02734375
34 0.7671875 0.62890625 0.03203125 0.06875
2 0.809375 0.64765625 0.04453125 0.0375
12 0.784375 0.76796875 0.025 0.0640625
12 0.75390625 0.76953125 0.025 0.06484375
5 0.72421875 0.7671875 0.01875 0.065625
33 0.70390625 0.76171875 0.015625 0.0625
33 0.6828125 0.75859375 0.01953125 0.06015625
30 0.6375 0.740625 0.01015625 0.0828125
30 0.621875 0.74609375 0.015625 0.084375
21 0.58203125 0.75625 0.0265625 0.0625
20 0.5359375 0.76328125 0.02109375 0.0578125
20 0.51171875 0.7609375 0.021875 0.0609375
21 0.4796875 0.740625 0.0234375 0.05703125
19 0.4125 0.74921875 0.0328125 0.05234375
23 0.3765625 0.7484375 0.03203125 0.0484375
22 0.340625 0.7546875 0.03359375 0.0515625
18 0.30390625 0.7609375 0.0328125 0.05
18 0.26640625 0.7671875 0.0359375 0.05078125
18 0.2453125 0.71328125 0.0390625 0.05
18 0.22890625 0.76796875 0.03125 0.04375
18 0.19296875 0.72421875 0.03671875 0.04921875
18 0.18984375 0.77421875 0.03828125 0.04296875