34 0.0546875 0.35390625 0.04140625 0.071875
34 0.10390625 0.35703125 0.04921875 0.06796875
34 0.15859375 0.3578125 0.053125 0.06640625
34 0.21796875 0.36171875 0.053125 0.06171875
34 0.27578125 0.3609375 0.05234375 0.065625
35 0.33203125 0.35859375 0.0453125 0.0640625
35 0.384375 0.35859375 0.05078125 0.06171875
35 0.4375 0.3671875 0.0453125 0.04296875
35 0.4921875 0.3609375 0.05390625 0.05703125
28 0.5546875 0.36328125 0.059375 0.05390625
28 0.61171875 0.35390625 0.0453125 0.0734375
28 0.66328125 0.36328125 0.04921875 0.05234375
28 0.7171875 0.36328125 0.0484375 0.05703125
28 0.76875 0.35703125 0.0484375 0.06484375
8 0.83359375 0.35390625 0.071875 0.07265625
8 0.909375 0.3546875 0.0703125 0.065625
9 0.92578125 0.4796875 0.06171875 0.06171875
9 0.86328125 0.48203125 0.06015625 0.05546875
10 0.80078125 0.48203125 0.05703125 0.05625
24 0.7359375 0.4828125 0.0640625 0.05703125
15 0.6671875 0.48984375 0.0578125 0.04609375
27 0.60625 0.48828125 0.053125 0.05234375
26 0.54765625 0.49140625 0.05390625 0.04765625
26 0.48671875 0.48671875 0.05546875 0.05078125
14 0.42890625 0.4875 0.053125 0.0515625
13 0.3734375 0.48515625 0.04921875 0.05625
13 0.31640625 0.4859375 0.0546875 0.05703125
36 0.26171875 0.4859375 0.046875 0.06328125
36 0.2078125 0.4875 0.05390625 0.0546875
29 0.14609375 0.48671875 0.0640625 0.0546875
29 0.08125 0.4875 0.05625 0.05546875
7 0.0609375 0.615625 0.04921875 0.04375
7 0.11640625 0.6125 0.053125 0.046875
6 0.16953125 0.6125 0.046875 0.05
11 0.22265625 0.61171875 0.05078125 0.046875
11 0.28125 0.61328125 0.05859375 0.0421875
32 0.36015625 0.6078125 0.0484375 0.05234375
16 0.41171875 0.6125 0.03828125 0.04453125
17 0.46015625 0.6125 0.0484375 0.04453125
4 0.5078125 0.61015625 0.0390625 0.046875
31 0.546875 0.609375 0.03046875 0.046875
1 0.590625 0.61875 0.0515625 0.03359375
1 0.64453125 0.61015625 0.04921875 0.05
0 0.68828125 0.61640625 0.03046875 0.034375
3 0.753125 0.6171875 0.08984375 0.03203125
2 0.86875 0.6171875 0.12890625 0.03359375
33 0.8296875 0.73125 0.03125 0.05390625
5 0.775 0.73046875 0.02578125 0.0546875
30 0.6796875 0.71640625 0.0265625 0.06953125
12 0.6234375 0.7265625 0.034375 0.0546875
20 0.56015625 0.72734375 0.0296875 0.0515625
20 0.5265625 0.7296875 0.03046875 0.05390625
21 0.47109375 0.72734375 0.0359375 0.053125
21 0.43046875 0.7265625 0.03671875 0.053125
23 0.36328125 0.7328125 0.04921875 0.04765625
22 0.3125 0.73359375 0.04765625 0.04765625
19 0.26328125 0.734375 0.04609375 0.046875
18 0.2140625 0.7328125 0.0453125 0.04765625
18 0.16640625 0.73515625 0.04140625 0.04609375
18 0.12109375 0.73515625 0.04609375 0.046875
18 0.07109375 0.73671875 0.04765625 0.04296875