34 0.159375 0.33359375 0.03671875 0.07578125
34 0.203125 0.33671875 0.025 0.06484375
34 0.23515625 0.3359375 0.0296875 0.06875
34 0.27109375 0.3421875 0.03125 0.06171875
34 0.30703125 0.34296875 0.03203125 0.05859375
34 0.34453125 0.3453125 0.028125 0.0546875
35 0.38046875 0.34296875 0.02890625 0.0546875
35 0.41796875 0.346875 0.03203125 0.05
35 0.45390625 0.34140625 0.0296875 0.06015625
28 0.49296875 0.34765625 0.03359375 0.046875
28 0.53359375 0.34375 0.03515625 0.0578125
28 0.57421875 0.34296875 0.03203125 0.05546875
16 0.6078125 0.35078125 0.0265625 0.0421875
16 0.66484375 0.35703125 0.028125 0.028125
28 0.6609375 0.3265625 0.02734375 0.03359375
28 0.634375 0.34375 0.021875 0.05546875
8 0.7359375 0.34765625 0.040625 0.0390625
8 0.725 0.2984375 0.034375 0.0546875
8 0.69453125 0.3421875 0.025 0.0546875
10 0.78046875 0.353125 0.040625 0.0328125
21 0.74609375 0.465625 0.028125 0.0578125
9 0.72421875 0.46015625 0.01328125 0.07265625
36 0.69453125 0.46796875 0.03359375 0.05703125
24 0.6328125 0.48125 0.04140625 0.02109375
15 0.5875 0.47578125 0.0359375 0.04296875
21 0.540625 0.46796875 0.02421875 0.05546875
17 0.48125 0.4796875 0.0296875 0.04140625
26 0.50703125 0.465625 0.0203125 0.0578125
26 0.4484375 0.46796875 0.03203125 0.05703125
14 0.41328125 0.46953125 0.03046875 0.0578125
13 0.375 0.4671875 0.0359375 0.06171875
13 0.328125 0.465625 0.03671875 0.0609375
30 0.28671875 0.4578125 0.01640625 0.08125
36 0.25546875 0.46484375 0.0265625 0.059375
36 0.221875 0.4671875 0.0359375 0.0546875
36 0.23359375 0.4171875 0.05234375 0.03125
29 0.18359375 0.47421875 0.03203125 0.046875
29 0.146875 0.47265625 0.03671875 0.046875
24 0.1625 0.5921875 0.04296875 0.07109375
7 0.19609375 0.59609375 0.01875 0.05234375
7 0.13203125 0.59375 0.0140625 0.0546875
6 0.22265625 0.596875 0.03125 0.05546875
11 0.2578125 0.596875 0.02421875 0.0453125
11 0.27890625 0.60078125 0.01484375 0.04453125
11 0.3046875 0.6078125 0.0328125 0.0421875
32 0.3375 0.59296875 0.01953125 0.053125
31 0.4140625 0.603125 0.02265625 0.0515625
4 0.4484375 0.60625 0.02734375 0.03828125
31 0.48828125 0.6015625 0.02265625 0.0390625
1 0.51953125 0.6078125 0.03203125 0.0421875
1 0.55234375 0.59296875 0.02890625 0.04921875
17 0.5890625 0.61171875 0.0359375 0.0328125
3 0.63046875 0.5984375 0.0171875 0.04765625
5 0.6546875 0.5984375 0.0171875 0.0640625
3 0.684375 0.5953125 0.0390625 0.0234375
34 0.74140625 0.590625 0.034375 0.06953125
2 0.784375 0.609375 0.0484375 0.03515625
12 0.7578125 0.73125 0.02578125 0.0671875
12 0.7296875 0.734375 0.0265625 0.06796875
5 0.69921875 0.73203125 0.01796875 0.065625
33 0.67890625 0.7265625 0.0171875 0.06328125
33 0.6578125 0.72421875 0.01875 0.0625
14 0.60703125 0.73203125 0.03203125 0.06796875
20 0.51015625 0.7359375 0.02265625 0.05625
20 0.4859375 0.73515625 0.021875 0.05625
21 0.446875 0.72734375 0.025 0.065625
19 0.3796875 0.7234375 0.03671875 0.053125
23 0.3421875 0.7203125 0.02421875 0.0515625
21 0.31484375 0.734375 0.02734375 0.06640625
22 0.2921875 0.7234375 0.015625 0.05390625
18 0.2640625 0.7296875 0.03515625 0.05078125
18 0.22578125 0.7359375 0.0375 0.053125
18 0.20390625 0.6796875 0.03984375 0.05234375
18 0.18671875 0.73828125 0.03515625 0.04453125
18 0.1515625 0.690625 0.0390625 0.0484375
18 0.14765625 0.7421875 0.0390625 0.0421875