34 0.12578125 0.1984375 0.04140625 0.0578125
34 0.1859375 0.19765625 0.0375 0.059375
34 0.2265625 0.20390625 0.03984375 0.05390625
34 0.2765625 0.2125 0.01953125 0.0375
35 0.30546875 0.20859375 0.025 0.04375
35 0.3953125 0.20859375 0.03203125 0.04453125
35 0.43046875 0.20625 0.0296875 0.04609375
13 0.35234375 0.209375 0.0390625 0.0421875
28 0.47109375 0.21328125 0.034375 0.0359375
28 0.51796875 0.2078125 0.02890625 0.0453125
28 0.5625 0.20546875 0.03125 0.04296875
8 0.615625 0.20390625 0.03984375 0.04921875
8 0.696875 0.2 0.034375 0.053125
8 0.66953125 0.2015625 0.01171875 0.0328125
28 0.6484375 0.20859375 0.021875 0.03203125
21 0.7578125 0.1984375 0.02890625 0.0578125
16 0.72421875 0.32578125 0.0296875 0.053125
36 0.67265625 0.32421875 0.03203125 0.05546875
9 0.69921875 0.31953125 0.01328125 0.0359375
31 0.6375 0.33125 0.021875 0.040625
28 0.60390625 0.32421875 0.034375 0.05390625
34 0.56171875 0.32734375 0.034375 0.04921875
12 0.51796875 0.3234375 0.02265625 0.0578125
4 0.471875 0.3296875 0.0265625 0.05
26 0.43125 0.3265625 0.0328125 0.05078125
14 0.39140625 0.32578125 0.028125 0.05
10 0.3171875 0.3265625 0.03359375 0.0421875
13 0.35078125 0.31015625 0.0265625 0.021875
13 0.28984375 0.325 0.01640625 0.046875
34 0.2546875 0.328125 0.03203125 0.04609375
36 0.2296875 0.32421875 0.015625 0.04765625
36 0.20078125 0.32578125 0.03515625 0.046875
34 0.12734375 0.32421875 0.0359375 0.05546875
29 0.1625 0.32890625 0.0265625 0.03515625
29 0.11328125 0.45546875 0.03984375 0.04921875
7 0.15859375 0.4546875 0.0328125 0.0296875
6 0.1984375 0.459375 0.02421875 0.0328125
11 0.26875 0.4609375 0.03671875 0.0375
11 0.234375 0.45625 0.0296875 0.03046875
12 0.3015625 0.44921875 0.02421875 0.06171875
18 0.34375 0.4515625 0.03984375 0.046875
17 0.390625 0.45234375 0.02734375 0.03515625
18 0.4234375 0.4546875 0.03203125 0.0453125
14 0.45859375 0.45703125 0.02734375 0.03828125
1 0.49453125 0.459375 0.028125 0.0375
1 0.52734375 0.4484375 0.0265625 0.04140625
17 0.565625 0.4609375 0.0265625 0.02890625
21 0.63125 0.45 0.0265625 0.06328125
13 0.74140625 0.45390625 0.03515625 0.03828125
2 0.70078125 0.459375 0.03671875 0.03984375
5 0.69765625 0.58828125 0.01875 0.06796875
5 0.6765625 0.58203125 0.01796875 0.0640625
33 0.646875 0.584375 0.01796875 0.06328125
30 0.57265625 0.56171875 0.015625 0.08203125
30 0.58671875 0.55703125 0.01171875 0.0796875
21 0.534375 0.575 0.028125 0.0625
20 0.47734375 0.58046875 0.0234375 0.0609375
20 0.453125 0.5828125 0.021875 0.0625
21 0.41640625 0.57109375 0.02890625 0.065625
18 0.35 0.5859375 0.03671875 0.05390625
23 0.31171875 0.571875 0.0328125 0.046875
16 0.27109375 0.5796875 0.0296875 0.0671875
18 0.228125 0.5890625 0.0375 0.04140625
18 0.17421875 0.5921875 0.03515625 0.03828125
18 0.125 0.59140625 0.03515625 0.040625