34 0.17265625 0.32578125 0.03046875 0.05859375
34 0.2 0.325 0.02109375 0.059375
34 0.25859375 0.32578125 0.01875 0.053125
34 0.284375 0.33203125 0.02890625 0.046875
34 0.31875 0.3328125 0.0359375 0.046875
34 0.41171875 0.28125 0.034375 0.04609375
34 0.73671875 0.325 0.03828125 0.05703125
35 0.2296875 0.32734375 0.03515625 0.05703125
35 0.35625 0.3296875 0.03515625 0.0484375
36 0.39296875 0.33125 0.0328125 0.05
35 0.425 0.33046875 0.02890625 0.046875
35 0.45859375 0.3296875 0.03515625 0.053125
28 0.4984375 0.32890625 0.0375 0.05625
28 0.54296875 0.3046875 0.03203125 0.0171875
28 0.63203125 0.303125 0.03515625 0.0234375
28 0.6671875 0.3140625 0.02890625 0.028125
28 0.6796875 0.34140625 0.0171875 0.02265625
8 0.703125 0.32734375 0.025 0.05625
18 0.5359375 0.33671875 0.03359375 0.03984375
36 0.5796875 0.33125 0.0390625 0.04765625
4 0.62265625 0.340625 0.03046875 0.0328125
25 0.6546875 0.34453125 0.02890625 0.025
10 0.77734375 0.340625 0.0390625 0.03125
21 0.75546875 0.44609375 0.02421875 0.05234375
9 0.73046875 0.4375 0.01953125 0.059375
31 0.67109375 0.44921875 0.02734375 0.0453125
28 0.63359375 0.44375 0.040625 0.05625
34 0.59296875 0.44296875 0.03671875 0.053125
22 0.55 0.4515625 0.0328125 0.040625
16 0.49765625 0.4546875 0.028125 0.03671875
28 0.46015625 0.45234375 0.03828125 0.0421875
14 0.42421875 0.44375 0.02734375 0.053125
13 0.38828125 0.44453125 0.03671875 0.05
3 0.3296875 0.43828125 0.015625 0.0609375
33 0.29140625 0.44765625 0.01796875 0.05234375
36 0.240625 0.4421875 0.034375 0.05390625
36 0.26875 0.4390625 0.01796875 0.059375
29 0.20546875 0.45 0.03203125 0.0453125
11 0.16875 0.453125 0.0375 0.0375
29 0.16171875 0.56484375 0.0390625 0.0515625
7 0.20234375 0.5640625 0.03671875 0.04375
6 0.2390625 0.5625 0.03359375 0.046875
11 0.27734375 0.56328125 0.03671875 0.0390625
18 0.33984375 0.56953125 0.03671875 0.0390625
25 0.3875 0.56015625 0.028125 0.04453125
14 0.42109375 0.5671875 0.03515625 0.04765625
6 0.45546875 0.56015625 0.02890625 0.06015625
14 0.48984375 0.56640625 0.034375 0.05078125
34 0.52578125 0.5578125 0.03046875 0.059375
26 0.56328125 0.5671875 0.040625 0.0484375
8 0.60546875 0.559375 0.03828125 0.05703125
25 0.66015625 0.571875 0.04140625 0.03125
13 0.76796875 0.56796875 0.04140625 0.04140625
2 0.7234375 0.57265625 0.034375 0.0375
12 0.7640625 0.6890625 0.02265625 0.0609375
33 0.74296875 0.69296875 0.015625 0.05546875
2 0.7140625 0.7 0.03515625 0.05625
21 0.6796875 0.68984375 0.0234375 0.0578125
11 0.60390625 0.69296875 0.0328125 0.05
30 0.60234375 0.64609375 0.0125 0.03046875
5 0.56640625 0.68515625 0.01640625 0.059375
20 0.5046875 0.68828125 0.01953125 0.0546875
20 0.48203125 0.67890625 0.0203125 0.05
21 0.45078125 0.68046875 0.02578125 0.05625
21 0.41796875 0.66484375 0.02109375 0.05625
18 0.3859375 0.67734375 0.03359375 0.0453125
16 0.34765625 0.6828125 0.03203125 0.06015625
27 0.31015625 0.66484375 0.03671875 0.065625
18 0.2671875 0.68828125 0.03984375 0.04609375
19 0.22890625 0.69453125 0.034375 0.0375
20 0.1875 0.68359375 0.02109375 0.05625
18 0.16484375 0.67578125 0.01875 0.03828125
25 0.23359375 0.64609375 0.034375 0.02890625