34 0.07890625 0.25546875 0.02265625 0.0765625
34 0.1078125 0.2515625 0.0328125 0.084375
34 0.140625 0.25078125 0.0234375 0.08203125
34 0.165625 0.2640625 0.0234375 0.05546875
34 0.20703125 0.25859375 0.0140625 0.07421875
34 0.2640625 0.19765625 0.0265625 0.0515625
21 0.1890625 0.259375 0.01953125 0.06953125
34 0.2296875 0.26328125 0.028125 0.06484375
36 0.2625 0.2609375 0.03125 0.065625
35 0.28984375 0.265625 0.02109375 0.05703125
35 0.3125 0.28671875 0.01328125 0.0515625
28 0.34453125 0.284375 0.0359375 0.0515625
28 0.38515625 0.28515625 0.03671875 0.04921875
36 0.43046875 0.2828125 0.04140625 0.04765625
28 0.48125 0.2859375 0.04453125 0.05
28 0.528125 0.2796875 0.03515625 0.05546875
8 0.56484375 0.28046875 0.03203125 0.0515625
34 0.6015625 0.278125 0.03671875 0.05390625
11 0.0921875 0.41015625 0.0265625 0.04921875
29 0.121875 0.40390625 0.02734375 0.0625
36 0.15546875 0.39453125 0.03203125 0.07109375
35 0.18828125 0.4046875 0.0265625 0.0609375
13 0.22578125 0.403125 0.02890625 0.06171875
21 0.25234375 0.40078125 0.01875 0.06328125
14 0.28125 0.40078125 0.028125 0.0578125
11 0.3125 0.4109375 0.02890625 0.04765625
16 0.35 0.41171875 0.03515625 0.04296875
20 0.40234375 0.4046875 0.025 0.05703125
34 0.459375 0.4015625 0.03828125 0.06328125
33 0.515625 0.4015625 0.01328125 0.05546875
31 0.5390625 0.40390625 0.0296875 0.0515625
3 0.58203125 0.41796875 0.02421875 0.02421875
9 0.6125 0.4015625 0.025 0.06015625
32 0.64375 0.40390625 0.0328125 0.053125
29 0.08984375 0.5390625 0.03046875 0.065625
7 0.11953125 0.53828125 0.021875 0.059375
18 0.146875 0.54609375 0.02890625 0.04921875
4 0.1734375 0.53671875 0.0203125 0.06171875
26 0.21796875 0.540625 0.02890625 0.05625
25 0.25703125 0.5359375 0.0265625 0.05234375
14 0.284375 0.5421875 0.01796875 0.059375
6 0.30703125 0.5296875 0.021875 0.0734375
14 0.34375 0.5375 0.04140625 0.0625
34 0.38828125 0.528125 0.03828125 0.06796875
1 0.425 0.52578125 0.02890625 0.05703125
8 0.4703125 0.528125 0.0546875 0.0734375
25 0.5453125 0.54296875 0.04921875 0.040625
3 0.58671875 0.53671875 0.02265625 0.03984375
13 0.66796875 0.534375 0.0359375 0.05234375
22 0.121875 0.6765625 0.0265625 0.0578125
19 0.1484375 0.6734375 0.021875 0.0578125
18 0.1765625 0.67734375 0.02734375 0.05703125
18 0.26484375 0.6671875 0.02421875 0.05234375
18 0.3078125 0.68125 0.0375 0.0640625
36 0.20859375 0.66171875 0.03203125 0.09140625
16 0.2390625 0.675 0.02265625 0.0734375
20 0.34296875 0.671875 0.02421875 0.065625
20 0.36875 0.66875 0.02265625 0.06484375
20 0.39375 0.69375 0.0234375 0.06484375
5 0.4421875 0.68203125 0.02109375 0.07265625
11 0.48828125 0.690625 0.03828125 0.0703125
21 0.58046875 0.68515625 0.03046875 0.075
2 0.62109375 0.6921875 0.04453125 0.0859375
33 0.65859375 0.68515625 0.0203125 0.07265625
12 0.684375 0.6828125 0.0265625 0.07890625