34 0.15 0.26875 0.03046875 0.06015625
34 0.17890625 0.26875 0.02109375 0.059375
35 0.2078125 0.2671875 0.03125 0.06484375
34 0.2625 0.27421875 0.03203125 0.0484375
33 0.29609375 0.2734375 0.01796875 0.05625
35 0.3390625 0.2734375 0.03046875 0.05
36 0.3765625 0.27265625 0.03125 0.0484375
34 0.39453125 0.2234375 0.03671875 0.04140625
35 0.4421875 0.27109375 0.03046875 0.05234375
28 0.4859375 0.271875 0.0328125 0.05234375
18 0.5265625 0.2765625 0.03671875 0.04296875
35 0.4109375 0.27890625 0.02421875 0.0390625
36 0.56953125 0.27265625 0.0359375 0.04609375
4 0.615625 0.278125 0.021875 0.03671875
21 0.66875 0.26953125 0.025 0.05859375
8 0.69765625 0.26796875 0.02734375 0.0546875
34 0.7296875 0.265625 0.03046875 0.05546875
10 0.7671875 0.28125 0.03671875 0.02734375
32 0.75234375 0.3921875 0.028125 0.04375
9 0.72734375 0.38828125 0.01875 0.053125
31 0.6640625 0.39296875 0.021875 0.04453125
28 0.62890625 0.38671875 0.03984375 0.059375
34 0.58359375 0.38828125 0.034375 0.0546875
22 0.540625 0.3953125 0.0375 0.04375
16 0.48671875 0.4 0.02890625 0.0375
11 0.4484375 0.39765625 0.034375 0.040625
14 0.4109375 0.38671875 0.03046875 0.05625
13 0.36328125 0.38671875 0.03359375 0.05859375
13 0.315625 0.3859375 0.0328125 0.05078125
7 0.2765625 0.396875 0.03046875 0.0390625
36 0.22109375 0.3890625 0.03515625 0.05234375
29 0.18203125 0.39921875 0.03203125 0.040625
11 0.14296875 0.40078125 0.03671875 0.034375
29 0.13515625 0.51328125 0.03515625 0.053125
7 0.18046875 0.5125 0.0265625 0.04765625
6 0.21875 0.5125 0.02890625 0.0453125
11 0.25703125 0.5109375 0.03203125 0.03984375
18 0.31953125 0.5171875 0.03671875 0.04609375
25 0.3734375 0.51171875 0.0328125 0.04296875
14 0.41015625 0.51640625 0.0328125 0.04609375
6 0.4453125 0.509375 0.028125 0.059375
14 0.48046875 0.5140625 0.03515625 0.053125
34 0.51640625 0.50859375 0.03125 0.06640625
26 0.55390625 0.5140625 0.03359375 0.0484375
8 0.59375 0.50703125 0.03984375 0.06171875
3 0.63125 0.5078125 0.0140625 0.05859375
25 0.65703125 0.52109375 0.03203125 0.0296875
3 0.6890625 0.51640625 0.01875 0.03671875
2 0.72265625 0.51875 0.04296875 0.03828125
13 0.765625 0.51328125 0.0359375 0.0390625
12 0.7640625 0.6390625 0.02421875 0.065625
33 0.74140625 0.63984375 0.01796875 0.05390625
2 0.71171875 0.64921875 0.034375 0.053125
21 0.6765625 0.6421875 0.0265625 0.0625
11 0.5984375 0.64375 0.0328125 0.05703125
5 0.5609375 0.63984375 0.01875 0.06171875
20 0.49453125 0.64375 0.0234375 0.0546875
20 0.4703125 0.6328125 0.0203125 0.05703125
21 0.4375 0.63515625 0.02734375 0.0625
21 0.40625 0.61875 0.025 0.0609375
18 0.3703125 0.63359375 0.0375 0.04609375
16 0.32890625 0.640625 0.0296875 0.06640625
27 0.29140625 0.62109375 0.03515625 0.06875
18 0.24609375 0.64296875 0.03984375 0.0515625
28 0.21171875 0.6 0.034375 0.03046875
19 0.20546875 0.64921875 0.034375 0.03984375
20 0.16328125 0.63828125 0.0234375 0.0546875
18 0.13984375 0.621875 0.02109375 0.0515625