34 0.14765625 0.321875 0.03515625 0.07421875
34 0.190625 0.32265625 0.025 0.06796875
34 0.22421875 0.321875 0.03671875 0.06875
34 0.2609375 0.3296875 0.03125 0.05546875
34 0.29921875 0.3265625 0.03359375 0.0578125
34 0.33671875 0.33125 0.03203125 0.0515625
35 0.37265625 0.33046875 0.03046875 0.0515625
35 0.409375 0.33515625 0.0328125 0.0453125
35 0.44375 0.33046875 0.028125 0.05625
28 0.48671875 0.33671875 0.03359375 0.04296875
28 0.5265625 0.33125 0.0328125 0.05546875
28 0.56875 0.334375 0.02890625 0.04453125
16 0.60234375 0.33828125 0.0265625 0.03984375
16 0.659375 0.34609375 0.02890625 0.025
8 0.7265625 0.28984375 0.03515625 0.053125
8 0.73125 0.3390625 0.0421875 0.0390625
10 0.7765625 0.34296875 0.0375 0.03125
21 0.74296875 0.45390625 0.028125 0.05859375
36 0.6921875 0.45703125 0.03671875 0.05546875
15 0.58125 0.46484375 0.0390625 0.03359375
21 0.5328125 0.453125 0.02421875 0.05625
17 0.47109375 0.46328125 0.034375 0.03828125
26 0.5015625 0.453125 0.0203125 0.05703125
26 0.4375 0.45078125 0.02578125 0.05703125
14 0.40546875 0.4546875 0.03203125 0.05703125
13 0.36640625 0.45 0.03828125 0.05859375
13 0.3203125 0.45234375 0.0390625 0.06015625
7 0.2765625 0.46328125 0.03046875 0.0359375
36 0.24609375 0.4515625 0.0265625 0.0578125
36 0.2125 0.45390625 0.034375 0.05546875
29 0.175 0.45859375 0.03046875 0.0453125
29 0.1375 0.46015625 0.0375 0.04375
24 0.15234375 0.57421875 0.0421875 0.0703125
6 0.2125 0.5796875 0.028125 0.0609375
11 0.2484375 0.58515625 0.02421875 0.0359375
11 0.2890625 0.590625 0.03828125 0.04140625
14 0.33515625 0.57890625 0.028125 0.05390625
26 0.40546875 0.57734375 0.03125 0.04296875
17 0.44609375 0.59140625 0.0359375 0.04140625
31 0.47734375 0.5828125 0.02109375 0.03671875
1 0.51015625 0.59140625 0.0359375 0.0390625
31 0.5484375 0.5875 0.0234375 0.0453125
0 0.5765625 0.590625 0.02265625 0.0234375
3 0.62734375 0.58671875 0.01640625 0.04140625
5 0.64765625 0.5828125 0.0171875 0.06328125
3 0.67734375 0.58046875 0.03515625 0.0234375
34 0.7375 0.578125 0.034375 0.075
2 0.78125 0.596875 0.04375 0.034375
12 0.7546875 0.71640625 0.02578125 0.065625
12 0.7234375 0.7203125 0.02578125 0.065625
5 0.69375 0.71640625 0.01796875 0.06484375
33 0.67265625 0.71171875 0.01796875 0.0609375
33 0.6515625 0.7078125 0.01875 0.06171875
30 0.6015625 0.68984375 0.01796875 0.08125
20 0.49921875 0.71484375 0.02265625 0.05625
20 0.475 0.71484375 0.02109375 0.05859375
21 0.4390625 0.70625 0.0171875 0.06328125
30 0.42109375 0.70390625 0.015625 0.08359375
19 0.3703125 0.70078125 0.0359375 0.0515625
21 0.30625 0.71796875 0.0265625 0.06015625
22 0.2828125 0.7078125 0.01640625 0.05234375
18 0.2546875 0.7125 0.03359375 0.0484375
18 0.21484375 0.7171875 0.0375 0.05078125
18 0.19453125 0.6640625 0.040625 0.04921875
18 0.1421875 0.6765625 0.03828125 0.0453125
18 0.13671875 0.725 0.03828125 0.040625
18 0.178125 0.71875 0.02890625 0.046875