34 0.12265625 0.2875 0.03125 0.06015625
6 0.16171875 0.29453125 0.02890625 0.04921875
34 0.20390625 0.28828125 0.040625 0.06015625
34 0.246875 0.290625 0.034375 0.05390625
34 0.615625 0.425 0.0390625 0.0578125
34 0.26796875 0.4234375 0.0234375 0.05625
34 0.12890625 0.42265625 0.04375 0.05859375
34 0.30546875 0.29921875 0.01796875 0.0421875
12 0.28125 0.28984375 0.02421875 0.06015625
35 0.3375 0.29765625 0.0359375 0.046875
35 0.43828125 0.296875 0.02890625 0.04453125
35 0.4703125 0.29609375 0.03046875 0.04765625
35 0.53203125 0.26328125 0.03125 0.03984375
35 0.40859375 0.296875 0.01875 0.046875
16 0.378125 0.303125 0.0328125 0.03359375
28 0.5078125 0.30390625 0.0265625 0.03359375
28 0.56953125 0.27890625 0.03515625 0.02890625
28 0.56484375 0.31015625 0.0515625 0.02890625
28 0.6125 0.2921875 0.03671875 0.04921875
28 0.64453125 0.29765625 0.01875 0.046875
28 0.7140625 0.3 0.025 0.040625
28 0.6609375 0.4265625 0.04296875 0.06015625
8 0.678125 0.29296875 0.0390625 0.05859375
8 0.74375 0.29140625 0.025 0.0578125
8 0.78359375 0.290625 0.04765625 0.0546875
29 0.17109375 0.41796875 0.03203125 0.06171875
29 0.115625 0.559375 0.040625 0.05390625
36 0.2109375 0.42109375 0.03828125 0.059375
36 0.24375 0.42265625 0.01796875 0.053125
13 0.31328125 0.421875 0.04140625 0.05859375
13 0.81328125 0.56796875 0.034375 0.04296875
21 0.35546875 0.42265625 0.01796875 0.059375
21 0.37421875 0.42265625 0.01484375 0.06171875
14 0.428125 0.421875 0.03671875 0.0578125
14 0.50625 0.5609375 0.03515625 0.05546875
26 0.471875 0.42109375 0.0421875 0.05625
4 0.51796875 0.4265625 0.02578125 0.05078125
27 0.56796875 0.42890625 0.04296875 0.05
31 0.7015625 0.43203125 0.02734375 0.04765625
36 0.746875 0.421875 0.0421875 0.06953125
9 0.7890625 0.42421875 0.034375 0.0625
7 0.16640625 0.5609375 0.040625 0.04921875
6 0.20859375 0.5625 0.03203125 0.0484375
11 0.2484375 0.55859375 0.028125 0.04765625
11 0.3 0.5640625 0.03515625 0.05
32 0.33828125 0.55625 0.02421875 0.05
21 0.3796875 0.54921875 0.02421875 0.0625
17 0.4265625 0.56171875 0.025 0.04375
20 0.453125 0.5546875 0.0203125 0.06171875
16 0.546875 0.5703125 0.03203125 0.0390625
12 0.58984375 0.55390625 0.0234375 0.065625
17 0.625 0.575 0.0375 0.0359375
3 0.665625 0.56484375 0.02265625 0.04375
21 0.6953125 0.559375 0.0265625 0.0671875
21 0.5859375 0.6921875 0.0265625 0.06640625
21 0.4671875 0.67265625 0.0265625 0.06328125
18 0.16953125 0.64375 0.0453125 0.04921875
18 0.128125 0.69921875 0.04375 0.0546875
18 0.184375 0.7015625 0.040625 0.05703125
18 0.24296875 0.69921875 0.0453125 0.06015625
18 0.38671875 0.69921875 0.0359375 0.053125
22 0.29609375 0.6890625 0.03828125 0.05546875
23 0.3359375 0.68671875 0.03515625 0.05703125
20 0.496875 0.6875 0.0171875 0.05859375
20 0.51953125 0.7 0.021875 0.05859375
30 0.6296875 0.68125 0.01875 0.0875
33 0.6953125 0.7 0.01484375 0.0609375
33 0.71484375 0.7078125 0.01796875 0.06875
5 0.74609375 0.70703125 0.01875 0.06796875
5 0.7703125 0.7125 0.0203125 0.0734375