34 0.11640625 0.215625 0.05078125 0.09296875
34 0.078125 0.21796875 0.01953125 0.0859375
34 0.184375 0.21484375 0.0484375 0.0890625
34 0.23828125 0.22109375 0.05234375 0.0828125
34 0.296875 0.22421875 0.04921875 0.0828125
35 0.3671875 0.23828125 0.04296875 0.05625
35 0.41328125 0.22734375 0.04140625 0.07265625
35 0.45546875 0.23359375 0.0328125 0.06484375
35 0.49609375 0.23046875 0.04296875 0.0734375
28 0.55234375 0.23046875 0.04453125 0.07421875
28 0.61015625 0.23046875 0.05 0.0703125
28 0.6640625 0.22421875 0.04453125 0.075
28 0.709375 0.2265625 0.0421875 0.07421875
28 0.77890625 0.23046875 0.05625 0.06640625
8 0.85 0.221875 0.0671875 0.0703125
10 0.925 0.23203125 0.065625 0.05234375
27 0.9109375 0.38828125 0.05234375 0.08515625
26 0.84140625 0.42109375 0.06796875 0.0234375
26 0.7578125 0.3890625 0.0515625 0.0875
10 0.68046875 0.40234375 0.05234375 0.0703125
27 0.61796875 0.39765625 0.03828125 0.0625
35 0.5734375 0.39140625 0.040625 0.0921875
26 0.52109375 0.39765625 0.053125 0.07109375
14 0.4453125 0.3984375 0.04296875 0.075
13 0.39609375 0.3984375 0.04609375 0.07578125
13 0.34140625 0.396875 0.04140625 0.06484375
36 0.2734375 0.39765625 0.0515625 0.07890625
36 0.21640625 0.3921875 0.0515625 0.0828125
29 0.15546875 0.39765625 0.046875 0.06953125
29 0.09765625 0.39296875 0.05390625 0.0796875
7 0.08203125 0.57109375 0.046875 0.065625
7 0.1390625 0.56640625 0.0421875 0.07265625
6 0.1921875 0.565625 0.04765625 0.07734375
11 0.24921875 0.575 0.0390625 0.05625
11 0.30078125 0.57734375 0.0484375 0.05703125
32 0.3484375 0.56328125 0.03828125 0.07890625
16 0.39921875 0.5671875 0.03359375 0.07734375
17 0.44921875 0.5734375 0.046875 0.06875
4 0.50078125 0.5671875 0.03671875 0.07734375
31 0.540625 0.5640625 0.03203125 0.07734375
1 0.590625 0.571875 0.0484375 0.06875
1 0.64140625 0.55703125 0.04453125 0.078125
0 0.68984375 0.5765625 0.0328125 0.040625
3 0.7515625 0.55546875 0.07578125 0.08359375
2 0.86875 0.55625 0.115625 0.075
33 0.8640625 0.73515625 0.0265625 0.0765625
5 0.78671875 0.73046875 0.02578125 0.0828125
30 0.70546875 0.721875 0.0234375 0.103125
12 0.6375 0.7296875 0.03359375 0.08515625
20 0.58359375 0.73359375 0.02890625 0.07578125
20 0.55 0.73515625 0.03125 0.0734375
21 0.49921875 0.7359375 0.03203125 0.075
21 0.459375 0.73359375 0.0359375 0.07734375
23 0.4109375 0.72734375 0.0453125 0.0734375
22 0.35546875 0.728125 0.04921875 0.07265625
19 0.303125 0.73125 0.046875 0.0671875
18 0.24765625 0.7390625 0.04765625 0.07265625
18 0.19375 0.73828125 0.04921875 0.07109375
18 0.1421875 0.73828125 0.04609375 0.0734375
18 0.09296875 0.7390625 0.04765625 0.075