34 0.12265625 0.225 0.040625 0.06015625
34 0.19453125 0.2203125 0.0359375 0.07109375
34 0.25 0.21953125 0.03671875 0.06875
34 0.3 0.2296875 0.0359375 0.0515625
35 0.340625 0.2296875 0.03671875 0.053125
35 0.38125 0.22578125 0.03671875 0.0546875
35 0.41953125 0.23515625 0.028125 0.04140625
35 0.45390625 0.22734375 0.03515625 0.05703125
28 0.50859375 0.2296875 0.04296875 0.04609375
28 0.55546875 0.2265625 0.03671875 0.0640625
28 0.5921875 0.23125 0.02421875 0.046875
28 0.61015625 0.09375 0.06484375 0.02109375
28 0.628125 0.2296875 0.0375 0.05
16 0.67890625 0.24140625 0.0375 0.03515625
28 0.7109375 0.22578125 0.021875 0.06328125
8 0.77578125 0.22734375 0.0484375 0.05234375
8 0.7359375 0.228125 0.02421875 0.05546875
10 0.83828125 0.24453125 0.05 0.0265625
12 0.79453125 0.3703125 0.02734375 0.06640625
18 0.74921875 0.3796875 0.0546875 0.053125
31 0.7015625 0.3828125 0.0265625 0.05
28 0.66015625 0.375 0.0421875 0.06484375
34 0.61171875 0.3765625 0.040625 0.06015625
27 0.55625 0.38359375 0.04453125 0.05
26 0.5046875 0.38125 0.04765625 0.05546875
26 0.45078125 0.3765625 0.04296875 0.059375
14 0.40625 0.38046875 0.0359375 0.0515625
13 0.35 0.37734375 0.0328125 0.0609375
13 0.30546875 0.3734375 0.03671875 0.0609375
34 0.26484375 0.3765625 0.0359375 0.05625
36 0.22265625 0.3734375 0.03828125 0.06484375
36 0.19140625 0.375 0.0203125 0.065625
29 0.16328125 0.378125 0.0296875 0.06171875
34 0.12421875 0.36953125 0.040625 0.07109375
29 0.1078125 0.5296875 0.040625 0.05625
7 0.15546875 0.53203125 0.0375 0.04921875
6 0.2 0.5328125 0.0375 0.04765625
11 0.23828125 0.53125 0.02890625 0.04609375
11 0.28828125 0.53125 0.0375 0.053125
8 0.35390625 0.52109375 0.0421875 0.07578125
14 0.41484375 0.5375 0.03671875 0.053125
32 0.3203125 0.51953125 0.0171875 0.06875
6 0.453125 0.525 0.03046875 0.06953125
14 0.49296875 0.5328125 0.0390625 0.05703125
16 0.540625 0.540625 0.03046875 0.03828125
12 0.58359375 0.52109375 0.0265625 0.07265625
17 0.61796875 0.54296875 0.0359375 0.034375
3 0.659375 0.53671875 0.0203125 0.0390625
3 0.70234375 0.52578125 0.06015625 0.02265625
2 0.76953125 0.53828125 0.05078125 0.0390625
13 0.82109375 0.53203125 0.0484375 0.04453125
5 0.7703125 0.69140625 0.02265625 0.078125
5 0.7453125 0.6859375 0.021875 0.07734375
33 0.71328125 0.6890625 0.021875 0.07421875
33 0.69296875 0.68203125 0.015625 0.0734375
30 0.63984375 0.659375 0.01171875 0.096875
30 0.621875 0.6671875 0.01796875 0.10078125
21 0.57734375 0.68203125 0.03046875 0.07734375
20 0.53203125 0.68828125 0.0265625 0.06953125
20 0.50859375 0.68046875 0.01640625 0.0734375
20 0.484375 0.6796875 0.02265625 0.06796875
21 0.44453125 0.68515625 0.0296875 0.07578125
21 0.41015625 0.68125 0.025 0.07421875
4 0.3609375 0.68515625 0.0265625 0.08359375
23 0.3265625 0.6859375 0.0375 0.06328125
22 0.28203125 0.69296875 0.0453125 0.06328125
18 0.2328125 0.6984375 0.04296875 0.053125
18 0.2359375 0.63671875 0.04296875 0.0625
19 0.1875 0.69921875 0.04140625 0.05
28 0.18828125 0.65 0.040625 0.040625
20 0.13984375 0.6890625 0.0296875 0.0703125
18 0.1125 0.675 0.0234375 0.06171875