34 0.11875 0.1859375 0.03671875 0.02265625
34 0.1546875 0.20859375 0.028125 0.0828125
34 0.24296875 0.22578125 0.03359375 0.0515625
34 0.28359375 0.225 0.03828125 0.06015625
34 0.81328125 0.2171875 0.040625 0.07109375
34 0.6421875 0.37734375 0.04140625 0.08515625
34 0.5625 0.540625 0.0359375 0.090625
35 0.19765625 0.21328125 0.04375 0.071875
35 0.3296875 0.21875 0.04453125 0.06875
35 0.4265625 0.22421875 0.02890625 0.0625
35 0.46484375 0.22265625 0.03828125 0.07109375
34 0.409375 0.15078125 0.04453125 0.06484375
36 0.38125 0.22109375 0.04453125 0.06640625
36 0.2203125 0.36796875 0.0390625 0.08125
36 0.38125 0.38359375 0.0390625 0.07265625
36 0.671875 0.709375 0.05 0.1125
28 0.5171875 0.21640625 0.04296875 0.07890625
28 0.56484375 0.225 0.04453125 0.0625
28 0.61171875 0.2234375 0.0359375 0.06171875
28 0.6734375 0.2265625 0.06484375 0.0640625
28 0.72734375 0.2234375 0.0359375 0.06953125
8 0.76953125 0.21796875 0.03984375 0.07578125
8 0.64765625 0.53828125 0.0546875 0.08359375
11 0.11796875 0.384375 0.034375 0.05703125
11 0.471875 0.3921875 0.04453125 0.06015625
11 0.12734375 0.64921875 0.0359375 0.046875
29 0.16640625 0.3796875 0.04296875 0.06796875
29 0.1078125 0.53828125 0.040625 0.0796875
7 0.265625 0.38671875 0.03984375 0.05859375
7 0.15546875 0.525 0.0328125 0.06875
13 0.3140625 0.3796875 0.04921875 0.07578125
21 0.42421875 0.38125 0.02265625 0.0765625
21 0.4265625 0.71328125 0.03046875 0.075
18 0.19609375 0.54765625 0.04296875 0.05859375
18 0.2375 0.71640625 0.04140625 0.07265625
18 0.38359375 0.71171875 0.0453125 0.06796875
18 0.76640625 0.73203125 0.05703125 0.07890625
4 0.2390625 0.53515625 0.03125 0.07265625
16 0.51796875 0.39453125 0.040625 0.0609375
27 0.58125 0.38359375 0.04296875 0.0703125
27 0.29296875 0.684375 0.04375 0.09609375
24 0.6875 0.3828125 0.01953125 0.05859375
33 0.70859375 0.38125 0.01640625 0.0703125
31 0.73515625 0.38125 0.03125 0.0765625
3 0.7765625 0.4015625 0.03359375 0.03046875
9 0.8109375 0.378125 0.028125 0.07578125
32 0.84765625 0.38203125 0.04140625 0.0703125
26 0.31171875 0.54453125 0.0375 0.06328125
32 0.3453125 0.53515625 0.021875 0.06953125
2 0.271875 0.55859375 0.02578125 0.05
18 0.38828125 0.52265625 0.02890625 0.0484375
14 0.4234375 0.55078125 0.03359375 0.078125
14 0.51640625 0.55 0.04140625 0.07578125
6 0.46953125 0.54609375 0.03984375 0.0859375
1 0.60078125 0.534375 0.03203125 0.08359375
3 0.696875 0.5140625 0.02265625 0.03984375
25 0.73125 0.56015625 0.05625 0.0421875
7 0.81328125 0.54765625 0.0390625 0.0453125
2 0.8984375 0.56953125 0.0453125 0.04296875
22 0.14921875 0.7140625 0.04453125 0.06875
19 0.19375 0.71015625 0.03671875 0.07109375
16 0.3359375 0.71875 0.03203125 0.0953125
21 0.46328125 0.7203125 0.03203125 0.08359375
20 0.50859375 0.72421875 0.025 0.0734375
20 0.53828125 0.70625 0.025 0.07109375
20 0.56484375 0.73125 0.025 0.06875
5 0.6171875 0.71640625 0.01875 0.08125
33 0.83984375 0.7234375 0.021875 0.078125
12 0.86640625 0.71953125 0.021875 0.084375
2 0.8109375 0.7453125 0.02421875 0.06640625