25 0.06796875 0.29296875 0.0359375 0.0546875
34 0.128125 0.26953125 0.0328125 0.07578125
35 0.17265625 0.28828125 0.040625 0.06328125
34 0.21875 0.2890625 0.04453125 0.06796875
16 0.26484375 0.30546875 0.03359375 0.040625
34 0.271875 0.26953125 0.04296875 0.021875
34 0.2609375 0.22421875 0.03828125 0.03046875
35 0.32109375 0.290625 0.03359375 0.06171875
35 0.4421875 0.28203125 0.03984375 0.07578125
35 0.39921875 0.296875 0.03984375 0.040625
28 0.503125 0.28125 0.046875 0.06875
28 0.5546875 0.28984375 0.0484375 0.05859375
28 0.45234375 0.2234375 0.03984375 0.034375
25 0.6125 0.290625 0.03671875 0.05
28 0.65078125 0.28515625 0.0359375 0.059375
28 0.6890625 0.27890625 0.034375 0.0671875
28 0.73203125 0.2828125 0.0390625 0.0609375
8 0.79609375 0.2796875 0.0609375 0.075
9 0.83203125 0.43671875 0.04765625 0.07578125
3 0.77890625 0.46328125 0.0375 0.03359375
31 0.734375 0.44921875 0.0296875 0.0640625
33 0.70625 0.44296875 0.0234375 0.07578125
24 0.68203125 0.4484375 0.02265625 0.06484375
34 0.6375 0.44140625 0.0421875 0.084375
14 0.58125 0.46328125 0.0390625 0.03828125
27 0.5640625 0.43359375 0.028125 0.01953125
25 0.5078125 0.4453125 0.03046875 0.07109375
11 0.45703125 0.4578125 0.04296875 0.05234375
21 0.403125 0.44375 0.025 0.075
36 0.3578125 0.45 0.04765625 0.0734375
13 0.309375 0.446875 0.040625 0.06328125
32 0.23671875 0.44921875 0.03359375 0.0640625
36 0.19453125 0.43984375 0.04140625 0.06875
29 0.1390625 0.44921875 0.0390625 0.06171875
11 0.084375 0.45703125 0.0390625 0.05234375
29 0.06875 0.61484375 0.04453125 0.0734375
7 0.12890625 0.603125 0.0265625 0.06015625
18 0.1640625 0.61953125 0.04140625 0.0578125
11 0.22421875 0.6140625 0.034375 0.05
6 0.2671875 0.61953125 0.0375 0.0625
16 0.30703125 0.6171875 0.03203125 0.0671875
14 0.35234375 0.60859375 0.040625 0.071875
17 0.40546875 0.61484375 0.04140625 0.06875
4 0.45625 0.59921875 0.03359375 0.06875
31 0.49453125 0.60546875 0.0296875 0.0734375
34 0.5546875 0.61015625 0.0375 0.08125
7 0.61484375 0.625 0.040625 0.059375
0 0.64609375 0.615625 0.01640625 0.0375
3 0.696875 0.5765625 0.0234375 0.04375
13 0.78359375 0.61171875 0.04296875 0.04453125
27 0.85390625 0.6109375 0.0609375 0.04609375
25 0.73515625 0.62109375 0.04921875 0.0421875
12 0.875 0.775 0.0296875 0.08828125
33 0.846875 0.77734375 0.021875 0.084375
2 0.81640625 0.79375 0.03046875 0.07421875
5 0.7546875 0.7609375 0.02109375 0.0796875
10 0.7171875 0.784375 0.05078125 0.08046875
30 0.66796875 0.7609375 0.0265625 0.11171875
5 0.6171875 0.778125 0.025 0.08515625
20 0.56171875 0.79609375 0.03125 0.07734375
20 0.53203125 0.76171875 0.02578125 0.07890625
20 0.5015625 0.7859375 0.03046875 0.0796875
21 0.45390625 0.78203125 0.03828125 0.08046875
21 0.4140625 0.771875 0.03828125 0.0796875
23 0.36640625 0.7796875 0.04765625 0.078125
22 0.32109375 0.7796875 0.03984375 0.08359375
18 0.26796875 0.78515625 0.0421875 0.071875
18 0.2109375 0.80234375 0.04453125 0.0484375
18 0.20546875 0.7265625 0.04296875 0.05546875
19 0.1640625 0.7875 0.040625 0.0609375
18 0.128125 0.759375 0.02734375 0.06015625
18 0.08984375 0.765625 0.04296875 0.03828125
11 0.09453125 0.71953125 0.0375 0.05