34 0.0890625 0.234375 0.02109375 0.08828125
34 0.12734375 0.2296875 0.046875 0.1015625
34 0.1921875 0.23125 0.046875 0.1
34 0.246875 0.2390625 0.0421875 0.08125
34 0.29765625 0.2421875 0.04609375 0.0796875
35 0.3546875 0.2453125 0.04453125 0.07578125
35 0.39140625 0.24296875 0.02265625 0.07265625
35 0.415625 0.2421875 0.0203125 0.0765625
35 0.44609375 0.2453125 0.034375 0.07890625
35 0.50078125 0.24375 0.04140625 0.078125
28 0.55234375 0.2421875 0.03984375 0.08046875
28 0.60234375 0.2453125 0.0421875 0.0734375
28 0.65390625 0.2421875 0.0359375 0.07421875
28 0.70234375 0.24921875 0.0375 0.06484375
28 0.765625 0.2484375 0.046875 0.06953125
8 0.83671875 0.23671875 0.0578125 0.084375
10 0.9078125 0.24609375 0.065625 0.06328125
27 0.87890625 0.409375 0.04921875 0.08984375
24 0.7453125 0.41953125 0.05 0.0578125
15 0.68125 0.41796875 0.03984375 0.0625
27 0.62109375 0.4171875 0.03984375 0.06484375
26 0.57578125 0.41171875 0.02578125 0.07890625
34 0.5328125 0.4015625 0.040625 0.11171875
26 0.5 0.41640625 0.021875 0.075
34 0.45703125 0.4 0.03984375 0.1171875
13 0.39140625 0.41328125 0.0453125 0.08515625
13 0.34296875 0.4171875 0.040625 0.075
36 0.29609375 0.41328125 0.040625 0.084375
36 0.2609375 0.39765625 0.02421875 0.0609375
36 0.21953125 0.41328125 0.04765625 0.0875
29 0.1640625 0.41796875 0.04140625 0.075
29 0.10234375 0.4203125 0.0546875 0.075
7 0.0859375 0.5984375 0.04375 0.071875
7 0.14296875 0.59453125 0.0421875 0.07578125
6 0.19296875 0.59375 0.04453125 0.084375
11 0.2453125 0.59921875 0.0421875 0.06796875
11 0.2953125 0.6078125 0.0453125 0.0578125
32 0.34453125 0.5890625 0.03984375 0.08984375
16 0.3875 0.59375 0.03125 0.0765625
17 0.45625 0.5984375 0.0421875 0.0734375
16 0.415625 0.59140625 0.021875 0.08203125
4 0.50234375 0.596875 0.03203125 0.071875
31 0.5390625 0.59375 0.02734375 0.07890625
1 0.584375 0.60078125 0.04140625 0.0625
1 0.63984375 0.5859375 0.04140625 0.0734375
0 0.6796875 0.60390625 0.02734375 0.0390625
3 0.70859375 0.5828125 0.021875 0.0890625
3 0.73359375 0.5765625 0.0203125 0.09453125
3 0.75546875 0.590625 0.01796875 0.08046875
3 0.77734375 0.5921875 0.01875 0.08125
2 0.80546875 0.58984375 0.0234375 0.06171875
2 0.871875 0.596875 0.1046875 0.075
33 0.8390625 0.77890625 0.0265625 0.08828125
5 0.76875 0.76953125 0.0234375 0.08671875
30 0.68984375 0.7625 0.02265625 0.11328125
12 0.628125 0.76796875 0.02890625 0.0921875
20 0.57421875 0.77421875 0.0265625 0.08046875
20 0.54296875 0.775 0.028125 0.0828125
21 0.4953125 0.7734375 0.03203125 0.084375
21 0.46015625 0.7703125 0.03203125 0.08515625
23 0.41875 0.76171875 0.04375 0.07578125
22 0.34765625 0.76484375 0.04375 0.0765625
19 0.2984375 0.76875 0.04609375 0.07421875
18 0.24375 0.778125 0.0484375 0.08046875
18 0.1921875 0.775 0.04453125 0.07734375
18 0.14453125 0.77578125 0.04375 0.075
18 0.09296875 0.7765625 0.0453125 0.08359375