29 0.08203125 0.3 0.06015625 0.103125
34 0.13984375 0.28671875 0.0484375 0.11875
34 0.25078125 0.2921875 0.053125 0.11015625
34 0.36796875 0.28359375 0.02734375 0.13046875
34 0.3109375 0.2546875 0.05625 0.04140625
21 0.190625 0.29765625 0.040625 0.096875
25 0.315625 0.31796875 0.05546875 0.06328125
26 0.434375 0.30625 0.06015625 0.090625
28 0.51328125 0.2984375 0.05390625 0.10546875
28 0.5734375 0.3015625 0.0546875 0.10078125
28 0.7046875 0.2921875 0.0421875 0.11171875
28 0.771875 0.30390625 0.06796875 0.0921875
31 0.6578125 0.29765625 0.0453125 0.10234375
8 0.8578125 0.28984375 0.07265625 0.11953125
26 0.9375 0.3046875 0.0703125 0.07734375
11 0.09921875 0.50546875 0.046875 0.06875
29 0.16171875 0.4953125 0.05859375 0.084375
1 0.22265625 0.49609375 0.05078125 0.08984375
36 0.27265625 0.46796875 0.03046875 0.0640625
36 0.31171875 0.490625 0.0421875 0.09609375
32 0.36171875 0.4953125 0.04609375 0.0921875
14 0.425 0.49296875 0.05703125 0.09296875
26 0.4921875 0.4890625 0.05390625 0.0828125
4 0.54296875 0.4890625 0.0359375 0.09453125
27 0.61328125 0.4921875 0.05078125 0.08671875
34 0.6828125 0.4890625 0.04453125 0.1125
33 0.7546875 0.496875 0.0265625 0.0859375
27 0.9015625 0.49296875 0.05703125 0.10078125
7 0.09375 0.68046875 0.05 0.08046875
7 0.15078125 0.67578125 0.04375 0.08515625
6 0.20390625 0.6546875 0.04453125 0.09296875
11 0.26015625 0.6796875 0.03984375 0.07578125
11 0.31171875 0.66484375 0.04296875 0.07265625
32 0.3625 0.65078125 0.03671875 0.0921875
16 0.40625 0.65390625 0.03359375 0.0875
17 0.453125 0.659375 0.0453125 0.084375
4 0.5 0.64921875 0.0359375 0.0890625
31 0.5375 0.6609375 0.03125 0.084375
1 0.590625 0.665625 0.03828125 0.0734375
1 0.64140625 0.665625 0.04375 0.08203125
2 0.39921875 0.71171875 0.11953125 0.01640625
5 0.67890625 0.6671875 0.0234375 0.08046875
3 0.75703125 0.66484375 0.10546875 0.11484375
2 0.88984375 0.67734375 0.1296875 0.10234375
18 0.11796875 0.8046875 0.0390625 0.065625
18 0.1625 0.8375 0.04296875 0.07265625
18 0.20859375 0.8359375 0.040625 0.07109375
18 0.259375 0.8578125 0.04765625 0.0359375
19 0.25625 0.796875 0.0453125 0.07578125
6 0.3109375 0.80859375 0.04609375 0.09921875
22 0.3671875 0.83359375 0.04921875 0.071875
18 0.41953125 0.77734375 0.0453125 0.06875
23 0.42734375 0.840625 0.0546875 0.040625
21 0.47578125 0.81875 0.02890625 0.0671875
21 0.50859375 0.83984375 0.03046875 0.07109375
20 0.5546875 0.83984375 0.028125 0.06796875
20 0.58203125 0.81640625 0.021875 0.06640625
20 0.6234375 0.85625 0.04140625 0.0453125
12 0.64296875 0.79609375 0.0296875 0.0515625
0 0.66328125 0.85546875 0.02578125 0.05703125
30 0.70234375 0.8328125 0.01953125 0.09375
34 0.7921875 0.82578125 0.04296875 0.11171875
33 0.85078125 0.8265625 0.0203125 0.06875
12 0.903125 0.83671875 0.03046875 0.08046875