34 0.1359375 0.3515625 0.03125 0.065625
34 0.1640625 0.34765625 0.0203125 0.06953125
34 0.246875 0.359375 0.040625 0.05078125
34 0.40078125 0.3015625 0.034375 0.0515625
34 0.74921875 0.3484375 0.0359375 0.06171875
34 0.59375 0.4859375 0.03828125 0.06328125
34 0.52421875 0.61484375 0.03125 0.0703125
35 0.19765625 0.35078125 0.0375 0.0671875
35 0.334375 0.35546875 0.0375 0.05859375
35 0.4140625 0.36015625 0.025 0.04609375
35 0.44609375 0.35703125 0.0328125 0.0625
20 0.2875 0.35625 0.0234375 0.0625
20 0.50234375 0.74921875 0.0203125 0.05703125
20 0.16171875 0.75546875 0.02421875 0.05859375
36 0.378125 0.3578125 0.040625 0.053125
36 0.58125 0.35703125 0.0390625 0.0515625
36 0.21171875 0.48203125 0.03984375 0.0640625
36 0.24375 0.4765625 0.01953125 0.06171875
21 0.484375 0.3546875 0.025 0.0640625
21 0.68671875 0.353125 0.02421875 0.06171875
21 0.45234375 0.734375 0.01640625 0.05546875
21 0.68984375 0.76171875 0.0234375 0.0609375
18 0.53359375 0.3609375 0.04140625 0.046875
18 0.31953125 0.62421875 0.03671875 0.05078125
18 0.37265625 0.753125 0.0390625 0.05234375
18 0.2453125 0.76328125 0.04140625 0.0546875
18 0.1375 0.74453125 0.01875 0.04140625
28 0.50546875 0.34921875 0.0125 0.07265625
28 0.53984375 0.32421875 0.0375 0.02109375
28 0.6546875 0.35 0.01875 0.065625
28 0.63828125 0.484375 0.0453125 0.06640625
4 0.62578125 0.359375 0.03046875 0.04765625
8 0.71484375 0.3515625 0.025 0.0640625
8 0.603125 0.61328125 0.0359375 0.065625
11 0.1328125 0.49765625 0.03671875 0.0390625
29 0.1734375 0.49375 0.0296875 0.05
7 0.27265625 0.49296875 0.03125 0.04921875
13 0.3140625 0.4828125 0.04140625 0.065625
13 0.3609375 0.48046875 0.04453125 0.071875
14 0.41015625 0.484375 0.0359375 0.0640625
11 0.45 0.49453125 0.03828125 0.04453125
16 0.4921875 0.49765625 0.03671875 0.04609375
22 0.54921875 0.49453125 0.03671875 0.046875
31 0.6765625 0.48984375 0.028125 0.05234375
9 0.740625 0.4859375 0.0203125 0.05625
32 0.771875 0.48671875 0.03515625 0.05234375
29 0.12890625 0.62109375 0.04453125 0.059375
7 0.1734375 0.62265625 0.0390625 0.0546875
6 0.21484375 0.61875 0.03515625 0.053125
11 0.253125 0.621875 0.034375 0.0390625
14 0.41328125 0.628125 0.03203125 0.05234375
25 0.3734375 0.61953125 0.0359375 0.04765625
6 0.44921875 0.6234375 0.02890625 0.06015625
14 0.4859375 0.625 0.0390625 0.0625
26 0.5625 0.62265625 0.03984375 0.05625
25 0.66796875 0.63125 0.04453125 0.0328125
13 0.77890625 0.62109375 0.034375 0.04453125
19 0.2046875 0.76328125 0.03515625 0.0515625
27 0.2921875 0.73671875 0.03984375 0.0765625
16 0.33125 0.7578125 0.0359375 0.07421875
28 0.41875 0.7453125 0.04453125 0.090625
33 0.47421875 0.7609375 0.01875 0.06171875
5 0.56796875 0.759375 0.0171875 0.06796875
11 0.609375 0.76953125 0.03671875 0.05703125
12 0.77890625 0.76015625 0.0234375 0.0703125
33 0.75625 0.7625 0.0171875 0.065625
2 0.725 0.77265625 0.03828125 0.06796875