29 0.0703125 0.22890625 0.0515625 0.1125
34 0.12890625 0.2265625 0.05390625 0.11640625
34 0.1859375 0.22578125 0.05 0.115625
34 0.23203125 0.2328125 0.03515625 0.1015625
17 0.28046875 0.2578125 0.04921875 0.06171875
35 0.3453125 0.240625 0.0421875 0.09453125
35 0.39375 0.24296875 0.04609375 0.090625
26 0.4515625 0.2515625 0.05390625 0.07578125
28 0.52421875 0.2484375 0.04765625 0.08984375
28 0.58046875 0.24765625 0.05 0.08515625
31 0.66015625 0.24140625 0.0296875 0.08671875
12 0.69765625 0.24140625 0.03203125 0.09140625
28 0.759375 0.25078125 0.05234375 0.0703125
8 0.83984375 0.2390625 0.0609375 0.09296875
10 0.9125 0.246875 0.06328125 0.06875
27 0.884375 0.42265625 0.053125 0.08828125
26 0.8125 0.45234375 0.05546875 0.0328125
24 0.74296875 0.42890625 0.05703125 0.06640625
34 0.67578125 0.42109375 0.04453125 0.10078125
34 0.61328125 0.41796875 0.04140625 0.103125
26 0.553125 0.4234375 0.04609375 0.0828125
26 0.4953125 0.4234375 0.05078125 0.07734375
14 0.4328125 0.425 0.0453125 0.08359375
13 0.3859375 0.4234375 0.04140625 0.0875
32 0.33828125 0.43046875 0.03984375 0.0875
36 0.2859375 0.425 0.0453125 0.09375
36 0.24765625 0.42109375 0.0265625 0.0890625
1 0.203125 0.42890625 0.04921875 0.08359375
29 0.14296875 0.42890625 0.05625 0.08359375
11 0.08046875 0.43515625 0.04921875 0.06875
7 0.0703125 0.6125 0.05078125 0.0765625
7 0.12890625 0.60703125 0.04765625 0.0828125
6 0.18203125 0.603125 0.04921875 0.09765625
11 0.2390625 0.61328125 0.04765625 0.0703125
11 0.2921875 0.6015625 0.0484375 0.07578125
32 0.3421875 0.58671875 0.040625 0.0921875
16 0.39453125 0.60390625 0.03515625 0.07890625
17 0.44609375 0.5953125 0.04140625 0.08515625
4 0.49140625 0.6046875 0.03671875 0.07890625
31 0.53203125 0.59375 0.0296875 0.0796875
1 0.58203125 0.6046875 0.0421875 0.04921875
1 0.63671875 0.59140625 0.04375 0.0859375
0 0.67890625 0.615625 0.03046875 0.0390625
3 0.7109375 0.5953125 0.02265625 0.09453125
3 0.7359375 0.58984375 0.0234375 0.0984375
3 0.7609375 0.6 0.01796875 0.0875
3 0.78203125 0.60234375 0.01796875 0.09140625
2 0.80859375 0.59765625 0.02109375 0.078125
2 0.83203125 0.596875 0.01953125 0.090625
2 0.85625 0.60234375 0.0203125 0.0875
2 0.88125 0.6109375 0.02265625 0.0703125
2 0.90859375 0.60859375 0.021875 0.075
33 0.84765625 0.78359375 0.0234375 0.07890625
5 0.77578125 0.7734375 0.0203125 0.08046875
30 0.69296875 0.76796875 0.0203125 0.1046875
12 0.6328125 0.74921875 0.03125 0.08359375
20 0.5765625 0.77890625 0.02890625 0.075
20 0.54296875 0.78125 0.02890625 0.0734375
21 0.49296875 0.77890625 0.03203125 0.07734375
21 0.45625 0.7765625 0.03203125 0.0796875
23 0.4125 0.7671875 0.046875 0.071875
22 0.34375 0.76953125 0.0453125 0.06796875
19 0.2921875 0.77265625 0.04921875 0.07109375
19 0.2390625 0.78125 0.046875 0.07734375
19 0.1875 0.7796875 0.046875 0.078125
19 0.1375 0.7796875 0.046875 0.075
19 0.08515625 0.78125 0.04609375 0.07578125