34 0.0984375 0.228125 0.0375 0.0640625
34 0.1703125 0.2203125 0.0359375 0.06875
34 0.22109375 0.2265625 0.03671875 0.05859375
6 0.26796875 0.234375 0.0375 0.0484375
35 0.31875 0.2328125 0.0375 0.05078125
35 0.36484375 0.2328125 0.03515625 0.05
35 0.4015625 0.23984375 0.0296875 0.04140625
35 0.4375 0.23125 0.03515625 0.06015625
28 0.4921875 0.23046875 0.040625 0.05390625
28 0.5421875 0.23203125 0.0359375 0.0578125
28 0.57734375 0.2375 0.0265625 0.0453125
28 0.61640625 0.234375 0.03359375 0.0484375
28 0.64609375 0.21796875 0.0234375 0.02578125
16 0.665625 0.24609375 0.03515625 0.0265625
16 0.69609375 0.22734375 0.0234375 0.0625
8 0.76171875 0.2265625 0.05390625 0.05390625
8 0.721875 0.22890625 0.02265625 0.05625
10 0.825 0.24375 0.05390625 0.01875
10 0.77890625 0.36796875 0.028125 0.065625
18 0.734375 0.37734375 0.05390625 0.05078125
31 0.6875 0.37890625 0.0296875 0.05234375
28 0.6453125 0.3703125 0.03984375 0.0625
34 0.5953125 0.3734375 0.04375 0.0609375
27 0.5421875 0.378125 0.04609375 0.05
26 0.48671875 0.3765625 0.046875 0.05390625
26 0.43515625 0.371875 0.0390625 0.05703125
14 0.390625 0.3765625 0.0359375 0.053125
13 0.35234375 0.37265625 0.03046875 0.0625
14 0.31796875 0.37421875 0.03359375 0.059375
13 0.28203125 0.37109375 0.0328125 0.06171875
34 0.24296875 0.37421875 0.03515625 0.0625
36 0.20078125 0.365625 0.03984375 0.06875
36 0.16875 0.36875 0.0203125 0.07109375
29 0.1390625 0.36953125 0.03125 0.06171875
34 0.1 0.3671875 0.03984375 0.0703125
29 0.08671875 0.51640625 0.040625 0.05625
7 0.1328125 0.51953125 0.03671875 0.0453125
6 0.1796875 0.51875 0.03671875 0.04921875
11 0.21875 0.5171875 0.03125 0.046875
11 0.26953125 0.5203125 0.040625 0.05234375
32 0.303125 0.5078125 0.01484375 0.05625
8 0.33515625 0.51015625 0.04296875 0.07265625
17 0.38984375 0.5265625 0.0375 0.040625
4 0.43046875 0.5140625 0.03125 0.0453125
14 0.47734375 0.5203125 0.040625 0.0625
16 0.5203125 0.5296875 0.03515625 0.03984375
12 0.5640625 0.51171875 0.02734375 0.06875
17 0.59921875 0.5328125 0.03671875 0.0328125
3 0.63984375 0.5234375 0.01953125 0.04296875
3 0.68203125 0.51328125 0.05703125 0.0171875
3 0.67109375 0.5359375 0.03515625 0.021875
2 0.7515625 0.528125 0.05 0.04140625
13 0.8046875 0.5234375 0.04765625 0.04375
5 0.75234375 0.67734375 0.021875 0.07578125
5 0.72734375 0.6703125 0.02109375 0.075
33 0.69375 0.675 0.021875 0.0703125
33 0.6734375 0.66484375 0.015625 0.071875
30 0.6203125 0.64296875 0.009375 0.0921875
30 0.603125 0.6484375 0.01796875 0.09609375
21 0.5578125 0.66328125 0.03046875 0.07265625
20 0.51171875 0.66875 0.02578125 0.0671875
20 0.4890625 0.6609375 0.015625 0.0640625
20 0.465625 0.66171875 0.025 0.065625
21 0.42578125 0.66328125 0.02890625 0.0703125
21 0.3921875 0.6625 0.025 0.0734375
4 0.3421875 0.66171875 0.02890625 0.07890625
23 0.30703125 0.665625 0.0359375 0.06015625
22 0.26171875 0.671875 0.04609375 0.06171875
18 0.21640625 0.62109375 0.04140625 0.05625
18 0.2125 0.67734375 0.04140625 0.04765625
19 0.16875 0.6765625 0.04140625 0.04609375
28 0.1703125 0.62734375 0.04375 0.040625
20 0.1203125 0.6640625 0.02890625 0.06796875
18 0.09375 0.6515625 0.021875 0.05859375