34 0.10234375 0.19765625 0.0328125 0.0625
13 0.1859375 0.19453125 0.0484375 0.071875
34 0.228125 0.19453125 0.02890625 0.06953125
34 0.28046875 0.2 0.03359375 0.065625
35 0.32265625 0.203125 0.028125 0.0625
35 0.35859375 0.20390625 0.03359375 0.05390625
35 0.40546875 0.20546875 0.0390625 0.05546875
35 0.446875 0.2 0.0328125 0.0640625
35 0.53671875 0.2046875 0.03125 0.04765625
28 0.48984375 0.20859375 0.03828125 0.04765625
28 0.584375 0.2 0.03125 0.05859375
28 0.63515625 0.20390625 0.0296875 0.05625
28 0.66796875 0.20390625 0.02734375 0.05625
8 0.7375 0.20390625 0.0453125 0.04609375
8 0.725 0.15703125 0.05234375 0.04296875
10 0.784375 0.21640625 0.03984375 0.028125
16 0.75390625 0.34140625 0.03046875 0.0515625
36 0.70078125 0.33828125 0.0375 0.0625
31 0.6640625 0.3453125 0.025 0.0484375
28 0.62890625 0.33828125 0.03671875 0.05859375
34 0.58671875 0.34140625 0.03515625 0.05859375
21 0.540625 0.33828125 0.0265625 0.0625
4 0.49140625 0.34453125 0.0265625 0.05390625
26 0.44765625 0.34140625 0.03671875 0.05625
14 0.4078125 0.33828125 0.02734375 0.0546875
13 0.3390625 0.33984375 0.03671875 0.06171875
12 0.30546875 0.3375 0.025 0.06328125
34 0.25390625 0.34375 0.0359375 0.0625
36 0.2234375 0.3390625 0.0171875 0.0578125
36 0.19140625 0.3390625 0.03671875 0.05703125
36 0.20546875 0.28828125 0.05234375 0.0328125
29 0.1546875 0.34140625 0.03515625 0.059375
34 0.11328125 0.33671875 0.03984375 0.06796875
29 0.10703125 0.48125 0.03984375 0.05390625
7 0.153125 0.4828125 0.03515625 0.05
6 0.19375 0.484375 0.03671875 0.04609375
11 0.275 0.48359375 0.0359375 0.0453125
11 0.2359375 0.48046875 0.03203125 0.04296875
12 0.30859375 0.47421875 0.0234375 0.065625
18 0.3484375 0.47734375 0.03671875 0.04921875
17 0.40703125 0.47578125 0.02890625 0.04453125
18 0.4421875 0.48046875 0.03359375 0.05
14 0.47734375 0.48046875 0.03046875 0.05
1 0.5140625 0.48203125 0.034375 0.04921875
1 0.54921875 0.47265625 0.0296875 0.04921875
17 0.58828125 0.4890625 0.034375 0.034375
3 0.62890625 0.48125 0.01796875 0.04296875
21 0.65546875 0.47734375 0.02578125 0.06640625
2 0.72421875 0.48671875 0.03984375 0.04296875
13 0.76796875 0.4828125 0.0375 0.0421875
5 0.72109375 0.6234375 0.01953125 0.06640625
5 0.69921875 0.6171875 0.01953125 0.06875
33 0.67109375 0.61953125 0.01796875 0.065625
33 0.653125 0.6125 0.0140625 0.0640625
30 0.61015625 0.59140625 0.01171875 0.0859375
30 0.59375 0.5984375 0.01640625 0.084375
21 0.5546875 0.609375 0.02734375 0.0640625
20 0.49921875 0.6171875 0.021875 0.06015625
20 0.47578125 0.6203125 0.0203125 0.06171875
21 0.43671875 0.60625 0.02578125 0.065625
18 0.36171875 0.6234375 0.04140625 0.053125
23 0.31953125 0.60625 0.03515625 0.05078125
16 0.278125 0.6140625 0.028125 0.0703125
18 0.23671875 0.6234375 0.0453125 0.04453125
28 0.20546875 0.58125 0.03984375 0.03515625
18 0.1796875 0.6265625 0.04609375 0.0421875
18 0.12578125 0.621875 0.0421875 0.0515625