34 0.1203125 0.3953125 0.02890625 0.06328125
34 0.1546875 0.39453125 0.03046875 0.0640625
34 0.1953125 0.3921875 0.02578125 0.0625
34 0.22734375 0.40546875 0.028125 0.04296875
34 0.71015625 0.39609375 0.0375 0.05625
34 0.3796875 0.34765625 0.03046875 0.04375
34 0.56484375 0.51875 0.03359375 0.06171875
34 0.50078125 0.64296875 0.0359375 0.06953125
22 0.2625 0.40703125 0.03671875 0.04296875
35 0.31328125 0.39921875 0.03359375 0.05625
35 0.3921875 0.4015625 0.021875 0.04609375
35 0.421875 0.39921875 0.028125 0.0546875
35 0.24921875 0.51953125 0.034375 0.06015625
36 0.35390625 0.4015625 0.03203125 0.053125
36 0.5515625 0.4 0.03515625 0.04921875
36 0.340625 0.65 0.03125 0.06171875
21 0.45625 0.4 0.02578125 0.05859375
21 0.51015625 0.51796875 0.02265625 0.05703125
21 0.38203125 0.765625 0.0234375 0.0625
21 0.4203125 0.765625 0.02578125 0.06328125
21 0.6609375 0.7890625 0.0234375 0.06796875
18 0.503125 0.40625 0.0375 0.04375
18 0.20546875 0.790625 0.034375 0.05703125
18 0.34140625 0.78046875 0.0421875 0.05703125
28 0.59453125 0.4015625 0.0390625 0.0515625
28 0.63984375 0.39765625 0.0296875 0.0609375
28 0.609375 0.515625 0.040625 0.0609375
8 0.675 0.39609375 0.028125 0.06015625
8 0.56953125 0.6421875 0.04375 0.06640625
11 0.11171875 0.52890625 0.03359375 0.0375
11 0.425 0.52734375 0.0328125 0.0484375
11 0.225 0.646875 0.034375 0.046875
11 0.58046875 0.79140625 0.03359375 0.06484375
29 0.153125 0.52734375 0.0296875 0.0421875
29 0.09765625 0.65078125 0.03828125 0.06328125
13 0.19140625 0.521875 0.0359375 0.05390625
13 0.34296875 0.5203125 0.046875 0.0515625
13 0.75234375 0.65234375 0.04453125 0.04375
4 0.29921875 0.51796875 0.03125 0.05625
14 0.38671875 0.51875 0.03046875 0.0578125
14 0.37734375 0.65390625 0.02890625 0.0515625
14 0.4578125 0.65234375 0.03203125 0.059375
16 0.46484375 0.53359375 0.03125 0.040625
31 0.64921875 0.5234375 0.03046875 0.05390625
18 0.17890625 0.65546875 0.04140625 0.0484375
7 0.1390625 0.65234375 0.028125 0.05390625
26 0.27734375 0.65234375 0.04296875 0.053125
6 0.41875 0.65234375 0.028125 0.05859375
20 0.7046875 0.6515625 0.025 0.06328125
25 0.63984375 0.6609375 0.0453125 0.0375
20 0.1203125 0.7859375 0.0234375 0.06171875
19 0.165625 0.7921875 0.03125 0.0609375
27 0.25703125 0.7671875 0.03515625 0.078125
33 0.4453125 0.7859375 0.0140625 0.065625
20 0.475 0.7765625 0.0265625 0.059375
5 0.5421875 0.7875 0.0203125 0.06640625
30 0.5828125 0.73515625 0.03046875 0.0328125
2 0.69921875 0.796875 0.0390625 0.07265625
33 0.7328125 0.79140625 0.01640625 0.06875
12 0.75234375 0.7890625 0.01953125 0.06328125