34 0.1703125 0.3671875 0.0328125 0.06640625
34 0.20234375 0.3671875 0.02421875 0.06640625
35 0.234375 0.36484375 0.03359375 0.06875
34 0.2859375 0.37734375 0.0484375 0.04765625
34 0.33203125 0.37109375 0.0296875 0.06171875
35 0.38359375 0.375 0.0328125 0.0515625
36 0.42421875 0.37578125 0.0375 0.05390625
34 0.44453125 0.32109375 0.03203125 0.04765625
35 0.46171875 0.3765625 0.02890625 0.05
35 0.49296875 0.37421875 0.0296875 0.05625
28 0.49453125 0.33125 0.03125 0.02734375
21 0.52890625 0.3734375 0.0265625 0.0609375
18 0.5796875 0.38125 0.04140625 0.04453125
36 0.62421875 0.37578125 0.0375 0.04921875
28 0.6609375 0.375 0.028125 0.05546875
28 0.68984375 0.3734375 0.025 0.05703125
28 0.721875 0.36875 0.03359375 0.06484375
8 0.7546875 0.37109375 0.02734375 0.0578125
34 0.790625 0.36875 0.0375 0.0609375
10 0.8328125 0.3828125 0.03984375 0.03203125
32 0.8109375 0.49921875 0.02890625 0.05
9 0.78203125 0.4953125 0.02421875 0.0640625
3 0.753125 0.51484375 0.0234375 0.025
31 0.71953125 0.5015625 0.02265625 0.04765625
28 0.684375 0.49453125 0.0375 0.06171875
34 0.6375 0.49765625 0.03828125 0.0609375
22 0.5921875 0.50625 0.0375 0.0453125
16 0.5359375 0.50859375 0.028125 0.03984375
11 0.49609375 0.5078125 0.03671875 0.0453125
21 0.453125 0.5 0.02265625 0.0578125
20 0.4125 0.5015625 0.0234375 0.05703125
4 0.37734375 0.49609375 0.02890625 0.06015625
7 0.3125 0.5046875 0.0328125 0.0421875
13 0.25390625 0.5015625 0.03984375 0.0546875
29 0.2140625 0.5046875 0.03359375 0.0515625
11 0.1734375 0.50859375 0.03984375 0.0390625
29 0.1609375 0.6296875 0.040625 0.05703125
7 0.20703125 0.63125 0.02890625 0.05
6 0.25234375 0.60078125 0.04921875 0.02109375
18 0.24765625 0.63515625 0.0484375 0.04375
11 0.29140625 0.62578125 0.0234375 0.04453125
2 0.3171875 0.6453125 0.02265625 0.0390625
26 0.35390625 0.628125 0.03984375 0.046875
36 0.4140625 0.6265625 0.02890625 0.0625
14 0.45078125 0.634375 0.02890625 0.046875
6 0.4890625 0.62578125 0.03203125 0.0625
14 0.52734375 0.6296875 0.0359375 0.05390625
34 0.5671875 0.62265625 0.03203125 0.06640625
1 0.6 0.621875 0.0265625 0.0515625
8 0.640625 0.62109375 0.040625 0.06484375
3 0.68125 0.62265625 0.0171875 0.0609375
25 0.709375 0.6375 0.03515625 0.0328125
3 0.74453125 0.6296875 0.01875 0.03671875
2 0.77734375 0.63046875 0.03671875 0.04140625
13 0.821875 0.62734375 0.04375 0.03984375
12 0.81640625 0.7578125 0.02421875 0.0625
33 0.79296875 0.759375 0.01796875 0.05859375
2 0.7609375 0.76796875 0.03671875 0.05703125
21 0.7265625 0.76171875 0.02421875 0.06484375
11 0.6484375 0.76484375 0.034375 0.0578125
5 0.6078125 0.7578125 0.01953125 0.0625
20 0.54296875 0.74921875 0.0203125 0.0578125
33 0.5140625 0.75859375 0.01796875 0.0609375
21 0.49140625 0.73671875 0.0171875 0.05625
28 0.4640625 0.74296875 0.0328125 0.08203125
18 0.4171875 0.7546875 0.0375 0.05234375
16 0.37421875 0.7578125 0.02734375 0.06484375
27 0.33125 0.7421875 0.03515625 0.071875
18 0.28046875 0.76953125 0.04453125 0.053125
19 0.2390625 0.7640625 0.03515625 0.05234375
20 0.19453125 0.7609375 0.028125 0.06015625