34 0.08359375 0.259375 0.059375 0.17109375
34 0.1453125 0.265625 0.05390625 0.16171875
34 0.21015625 0.265625 0.059375 0.16640625
34 0.2796875 0.27109375 0.05703125 0.15546875
34 0.3390625 0.26796875 0.04453125 0.15078125
34 0.39453125 0.2734375 0.05390625 0.1515625
35 0.44921875 0.27109375 0.04296875 0.153125
35 0.503125 0.27578125 0.04765625 0.14296875
35 0.565625 0.28203125 0.05390625 0.128125
35 0.6234375 0.27890625 0.05390625 0.1375
28 0.6890625 0.27109375 0.0515625 0.13984375
28 0.753125 0.2734375 0.05390625 0.13984375
28 0.82265625 0.278125 0.053125 0.13203125
28 0.87734375 0.27421875 0.04375 0.1375
24 0.81484375 0.490625 0.05625 0.11484375
15 0.7421875 0.49921875 0.053125 0.0921875
27 0.68671875 0.49296875 0.04921875 0.10703125
26 0.62578125 0.5015625 0.0515625 0.0859375
26 0.56484375 0.49921875 0.05625 0.0984375
14 0.5078125 0.503125 0.04609375 0.09296875
13 0.45 0.503125 0.05078125 0.09375
13 0.39453125 0.50234375 0.05078125 0.0984375
36 0.34296875 0.48515625 0.040625 0.12109375
36 0.2953125 0.4796875 0.04296875 0.121875
36 0.24140625 0.48125 0.053125 0.11796875
29 0.16953125 0.4953125 0.053125 0.10234375
29 0.1109375 0.49140625 0.0546875 0.10625
7 0.1125 0.671875 0.04375 0.09296875
7 0.1609375 0.66875 0.04375 0.0953125
6 0.2125 0.66796875 0.0421875 0.1078125
11 0.2546875 0.6671875 0.03203125 0.08671875
11 0.29296875 0.66953125 0.03203125 0.0796875
11 0.334375 0.67421875 0.0359375 0.075
32 0.38125 0.66953125 0.02890625 0.0875
16 0.42734375 0.66484375 0.03046875 0.08515625
17 0.4703125 0.66953125 0.03828125 0.0828125
4 0.51875 0.659375 0.034375 0.07890625
31 0.5640625 0.6671875 0.02890625 0.07578125
1 0.60703125 0.67421875 0.0375 0.0703125
1 0.65390625 0.67265625 0.0375 0.07109375
0 0.68984375 0.68828125 0.025 0.05625
3 0.73203125 0.65234375 0.01796875 0.10703125
3 0.75390625 0.6578125 0.01875 0.1046875
3 0.775 0.6546875 0.01796875 0.109375
3 0.79765625 0.65234375 0.02109375 0.11328125
5 0.73125 0.81328125 0.034375 0.06328125
30 0.65703125 0.796875 0.040625 0.0828125
12 0.60625 0.80703125 0.03203125 0.06484375
20 0.55703125 0.80625 0.028125 0.06171875
20 0.525 0.8046875 0.03046875 0.06328125
21 0.48046875 0.80390625 0.03203125 0.0625
21 0.446875 0.80078125 0.028125 0.065625
19 0.39453125 0.77421875 0.053125 0.0640625
23 0.3875 0.8234375 0.04140625 0.0296875
22 0.3484375 0.80703125 0.034375 0.06484375
19 0.309375 0.80625 0.03984375 0.06484375
18 0.2703125 0.8 0.03046875 0.0640625
18 0.21796875 0.80234375 0.03984375 0.0625
18 0.178125 0.8046875 0.03515625 0.06875
18 0.1359375 0.80625 0.03828125 0.06796875