34 0.2328125 0.121875 0.04375 0.096875
34 0.28828125 0.12265625 0.0390625 0.09609375
35 0.33046875 0.1359375 0.0390625 0.0765625
35 0.37421875 0.14296875 0.03984375 0.06015625
34 0.4359375 0.1328125 0.0390625 0.07109375
34 0.46015625 0.2671875 0.01953125 0.06796875
35 0.48984375 0.26796875 0.02734375 0.065625
35 0.52265625 0.26171875 0.0328125 0.08125
28 0.56796875 0.2625 0.03828125 0.0765625
28 0.615625 0.2625 0.0359375 0.0765625
8 0.67109375 0.25546875 0.046875 0.09296875
28 0.7234375 0.259375 0.0265625 0.08359375
28 0.7609375 0.26640625 0.040625 0.0703125
28 0.83203125 0.26171875 0.03671875 0.07578125
10 0.89375 0.275 0.0578125 0.0484375
9 0.875 0.43203125 0.04921875 0.078125
24 0.74375 0.434375 0.05234375 0.06640625
15 0.6890625 0.44296875 0.0421875 0.0625
27 0.62734375 0.43671875 0.03984375 0.07578125
26 0.58046875 0.43828125 0.03984375 0.0703125
26 0.53359375 0.44140625 0.04453125 0.0671875
14 0.4765625 0.43359375 0.0375 0.084375
32 0.42109375 0.50546875 0.034375 0.08359375
11 0.38046875 0.5234375 0.040625 0.0546875
11 0.3359375 0.51484375 0.03828125 0.06796875
6 0.28515625 0.50546875 0.0421875 0.0828125
7 0.240625 0.5109375 0.03671875 0.07421875
7 0.190625 0.5109375 0.03984375 0.07109375
18 0.19453125 0.70234375 0.0421875 0.08203125
18 0.23984375 0.70546875 0.0421875 0.08125
18 0.2859375 0.703125 0.040625 0.084375
18 0.33125 0.70390625 0.0421875 0.0828125
19 0.38125 0.6984375 0.04453125 0.08203125
22 0.4171875 0.69375 0.02421875 0.084375
23 0.44609375 0.79921875 0.03671875 0.084375
21 0.48359375 0.81328125 0.0296875 0.096875
21 0.51796875 0.815625 0.0296875 0.09375
20 0.5640625 0.81875 0.02734375 0.08984375
20 0.59609375 0.81640625 0.02734375 0.0890625
12 0.64609375 0.8125 0.02890625 0.1
30 0.70703125 0.80390625 0.0203125 0.125
5 0.78359375 0.81328125 0.021875 0.09765625
5 0.85234375 0.82265625 0.02109375 0.09609375
16 0.44453125 0.615625 0.02109375 0.08671875
17 0.48046875 0.62890625 0.03984375 0.08359375
17 0.52265625 0.61875 0.03046875 0.084375
31 0.55859375 0.6171875 0.02578125 0.08828125
1 0.60078125 0.6296875 0.03984375 0.0703125
1 0.646875 0.61171875 0.04296875 0.09140625
0 0.69140625 0.6296875 0.02734375 0.05
3 0.71953125 0.60859375 0.0171875 0.1
3 0.740625 0.603125 0.01953125 0.09921875
3 0.76171875 0.61640625 0.015625 0.08828125
3 0.78203125 0.61796875 0.01953125 0.08984375
2 0.85703125 0.60703125 0.1140625 0.1078125
13 0.41484375 0.31953125 0.0421875 0.07890625
36 0.36015625 0.32109375 0.04609375 0.084375
36 0.30859375 0.31796875 0.0421875 0.07734375
29 0.25859375 0.32578125 0.0390625 0.07265625
29 0.2078125 0.3203125 0.04609375 0.0828125