34 0.12578125 0.3046875 0.03515625 0.0578125
34 0.240625 0.30546875 0.025 0.0609375
34 0.29453125 0.3109375 0.034375 0.0578125
34 0.26484375 0.31015625 0.0171875 0.05703125
34 0.584375 0.43828125 0.0359375 0.05859375
34 0.26484375 0.43671875 0.03203125 0.0546875
34 0.128125 0.43203125 0.03125 0.06015625
13 0.20234375 0.30625 0.0421875 0.0640625
13 0.30703125 0.43125 0.03359375 0.0609375
13 0.3703125 0.434375 0.02421875 0.05703125
13 0.77109375 0.5734375 0.03046875 0.04296875
35 0.33671875 0.29453125 0.03359375 0.03359375
35 0.3765625 0.3125 0.028125 0.0546875
35 0.4125 0.31484375 0.034375 0.04921875
35 0.44921875 0.3140625 0.03125 0.05390625
35 0.534375 0.31875 0.0265625 0.0453125
28 0.48984375 0.31640625 0.040625 0.046875
28 0.578125 0.31328125 0.03125 0.0515625
28 0.6078125 0.31796875 0.01796875 0.0484375
28 0.6296875 0.3171875 0.01953125 0.04765625
28 0.62421875 0.4390625 0.03984375 0.05625
12 0.6546875 0.3109375 0.0234375 0.0578125
12 0.315625 0.5625 0.02265625 0.065625
28 0.209375 0.6703125 0.03671875 0.0421875
16 0.33984375 0.328125 0.03671875 0.02578125
16 0.284375 0.70234375 0.03359375 0.071875
8 0.72109375 0.27109375 0.04609375 0.03515625
8 0.7359375 0.315625 0.04921875 0.0453125
21 0.784375 0.3078125 0.02578125 0.0609375
21 0.54453125 0.43671875 0.025 0.05859375
29 0.17109375 0.43359375 0.03125 0.0546875
29 0.11640625 0.56875 0.03828125 0.05546875
36 0.2078125 0.434375 0.0359375 0.0578125
36 0.2375 0.4359375 0.01640625 0.0546875
36 0.7 0.43671875 0.028125 0.05859375
14 0.4078125 0.43671875 0.03515625 0.0578125
14 0.47890625 0.5703125 0.02890625 0.0484375
26 0.44921875 0.43515625 0.040625 0.05703125
31 0.6625 0.44296875 0.0328125 0.0484375
9 0.73984375 0.43671875 0.04375 0.059375
7 0.16484375 0.5703125 0.0390625 0.053125
6 0.2046875 0.57109375 0.03125 0.0453125
11 0.24375 0.5640625 0.02734375 0.0515625
11 0.28046875 0.5703125 0.0390625 0.05546875
18 0.359375 0.56484375 0.04296875 0.04765625
18 0.44375 0.5703125 0.03359375 0.05
18 0.13046875 0.70859375 0.0390625 0.05859375
18 0.18125 0.715625 0.0359375 0.04609375
18 0.24140625 0.715625 0.04375 0.0421875
18 0.3671875 0.71015625 0.0359375 0.04921875
17 0.4078125 0.56484375 0.02890625 0.04296875
17 0.59140625 0.58046875 0.03828125 0.0359375
1 0.51484375 0.571875 0.0375 0.05390625
1 0.553125 0.56171875 0.034375 0.0546875
3 0.63203125 0.56953125 0.0203125 0.046875
23 0.32578125 0.69375 0.034375 0.05546875
21 0.43828125 0.69453125 0.0234375 0.06484375
21 0.55859375 0.69765625 0.025 0.06640625
20 0.4765625 0.69453125 0.02109375 0.05859375
20 0.49921875 0.6953125 0.01875 0.05625
30 0.60078125 0.68671875 0.01796875 0.08515625
33 0.66484375 0.70234375 0.015625 0.0640625
33 0.68203125 0.71171875 0.015625 0.065625
5 0.7109375 0.70859375 0.01484375 0.07265625
5 0.73515625 0.715625 0.01796875 0.0703125