34 0.13359375 0.23984375 0.05234375 0.10703125
34 0.19921875 0.23984375 0.0484375 0.10546875
34 0.253125 0.2484375 0.0484375 0.0953125
34 0.309375 0.25078125 0.05078125 0.09375
35 0.365625 0.253125 0.0453125 0.0953125
35 0.41640625 0.2703125 0.0390625 0.0828125
35 0.4828125 0.27109375 0.040625 0.08125
28 0.534375 0.26953125 0.04375 0.0828125
28 0.5890625 0.27109375 0.04765625 0.0796875
28 0.640625 0.26875 0.0390625 0.084375
28 0.68515625 0.27109375 0.0390625 0.084375
28 0.753125 0.27890625 0.05078125 0.07421875
8 0.815625 0.2671875 0.05859375 0.07890625
10 0.89453125 0.27734375 0.05234375 0.0609375
27 0.8671875 0.44296875 0.053125 0.0859375
26 0.79375 0.47109375 0.0515625 0.02890625
24 0.7265625 0.45 0.05859375 0.0625
10 0.6546875 0.45234375 0.0453125 0.071875
27 0.6 0.44609375 0.040625 0.065625
26 0.55234375 0.4390625 0.03515625 0.07734375
26 0.50703125 0.4515625 0.04453125 0.065625
14 0.4359375 0.44375 0.0390625 0.08125
13 0.39453125 0.440625 0.03828125 0.0796875
13 0.34765625 0.43828125 0.04296875 0.07578125
36 0.284375 0.43671875 0.05078125 0.08046875
36 0.2296875 0.434375 0.04609375 0.08046875
29 0.175 0.43828125 0.04296875 0.07421875
29 0.11640625 0.43515625 0.04765625 0.08515625
7 0.103125 0.6171875 0.04375 0.071875
7 0.15625 0.6140625 0.0421875 0.0703125
6 0.2046875 0.6109375 0.04375 0.08515625
11 0.25703125 0.62109375 0.03984375 0.05546875
11 0.30390625 0.6234375 0.04453125 0.05546875
32 0.34921875 0.609375 0.03828125 0.084375
35 0.396875 0.6015625 0.03828125 0.10078125
17 0.4421875 0.61953125 0.04140625 0.06953125
4 0.48828125 0.61015625 0.03046875 0.07890625
31 0.52421875 0.61015625 0.02734375 0.07265625
1 0.56796875 0.6171875 0.03984375 0.0609375
34 0.6265625 0.6046875 0.04296875 0.10078125
0 0.66328125 0.625 0.02265625 0.0359375
3 0.68984375 0.603125 0.01875 0.0875
3 0.71328125 0.60078125 0.02109375 0.0921875
3 0.734375 0.6171875 0.01484375 0.07265625
3 0.7546875 0.61796875 0.01875 0.07421875
2 0.8359375 0.6078125 0.125 0.10234375
33 0.81328125 0.78828125 0.02578125 0.07578125
5 0.74375 0.77890625 0.0234375 0.07734375
30 0.66796875 0.771875 0.02265625 0.10234375
12 0.60859375 0.77578125 0.03046875 0.0796875
20 0.55859375 0.77890625 0.02578125 0.07265625
20 0.528125 0.7796875 0.02734375 0.07265625
21 0.4828125 0.778125 0.03046875 0.0734375
21 0.44765625 0.7734375 0.0296875 0.0734375
21 0.40859375 0.7640625 0.04140625 0.0671875
22 0.35078125 0.76953125 0.0421875 0.06640625
19 0.303125 0.775 0.0421875 0.07109375
18 0.2515625 0.77890625 0.046875 0.0625
18 0.20390625 0.78046875 0.0390625 0.065625
18 0.15859375 0.78046875 0.0421875 0.06640625
18 0.1109375 0.78203125 0.0421875 0.07265625