34 0.1390625 0.30859375 0.0328125 0.06015625
24 0.20390625 0.3046875 0.0421875 0.06484375
34 0.240625 0.30625 0.02578125 0.06015625
34 0.28203125 0.31171875 0.03515625 0.0546875
35 0.32109375 0.3109375 0.03125 0.05390625
35 0.35390625 0.315625 0.03125 0.034375
35 0.39296875 0.3171875 0.03671875 0.04453125
35 0.43046875 0.31328125 0.0296875 0.05234375
28 0.47109375 0.3171875 0.034375 0.0421875
28 0.50859375 0.3140625 0.03515625 0.05234375
28 0.54609375 0.315625 0.03359375 0.04140625
28 0.60546875 0.32421875 0.02265625 0.03203125
28 0.6359375 0.3125 0.0328125 0.05703125
21 0.57890625 0.31015625 0.025 0.06015625
8 0.6859375 0.309375 0.04609375 0.053125
16 0.73125 0.3265625 0.0359375 0.02734375
29 0.12421875 0.43515625 0.03828125 0.0484375
29 0.1625 0.43671875 0.03125 0.03984375
36 0.190625 0.43203125 0.01796875 0.0546875
16 0.21640625 0.43515625 0.03046875 0.04609375
34 0.25859375 0.434375 0.034375 0.0515625
13 0.29609375 0.42734375 0.03125 0.0578125
13 0.33203125 0.43046875 0.03359375 0.05234375
14 0.38671875 0.43046875 0.03203125 0.05234375
26 0.4203125 0.43125 0.02265625 0.05234375
17 0.453125 0.440625 0.0359375 0.03828125
31 0.4984375 0.440625 0.02421875 0.0390625
27 0.52109375 0.43515625 0.01640625 0.046875
34 0.55 0.43671875 0.03515625 0.04921875
21 0.60546875 0.43203125 0.025 0.05625
21 0.71171875 0.4328125 0.02578125 0.053125
36 0.6640625 0.434375 0.0390625 0.0546875
7 0.1234375 0.55546875 0.028125 0.04765625
7 0.16015625 0.55546875 0.03828125 0.04921875
6 0.19609375 0.553125 0.0296875 0.04765625
8 0.2328125 0.54765625 0.0375 0.0671875
11 0.27265625 0.559375 0.03515625 0.046875
32 0.30625 0.553125 0.0234375 0.046875
18 0.3359375 0.5546875 0.03203125 0.0453125
26 0.38671875 0.55 0.03359375 0.05078125
4 0.41953125 0.5609375 0.02734375 0.03359375
14 0.4515625 0.56171875 0.03046875 0.04375
1 0.48828125 0.5625 0.034375 0.04609375
1 0.521875 0.5515625 0.02578125 0.04609375
17 0.55625 0.56953125 0.0359375 0.03125
5 0.61875 0.55625 0.01875 0.059375
3 0.653125 0.5578125 0.03515625 0.02265625
18 0.13203125 0.6453125 0.03671875 0.05234375
18 0.18046875 0.63984375 0.0390625 0.04765625
18 0.1265625 0.69609375 0.0359375 0.03828125
18 0.16484375 0.69453125 0.03515625 0.0390625
18 0.2328125 0.68203125 0.040625 0.053125
22 0.2734375 0.6765625 0.0328125 0.05078125
23 0.30859375 0.675 0.03203125 0.05078125
19 0.34765625 0.675 0.0390625 0.05078125
21 0.4203125 0.66484375 0.02578125 0.059375
20 0.4515625 0.6859375 0.021875 0.05859375
20 0.47578125 0.6875 0.0203125 0.059375
21 0.521875 0.6796875 0.02734375 0.0625
30 0.56328125 0.66875 0.0171875 0.07890625
33 0.621875 0.68203125 0.01796875 0.06015625
33 0.64375 0.684375 0.0171875 0.059375
5 0.66328125 0.68828125 0.0171875 0.06484375
12 0.6921875 0.69296875 0.02421875 0.065625
12 0.721875 0.69140625 0.0234375 0.06328125