29 0.08125 0.2484375 0.06015625 0.10078125
34 0.1390625 0.23671875 0.0484375 0.1140625
34 0.19375 0.234375 0.04609375 0.1125
34 0.240625 0.24296875 0.04296875 0.09765625
17 0.29296875 0.26953125 0.04609375 0.06640625
34 0.3640625 0.240625 0.05234375 0.1265625
35 0.41328125 0.2546875 0.0375 0.0921875
26 0.45859375 0.26171875 0.04453125 0.0796875
28 0.5265625 0.2515625 0.04375 0.09375
28 0.58046875 0.25703125 0.04453125 0.09140625
31 0.65703125 0.25390625 0.03125 0.0921875
12 0.69140625 0.25234375 0.03046875 0.09140625
28 0.75234375 0.2625 0.04609375 0.078125
8 0.83359375 0.24453125 0.0625 0.11015625
10 0.89765625 0.2578125 0.05703125 0.07890625
27 0.871875 0.4359375 0.05234375 0.0984375
26 0.8046875 0.4640625 0.05078125 0.0390625
24 0.7375 0.4390625 0.0546875 0.071875
34 0.675 0.4328125 0.0421875 0.10859375
27 0.6125 0.43515625 0.03984375 0.078125
26 0.56015625 0.4296875 0.04375 0.08671875
34 0.49609375 0.4234375 0.04140625 0.11953125
14 0.44296875 0.4375 0.03984375 0.09140625
13 0.39453125 0.4328125 0.0390625 0.09453125
32 0.3453125 0.4421875 0.0421875 0.08984375
36 0.296875 0.43203125 0.04296875 0.09609375
36 0.26015625 0.43046875 0.025 0.0953125
1 0.21328125 0.44296875 0.04609375 0.08046875
29 0.15625 0.43984375 0.0484375 0.0875
11 0.09375 0.4484375 0.046875 0.071875
7 0.075 0.62734375 0.046875 0.08046875
7 0.1359375 0.6234375 0.04296875 0.09375
6 0.19296875 0.603125 0.04140625 0.1
11 0.24453125 0.63046875 0.04140625 0.07734375
21 0.296875 0.62109375 0.0328125 0.0875
32 0.34921875 0.59921875 0.0390625 0.09765625
2 0.3890625 0.66328125 0.13984375 0.021875
16 0.40703125 0.61171875 0.03046875 0.07109375
17 0.4546875 0.6046875 0.0390625 0.08046875
4 0.49609375 0.62109375 0.034375 0.08828125
31 0.53671875 0.60703125 0.028125 0.08828125
1 0.58515625 0.6171875 0.0375 0.06953125
1 0.634375 0.61953125 0.04140625 0.0734375
5 0.66953125 0.6140625 0.0234375 0.0875
3 0.709375 0.60859375 0.02109375 0.1109375
3 0.734375 0.60390625 0.01875 0.1171875
3 0.75625 0.615625 0.01953125 0.103125
3 0.78046875 0.6171875 0.021875 0.1125
2 0.86953125 0.61796875 0.1234375 0.10546875
33 0.84296875 0.809375 0.02421875 0.09140625
34 0.78515625 0.79375 0.046875 0.13359375
30 0.69375 0.7984375 0.021875 0.1109375
0 0.653125 0.82265625 0.02578125 0.06640625
12 0.63515625 0.75703125 0.02734375 0.059375
20 0.60703125 0.8265625 0.05546875 0.0578125
20 0.54765625 0.80703125 0.02734375 0.0828125
20 0.57578125 0.76640625 0.021875 0.05390625
21 0.5 0.80546875 0.0328125 0.08203125
21 0.46875 0.7828125 0.0265625 0.08203125
18 0.42109375 0.73984375 0.05390625 0.07578125
23 0.425 0.80703125 0.05078125 0.05078125
22 0.3546875 0.79453125 0.05 0.07734375
6 0.29296875 0.76640625 0.046875 0.11796875
19 0.234375 0.75625 0.05078125 0.08515625
18 0.23984375 0.82421875 0.0515625 0.04453125
18 0.18515625 0.7984375 0.0375 0.08125
18 0.13984375 0.79921875 0.04921875 0.08203125