34 0.14140625 0.28046875 0.0328125 0.053125
34 0.2125 0.275 0.03359375 0.05859375
34 0.24765625 0.27578125 0.0296875 0.05703125
16 0.2890625 0.2921875 0.02578125 0.02734375
35 0.3390625 0.28046875 0.028125 0.0515625
35 0.36953125 0.28359375 0.02578125 0.0421875
35 0.40625 0.28515625 0.0328125 0.0421875
35 0.44453125 0.28125 0.02890625 0.04921875
28 0.48671875 0.28671875 0.0375 0.04296875
28 0.53125 0.2796875 0.0359375 0.0515625
28 0.56484375 0.28046875 0.02109375 0.0484375
29 0.6 0.28359375 0.03828125 0.04453125
12 0.6453125 0.2796875 0.025 0.05390625
8 0.71953125 0.2765625 0.046875 0.05390625
10 0.7640625 0.290625 0.03359375 0.028125
21 0.7375 0.39140625 0.02578125 0.05390625
21 0.69609375 0.39375 0.025 0.05078125
28 0.61953125 0.3984375 0.03671875 0.04609375
34 0.5765625 0.3953125 0.03515625 0.05
31 0.5171875 0.4015625 0.01953125 0.034375
27 0.54140625 0.39609375 0.02265625 0.04296875
26 0.48515625 0.39453125 0.0375 0.05
26 0.44296875 0.39453125 0.034375 0.04921875
14 0.40234375 0.39609375 0.03359375 0.04765625
13 0.36328125 0.39453125 0.02265625 0.05078125
20 0.33828125 0.39609375 0.021875 0.05234375
13 0.3125 0.39375 0.025 0.0453125
34 0.27734375 0.3953125 0.0328125 0.04921875
16 0.2296875 0.3984375 0.0265625 0.0421875
29 0.18046875 0.3984375 0.02890625 0.046875
29 0.1453125 0.3953125 0.0328125 0.0484375
7 0.1390625 0.5109375 0.03046875 0.0453125
7 0.17421875 0.51484375 0.025 0.040625
6 0.21015625 0.51015625 0.02421875 0.0453125
8 0.25 0.50546875 0.0421875 0.06640625
11 0.2875 0.5171875 0.0265625 0.04140625
12 0.31484375 0.5078125 0.021875 0.05546875
13 0.35859375 0.503125 0.03671875 0.06796875
17 0.396875 0.5140625 0.03203125 0.0375
28 0.43828125 0.5109375 0.02734375 0.0390625
14 0.47109375 0.515625 0.03203125 0.03984375
1 0.50703125 0.51875 0.0328125 0.0390625
1 0.540625 0.50625 0.02890625 0.04453125
17 0.578125 0.52265625 0.034375 0.03046875
3 0.62109375 0.5140625 0.01484375 0.0359375
3 0.67265625 0.50859375 0.034375 0.01953125
5 0.64375 0.5109375 0.0171875 0.0578125
13 0.75703125 0.51484375 0.040625 0.04140625
5 0.6890625 0.63515625 0.01953125 0.06015625
21 0.65703125 0.6359375 0.0234375 0.0609375
30 0.58515625 0.61640625 0.0171875 0.078125
30 0.6 0.61171875 0.01015625 0.07734375
21 0.54296875 0.62890625 0.02890625 0.059375
20 0.471875 0.63515625 0.0234375 0.05546875
20 0.49140625 0.625 0.0125 0.05546875
21 0.4359375 0.615625 0.02578125 0.05546875
19 0.36328125 0.62578125 0.03828125 0.046875
23 0.32421875 0.6265625 0.03203125 0.04609375
22 0.28828125 0.628125 0.03203125 0.0453125
18 0.24765625 0.6328125 0.03671875 0.04453125
18 0.19375 0.59140625 0.0359375 0.0421875
18 0.178125 0.6390625 0.03671875 0.0359375
18 0.1453125 0.59609375 0.03671875 0.04375
18 0.1375 0.64296875 0.0359375 0.03984375