34 0.146875 0.27421875 0.03671875 0.059375
34 0.21953125 0.2671875 0.0359375 0.06875
34 0.25390625 0.2703125 0.02734375 0.0671875
4 0.29453125 0.2828125 0.02421875 0.04140625
35 0.346875 0.27265625 0.0265625 0.05625
35 0.37734375 0.278125 0.02734375 0.04765625
35 0.41875 0.2796875 0.0359375 0.04453125
35 0.4578125 0.2734375 0.03203125 0.05859375
28 0.5 0.2796875 0.03984375 0.04765625
28 0.54375 0.271875 0.03203125 0.06015625
28 0.578125 0.27421875 0.02421875 0.05390625
29 0.615625 0.2765625 0.0359375 0.05
28 0.64296875 0.271875 0.01640625 0.06015625
12 0.6640625 0.27109375 0.021875 0.06171875
8 0.7421875 0.2703125 0.0421875 0.0578125
8 0.70625 0.275 0.0265625 0.05
10 0.7875 0.28359375 0.04140625 0.0328125
21 0.75859375 0.39921875 0.02578125 0.05859375
21 0.71640625 0.40078125 0.02578125 0.06015625
36 0.69296875 0.40234375 0.01875 0.05546875
28 0.6375 0.4046875 0.03359375 0.05
34 0.5921875 0.4015625 0.03515625 0.05703125
27 0.55859375 0.403125 0.02265625 0.05234375
31 0.5328125 0.409375 0.02265625 0.040625
26 0.5 0.4015625 0.03828125 0.0546875
26 0.45703125 0.4 0.0375 0.0578125
14 0.41796875 0.4015625 0.0328125 0.05390625
13 0.37734375 0.39765625 0.02265625 0.0578125
20 0.35234375 0.4015625 0.0234375 0.06015625
13 0.32421875 0.40078125 0.028125 0.05625
34 0.290625 0.40546875 0.03359375 0.059375
16 0.240625 0.40625 0.028125 0.0453125
36 0.2359375 0.35625 0.04921875 0.03046875
36 0.215625 0.40390625 0.01796875 0.05703125
29 0.18828125 0.40703125 0.03203125 0.05
29 0.15390625 0.40390625 0.0328125 0.05625
7 0.15234375 0.5328125 0.03125 0.05
7 0.1859375 0.5375 0.0296875 0.04453125
6 0.2234375 0.53203125 0.03046875 0.0515625
8 0.26328125 0.5234375 0.0390625 0.07421875
11 0.3 0.53671875 0.03046875 0.04609375
12 0.3296875 0.52890625 0.0234375 0.0625
13 0.3734375 0.52109375 0.0421875 0.0765625
17 0.4171875 0.53046875 0.0296875 0.04140625
18 0.45078125 0.534375 0.0328125 0.0484375
14 0.4859375 0.5359375 0.03046875 0.04765625
1 0.52265625 0.5375 0.03359375 0.04609375
1 0.5578125 0.52578125 0.0328125 0.05
17 0.5953125 0.5453125 0.03828125 0.03203125
3 0.6390625 0.53671875 0.01640625 0.04453125
5 0.6625 0.53203125 0.01875 0.06484375
3 0.6921875 0.5328125 0.03828125 0.025
2 0.7328125 0.54140625 0.0390625 0.04296875
13 0.77734375 0.5375 0.03984375 0.04296875
5 0.71015625 0.6703125 0.01953125 0.06640625
21 0.6765625 0.6703125 0.02578125 0.06796875
30 0.61796875 0.64296875 0.0109375 0.08359375
30 0.603125 0.6484375 0.01640625 0.084375
21 0.5625 0.66015625 0.028125 0.065625
20 0.509375 0.65546875 0.0140625 0.059375
20 0.490625 0.6671875 0.02265625 0.059375
21 0.45390625 0.64375 0.02421875 0.0609375
18 0.37578125 0.6703125 0.034375 0.04921875
23 0.34140625 0.65546875 0.03125 0.04765625
16 0.3 0.6625 0.02734375 0.06875
18 0.26171875 0.67265625 0.04140625 0.04453125
28 0.23359375 0.63203125 0.0375 0.03203125
18 0.21015625 0.675 0.0453125 0.04296875
18 0.16015625 0.66875 0.040625 0.05