34 0.1421875 0.2421875 0.04765625 0.0875
34 0.20234375 0.2390625 0.0390625 0.0828125
35 0.24609375 0.25 0.03984375 0.07265625
35 0.29140625 0.25703125 0.040625 0.059375
34 0.35 0.24921875 0.04296875 0.07109375
34 0.39921875 0.25390625 0.04140625 0.05859375
35 0.440625 0.2546875 0.03046875 0.0578125
35 0.478125 0.2484375 0.0375 0.071875
28 0.525 0.25078125 0.04140625 0.07109375
28 0.57890625 0.25 0.053125 0.0765625
8 0.6390625 0.24296875 0.05546875 0.08046875
28 0.6890625 0.2484375 0.03515625 0.078125
28 0.73515625 0.2546875 0.04765625 0.06484375
28 0.81796875 0.24921875 0.04765625 0.071875
10 0.89296875 0.26171875 0.06953125 0.04375
9 0.86015625 0.4125 0.05625 0.0671875
24 0.71484375 0.4171875 0.0578125 0.05390625
15 0.65703125 0.4203125 0.0515625 0.05703125
27 0.58984375 0.41640625 0.0453125 0.06640625
26 0.54140625 0.4203125 0.04296875 0.0625
26 0.49140625 0.41875 0.0484375 0.06796875
14 0.43125 0.415625 0.0421875 0.07578125
13 0.38515625 0.4125 0.04296875 0.07734375
13 0.34140625 0.4171875 0.040625 0.0703125
36 0.28203125 0.415625 0.0484375 0.0796875
36 0.23203125 0.41015625 0.0421875 0.08125
29 0.1828125 0.41875 0.040625 0.0703125
29 0.1296875 0.41328125 0.04765625 0.0734375
7 0.11171875 0.58515625 0.04140625 0.065625
7 0.16484375 0.5828125 0.03671875 0.0671875
6 0.209375 0.58125 0.03671875 0.075
11 0.26015625 0.5875 0.03515625 0.06328125
11 0.30390625 0.59296875 0.040625 0.05546875
32 0.3484375 0.57734375 0.03671875 0.07890625
16 0.390625 0.58125 0.0328125 0.071875
17 0.4375 0.5890625 0.0453125 0.06953125
4 0.48359375 0.58125 0.0328125 0.07421875
31 0.5203125 0.57890625 0.0296875 0.07578125
1 0.56796875 0.5875 0.046875 0.0703125
1 0.61484375 0.57421875 0.04375 0.078125
0 0.659375 0.59296875 0.02578125 0.04375
3 0.71484375 0.575 0.071875 0.08046875
1 0.8265625 0.57265625 0.1140625 0.07578125
33 0.828125 0.75859375 0.0296875 0.0859375
5 0.75546875 0.75078125 0.025 0.08359375
30 0.6796875 0.74375 0.02265625 0.1109375
12 0.6140625 0.75 0.03203125 0.08828125
20 0.5625 0.75234375 0.02890625 0.08125
20 0.53203125 0.753125 0.02734375 0.07890625
21 0.48359375 0.7515625 0.03203125 0.084375
21 0.446875 0.74921875 0.03125 0.08125
23 0.40390625 0.74375 0.04296875 0.071875
23 0.35390625 0.74296875 0.0421875 0.0734375
19 0.309375 0.74609375 0.04140625 0.07109375
18 0.2578125 0.753125 0.0453125 0.0765625
18 0.21015625 0.7515625 0.04140625 0.075
18 0.16484375 0.753125 0.03984375 0.075
18 0.11875 0.75546875 0.04609375 0.078125