34 0.10234375 0.3515625 0.03828125 0.06953125
34 0.146875 0.353125 0.04453125 0.06796875
34 0.1953125 0.35390625 0.0484375 0.06953125
34 0.2484375 0.35546875 0.0515625 0.06328125
34 0.30390625 0.3546875 0.05390625 0.06484375
35 0.3546875 0.3515625 0.04140625 0.065625
35 0.40078125 0.35625 0.0421875 0.06796875
35 0.44765625 0.3609375 0.0453125 0.053125
35 0.49609375 0.35546875 0.0453125 0.0625
28 0.55546875 0.3578125 0.05078125 0.05625
28 0.60859375 0.353125 0.05 0.07265625
28 0.65859375 0.35390625 0.04375 0.0703125
28 0.70546875 0.3578125 0.0453125 0.06015625
28 0.7546875 0.35703125 0.046875 0.059375
8 0.81484375 0.35703125 0.06640625 0.0671875
8 0.8828125 0.35234375 0.0640625 0.0671875
29 0.12109375 0.4703125 0.04921875 0.059375
29 0.17578125 0.4703125 0.05546875 0.0640625
36 0.23359375 0.47109375 0.0453125 0.059375
36 0.28125 0.46796875 0.04453125 0.0671875
13 0.3359375 0.4703125 0.053125 0.0625
13 0.3875 0.46796875 0.04375 0.065625
14 0.4359375 0.475 0.04609375 0.05625
26 0.490625 0.4765625 0.0546875 0.05078125
26 0.54921875 0.47734375 0.0546875 0.053125
27 0.60234375 0.47578125 0.0453125 0.05625
27 0.6578125 0.47734375 0.0578125 0.05078125
24 0.721875 0.4703125 0.059375 0.06484375
10 0.78359375 0.46953125 0.053125 0.06484375
9 0.83828125 0.46640625 0.046875 0.07109375
9 0.89765625 0.4671875 0.0625 0.06953125
7 0.09140625 0.5953125 0.0453125 0.0484375
7 0.140625 0.58984375 0.04453125 0.05703125
6 0.196875 0.590625 0.0375 0.06015625
11 0.2453125 0.5953125 0.0484375 0.04765625
11 0.296875 0.59609375 0.04609375 0.0453125
32 0.3703125 0.59453125 0.04375 0.05234375
16 0.42421875 0.5953125 0.034375 0.04765625
17 0.46875 0.5953125 0.0484375 0.05078125
4 0.51484375 0.59453125 0.0375 0.05078125
31 0.5515625 0.59296875 0.0296875 0.04921875
1 0.59453125 0.59375 0.0484375 0.0515625
1 0.64453125 0.59453125 0.0484375 0.05546875
0 0.6859375 0.60234375 0.0265625 0.03984375
3 0.7453125 0.59765625 0.0796875 0.0453125
2 0.85 0.6 0.11796875 0.04765625
33 0.8234375 0.7171875 0.03359375 0.05625
5 0.77109375 0.71875 0.028125 0.05546875
30 0.67890625 0.70390625 0.01875 0.06796875
12 0.62265625 0.71328125 0.03359375 0.05390625
20 0.56328125 0.715625 0.02890625 0.0515625
20 0.53046875 0.715625 0.03203125 0.0515625
21 0.47421875 0.70859375 0.03515625 0.05703125
21 0.43828125 0.71015625 0.03203125 0.05859375
23 0.37578125 0.71171875 0.04375 0.053125
22 0.3265625 0.71484375 0.0453125 0.0515625
19 0.278125 0.71484375 0.04375 0.04921875
18 0.23125 0.7125 0.04375 0.05078125
18 0.18671875 0.71171875 0.03984375 0.04921875
18 0.14375 0.7140625 0.03984375 0.05
18 0.09921875 0.71328125 0.040625 0.04609375