29 0.040625 0.32109375 0.0515625 0.109375
34 0.1 0.3171875 0.0515625 0.1171875
34 0.16015625 0.3203125 0.04765625 0.115625
34 0.2078125 0.321875 0.0390625 0.09921875
17 0.25546875 0.346875 0.04375 0.06171875
35 0.315625 0.33125 0.0296875 0.09453125
26 0.39296875 0.29921875 0.06484375 0.0953125
28 0.47890625 0.28671875 0.05625 0.11171875
28 0.54453125 0.29375 0.053125 0.10546875
31 0.6390625 0.29140625 0.03828125 0.10546875
12 0.68203125 0.28828125 0.0359375 0.1078125
28 0.75703125 0.29765625 0.06171875 0.09296875
8 0.86171875 0.27578125 0.08125 0.134375
10 0.94296875 0.2953125 0.07109375 0.09140625
27 0.8859375 0.48828125 0.05859375 0.10390625
26 0.8 0.515625 0.05703125 0.040625
24 0.72578125 0.490625 0.0640625 0.075
34 0.65 0.48359375 0.04453125 0.1125
34 0.58046875 0.4796875 0.04765625 0.11015625
26 0.51328125 0.48203125 0.05 0.08828125
26 0.4484375 0.484375 0.05546875 0.08515625
14 0.3796875 0.48828125 0.05 0.0953125
32 0.31015625 0.5046875 0.03984375 0.08515625
36 0.26015625 0.50078125 0.040625 0.08828125
1 0.17578125 0.5078125 0.04609375 0.08359375
29 0.11953125 0.50625 0.04765625 0.0796875
11 0.05625 0.5140625 0.0484375 0.06640625
7 0.04296875 0.6796875 0.04375 0.078125
7 0.10234375 0.6734375 0.03984375 0.0765625
6 0.1546875 0.671875 0.046875 0.0890625
11 0.2109375 0.6765625 0.04140625 0.0734375
21 0.26328125 0.67109375 0.03359375 0.0765625
32 0.31484375 0.64921875 0.03203125 0.0875
16 0.35390625 0.6609375 0.028125 0.06796875
2 0.3484375 0.7078125 0.12265625 0.01875
17 0.403125 0.6546875 0.0421875 0.08125
4 0.4484375 0.66875 0.0375 0.08515625
31 0.4921875 0.65859375 0.0328125 0.084375
1 0.546875 0.66640625 0.0421875 0.06328125
1 0.6 0.6625 0.04609375 0.075
5 0.6390625 0.6625 0.021875 0.08046875
3 0.68203125 0.65546875 0.0234375 0.10390625
3 0.71015625 0.64921875 0.02265625 0.1109375
3 0.73515625 0.665625 0.02109375 0.0875
3 0.7609375 0.6625 0.025 0.10234375
2 0.8578125 0.6640625 0.12578125 0.09140625
33 0.8109375 0.83125 0.02734375 0.071875
5 0.7484375 0.80625 0.0234375 0.07265625
30 0.65859375 0.8203125 0.01953125 0.0953125
0 0.6140625 0.8390625 0.02890625 0.05
12 0.59609375 0.7890625 0.03046875 0.05546875
20 0.5671875 0.84140625 0.0515625 0.0421875
20 0.53359375 0.7953125 0.028125 0.046875
20 0.50390625 0.8328125 0.028125 0.06796875
21 0.45625 0.82890625 0.034375 0.06875
21 0.42265625 0.81015625 0.02890625 0.065625
23 0.3765625 0.83046875 0.0515625 0.04453125
18 0.3703125 0.7734375 0.05390625 0.06015625
22 0.31640625 0.821875 0.04765625 0.06875
19 0.2015625 0.79140625 0.05 0.0734375
18 0.20703125 0.8484375 0.04921875 0.03671875
18 0.1546875 0.82890625 0.0375 0.0640625
18 0.1109375 0.83046875 0.04296875 0.06796875
18 0.06875 0.7921875 0.0359375 0.06484375