34 0.06171875 0.24140625 0.05234375 0.12890625
34 0.11875 0.24453125 0.05078125 0.13359375
35 0.1796875 0.25390625 0.0515625 0.125
34 0.24296875 0.25390625 0.05234375 0.1296875
34 0.3078125 0.25703125 0.05390625 0.1296875
35 0.41484375 0.26953125 0.04921875 0.10859375
35 0.36953125 0.278125 0.034375 0.0921875
28 0.4765625 0.26796875 0.05 0.103125
28 0.53203125 0.28125 0.05078125 0.090625
28 0.590625 0.28359375 0.04609375 0.0859375
28 0.64609375 0.2671875 0.03984375 0.109375
28 0.68984375 0.2640625 0.0390625 0.10546875
28 0.73671875 0.265625 0.0453125 0.10703125
8 0.8078125 0.26640625 0.06796875 0.12265625
10 0.87421875 0.2765625 0.05390625 0.071875
28 0.9109375 0.48046875 0.05546875 0.06875
27 0.84765625 0.46015625 0.05625 0.09921875
3 0.78671875 0.48125 0.025 0.0578125
31 0.740625 0.46875 0.03203125 0.0765625
33 0.7125 0.46328125 0.02109375 0.084375
34 0.64140625 0.45859375 0.04375 0.10703125
14 0.58828125 0.4796875 0.03984375 0.0609375
27 0.5578125 0.45703125 0.0171875 0.07734375
25 0.50625 0.4578125 0.03125 0.08828125
11 0.45625 0.47578125 0.046875 0.06796875
21 0.40078125 0.4625 0.0296875 0.0859375
32 0.34453125 0.46484375 0.02578125 0.096875
16 0.28203125 0.4796875 0.0359375 0.07578125
36 0.2765625 0.41796875 0.04453125 0.040625
1 0.21875 0.47265625 0.05234375 0.0859375
29 0.15859375 0.46640625 0.0484375 0.0859375
11 0.0921875 0.478125 0.05078125 0.0796875
29 0.1015625 0.64296875 0.05078125 0.09765625
7 0.159375 0.621875 0.03984375 0.0796875
18 0.209375 0.65390625 0.05078125 0.053125
6 0.21171875 0.60078125 0.04375 0.04453125
11 0.2625 0.63671875 0.040625 0.06796875
6 0.309375 0.6453125 0.04296875 0.078125
16 0.353125 0.62578125 0.0328125 0.08125
2 0.40859375 0.67109375 0.06171875 0.01796875
17 0.428125 0.621875 0.03984375 0.06875
25 0.475 0.63125 0.040625 0.0796875
31 0.51484375 0.62421875 0.02734375 0.07109375
25 0.55078125 0.66640625 0.040625 0.05625
7 0.62890625 0.646875 0.0359375 0.07109375
34 0.69375 0.63359375 0.0390625 0.07578125
3 0.73359375 0.62890625 0.01796875 0.0890625
3 0.75625 0.628125 0.021875 0.09140625
13 0.796875 0.634375 0.04765625 0.06484375
2 0.86875 0.63671875 0.09140625 0.0859375
12 0.8765625 0.784375 0.0265625 0.075
33 0.85 0.7890625 0.02265625 0.06875
2 0.8140625 0.7890625 0.04453125 0.08828125
5 0.77890625 0.7921875 0.02109375 0.07421875
5 0.75859375 0.76796875 0.01484375 0.071875
30 0.7265625 0.771875 0.02265625 0.09375
30 0.68359375 0.7765625 0.02421875 0.09375
20 0.63046875 0.7921875 0.02734375 0.06796875
20 0.59140625 0.79609375 0.025 0.06875
20 0.56328125 0.78046875 0.02265625 0.04140625
20 0.53671875 0.778125 0.0265625 0.05078125
10 0.55234375 0.7265625 0.04296875 0.04375
21 0.49375 0.78984375 0.03515625 0.0671875
14 0.453125 0.79296875 0.040625 0.0578125
18 0.409375 0.73359375 0.04453125 0.05546875
23 0.41171875 0.79453125 0.03828125 0.0375
22 0.36484375 0.7875 0.03984375 0.06953125
18 0.31328125 0.790625 0.0453125 0.06796875
19 0.2578125 0.76015625 0.04921875 0.071875
18 0.265625 0.815625 0.046875 0.03515625
18 0.2171875 0.759375 0.02734375 0.0671875
18 0.1796875 0.765625 0.040625 0.059375
11 0.13515625 0.73828125 0.0375 0.04375