34 0.05703125 0.3546875 0.04140625 0.06953125
34 0.10546875 0.3578125 0.05078125 0.06796875
34 0.1609375 0.35703125 0.05390625 0.0640625
34 0.221875 0.359375 0.05546875 0.06484375
34 0.28046875 0.359375 0.05546875 0.06484375
35 0.3359375 0.36015625 0.0484375 0.06484375
35 0.38828125 0.36015625 0.0484375 0.065625
35 0.440625 0.36640625 0.046875 0.0484375
35 0.49296875 0.36015625 0.04921875 0.06484375
28 0.5546875 0.36171875 0.06015625 0.0609375
28 0.6125 0.36171875 0.046875 0.0625
28 0.665625 0.36328125 0.05 0.05703125
28 0.7171875 0.3640625 0.046875 0.053125
28 0.7703125 0.35546875 0.04765625 0.0671875
8 0.834375 0.3578125 0.071875 0.06796875
8 0.9109375 0.35625 0.06953125 0.065625
9 0.925 0.47890625 0.059375 0.0609375
9 0.8609375 0.47890625 0.0609375 0.0625
10 0.8 0.48359375 0.05546875 0.05390625
24 0.73828125 0.48203125 0.0609375 0.0625
15 0.6703125 0.4875 0.06328125 0.0484375
27 0.60703125 0.490625 0.0515625 0.04765625
26 0.54765625 0.490625 0.05625 0.046875
26 0.48671875 0.48828125 0.05546875 0.0515625
14 0.42890625 0.48828125 0.05546875 0.0515625
13 0.371875 0.48515625 0.05 0.0578125
13 0.31640625 0.48515625 0.0484375 0.0578125
36 0.2625 0.484375 0.0484375 0.059375
36 0.2078125 0.4859375 0.053125 0.05625
29 0.1484375 0.4859375 0.05546875 0.05546875
29 0.0875 0.4875 0.059375 0.0546875
7 0.059375 0.6171875 0.046875 0.04296875
7 0.1109375 0.60859375 0.04921875 0.05078125
6 0.165625 0.61015625 0.05390625 0.05234375
11 0.2234375 0.61328125 0.04921875 0.0453125
11 0.28515625 0.6140625 0.0640625 0.040625
32 0.35703125 0.6078125 0.04453125 0.04921875
16 0.41328125 0.6109375 0.03828125 0.04140625
17 0.46171875 0.6125 0.0484375 0.04375
4 0.50859375 0.61171875 0.0390625 0.04609375
31 0.54765625 0.61015625 0.03046875 0.04453125
1 0.59140625 0.61015625 0.05234375 0.046875
1 0.64296875 0.61171875 0.04453125 0.04765625
0 0.6859375 0.61640625 0.03359375 0.03515625
3 0.75234375 0.61796875 0.0921875 0.03125
2 0.86796875 0.6171875 0.13203125 0.0328125
33 0.8296875 0.73125 0.0265625 0.05703125
5 0.7734375 0.72890625 0.021875 0.0578125
30 0.68125 0.72109375 0.02265625 0.06640625
18 0.071875 0.73203125 0.0546875 0.046875
18 0.12421875 0.734375 0.04453125 0.0515625
18 0.1703125 0.73359375 0.04296875 0.04609375
18 0.21640625 0.73203125 0.04375 0.04453125
19 0.2640625 0.7328125 0.04609375 0.0484375
22 0.3140625 0.73125 0.05078125 0.05234375
23 0.36640625 0.73203125 0.04609375 0.0484375
21 0.428125 0.725 0.0390625 0.05859375
21 0.47109375 0.72265625 0.03828125 0.0640625
20 0.52421875 0.72265625 0.034375 0.06015625
20 0.56171875 0.72734375 0.0328125 0.05546875
12 0.62265625 0.72421875 0.03515625 0.05859375