25 0.11953125 0.2359375 0.0328125 0.0453125
34 0.1671875 0.221875 0.0296875 0.0734375
35 0.2046875 0.22734375 0.03203125 0.0609375
34 0.24453125 0.2234375 0.02890625 0.075
34 0.278125 0.17890625 0.028125 0.0234375
16 0.2828125 0.24375 0.03046875 0.03671875
35 0.33203125 0.22890625 0.0359375 0.065625
7 0.378125 0.23984375 0.0296875 0.03984375
35 0.4390625 0.22890625 0.03046875 0.0609375
28 0.45546875 0.17890625 0.0359375 0.0328125
28 0.4875 0.2296875 0.0328125 0.06484375
28 0.5296875 0.23046875 0.034375 0.05390625
25 0.57890625 0.2359375 0.03125 0.03984375
28 0.615625 0.2265625 0.0328125 0.0640625
13 0.65859375 0.2296875 0.0296875 0.05
8 0.73828125 0.2234375 0.04921875 0.06328125
28 0.79609375 0.2421875 0.0515625 0.028125
32 0.78125 0.36328125 0.02734375 0.05546875
9 0.7546875 0.35859375 0.02265625 0.0671875
3 0.72109375 0.38125 0.01953125 0.02578125
31 0.68125 0.36640625 0.0265625 0.0578125
33 0.6578125 0.36328125 0.01640625 0.06171875
34 0.60078125 0.3625 0.034375 0.06953125
14 0.5546875 0.378125 0.0390625 0.0390625
25 0.4921875 0.3640625 0.03125 0.0625
11 0.446875 0.37421875 0.0390625 0.0484375
21 0.4046875 0.36484375 0.021875 0.06328125
36 0.365625 0.37109375 0.0359375 0.0625
13 0.31953125 0.3625 0.034375 0.065625
36 0.26796875 0.36484375 0.034375 0.06484375
36 0.22734375 0.3640625 0.03828125 0.0703125
29 0.1796875 0.36875 0.03046875 0.0578125
11 0.134375 0.375 0.0375 0.04453125
29 0.12734375 0.50390625 0.0359375 0.065625
7 0.16953125 0.4921875 0.02109375 0.06171875
6 0.2078125 0.47265625 0.0421875 0.021875
18 0.20625 0.5109375 0.03984375 0.04765625
11 0.24921875 0.50390625 0.03046875 0.04375
2 0.2796875 0.50546875 0.02421875 0.06484375
32 0.32578125 0.49375 0.028125 0.05625
18 0.3625 0.48515625 0.02890625 0.046875
17 0.40625 0.5046875 0.03046875 0.05234375
6 0.4453125 0.49921875 0.03359375 0.07265625
14 0.48828125 0.50625 0.034375 0.0609375
34 0.53125 0.5 0.03515625 0.07109375
7 0.57265625 0.503125 0.0359375 0.06328125
0 0.6046875 0.5078125 0.0203125 0.0328125
3 0.65234375 0.49453125 0.01484375 0.06796875
25 0.67890625 0.51171875 0.0328125 0.034375
3 0.7265625 0.50703125 0.0171875 0.04140625
10 0.796875 0.50703125 0.0515625 0.03828125
2 0.753125 0.5109375 0.02109375 0.05078125
12 0.7921875 0.6390625 0.02421875 0.06875
33 0.76953125 0.63984375 0.0171875 0.06015625
2 0.74375 0.6484375 0.0296875 0.0625
18 0.7046875 0.65 0.04296875 0.0609375
30 0.61953125 0.628125 0.0171875 0.0859375
5 0.57578125 0.6421875 0.021875 0.0671875
25 0.53125 0.65625 0.0203125 0.0515625
20 0.5078125 0.6328125 0.02109375 0.0625
20 0.48046875 0.64921875 0.02421875 0.06015625
18 0.3734375 0.6390625 0.0375 0.059375
16 0.32890625 0.64609375 0.03125 0.07421875
27 0.29140625 0.62421875 0.034375 0.08203125
18 0.24375 0.64921875 0.03671875 0.059375
19 0.2046875 0.64453125 0.03203125 0.0609375
22 0.16484375 0.6484375 0.0375 0.05625
11 0.1453125 0.596875 0.03671875 0.0375
25 0.44140625 0.64375 0.03046875 0.071875
21 0.4078125 0.6421875 0.021875 0.0671875