34 0.1390625 0.271875 0.03359375 0.05234375
34 0.1734375 0.2703125 0.03203125 0.0546875
34 0.2078125 0.2671875 0.0328125 0.059375
34 0.23203125 0.26796875 0.01328125 0.06015625
34 0.2609375 0.278125 0.0265625 0.04375
13 0.2953125 0.27890625 0.0359375 0.03984375
35 0.3390625 0.27578125 0.034375 0.04296875
35 0.44453125 0.2734375 0.03046875 0.04765625
35 0.41171875 0.28046875 0.03125 0.0328125
35 0.3765625 0.27890625 0.0375 0.0359375
28 0.44296875 0.2296875 0.02734375 0.0203125
28 0.490625 0.271875 0.0359375 0.05
28 0.5359375 0.2484375 0.03203125 0.01328125
18 0.5296875 0.27734375 0.03515625 0.04375
36 0.5734375 0.2734375 0.0359375 0.0453125
28 0.60546875 0.27265625 0.02421875 0.046875
28 0.63125 0.26640625 0.02578125 0.0390625
13 0.6609375 0.27578125 0.0296875 0.034375
8 0.70078125 0.26953125 0.03203125 0.05234375
34 0.7359375 0.26640625 0.03515625 0.0515625
12 0.7546875 0.39609375 0.025 0.06015625
9 0.73203125 0.37890625 0.01796875 0.0546875
31 0.67109375 0.4015625 0.021875 0.04453125
28 0.63359375 0.39453125 0.03671875 0.06328125
34 0.590625 0.39765625 0.03359375 0.06015625
22 0.54609375 0.40703125 0.0296875 0.0453125
16 0.490625 0.40859375 0.021875 0.03984375
11 0.45078125 0.40703125 0.03515625 0.04453125
14 0.40625 0.39921875 0.02734375 0.04765625
8 0.35234375 0.4046875 0.03359375 0.0609375
34 0.275 0.40078125 0.03125 0.05703125
36 0.2234375 0.39921875 0.03203125 0.046875
36 0.24921875 0.3984375 0.01875 0.04765625
36 0.23515625 0.3421875 0.03125 0.0265625
29 0.178125 0.40546875 0.03125 0.04765625
29 0.14765625 0.40078125 0.0265625 0.053125
29 0.134375 0.5328125 0.03984375 0.05234375
7 0.18515625 0.5359375 0.03515625 0.04375
6 0.22109375 0.5328125 0.02890625 0.04453125
16 0.2515625 0.5421875 0.02578125 0.034375
11 0.28515625 0.5375 0.0296875 0.034375
32 0.32421875 0.5359375 0.01953125 0.02890625
8 0.359375 0.525 0.0328125 0.06171875
14 0.415625 0.53828125 0.0296875 0.04375
6 0.45 0.5296875 0.025 0.04765625
14 0.4859375 0.534375 0.03125 0.05234375
1 0.5171875 0.53203125 0.0265625 0.034375
1 0.5453125 0.52421875 0.01875 0.0453125
12 0.5671875 0.5234375 0.021875 0.059375
17 0.59609375 0.540625 0.03046875 0.03125
3 0.6421875 0.53203125 0.01796875 0.04375
3 0.66953125 0.53984375 0.03203125 0.03984375
2 0.7296875 0.5375 0.0484375 0.05078125
13 0.77890625 0.53359375 0.0421875 0.04375
5 0.73671875 0.6734375 0.0171875 0.06953125
5 0.7125 0.66484375 0.01875 0.065625
33 0.684375 0.66953125 0.01953125 0.0625
30 0.6046875 0.64453125 0.01796875 0.0828125
21 0.5640625 0.65703125 0.03203125 0.0703125
20 0.52421875 0.66328125 0.02109375 0.05859375
26 0.49375 0.671875 0.03359375 0.04609375
21 0.44609375 0.6609375 0.02734375 0.059375
21 0.41484375 0.6546875 0.02421875 0.06796875
4 0.36953125 0.6625 0.028125 0.06328125
23 0.33671875 0.66171875 0.03203125 0.04140625
27 0.3 0.6515625 0.034375 0.0625
18 0.24765625 0.6765625 0.03671875 0.03984375
18 0.253125 0.62265625 0.03359375 0.04921875
19 0.2109375 0.6765625 0.0328125 0.03984375
20 0.16875 0.665625 0.028125 0.0640625
18 0.1453125 0.65390625 0.01796875 0.04609375
3 0.31328125 0.39296875 0.01640625 0.06875