34 0.06484375 0.36875 0.0421875 0.071875
34 0.115625 0.371875 0.0453125 0.0625
34 0.16875 0.37109375 0.046875 0.0640625
34 0.2296875 0.375 0.04765625 0.06328125
34 0.2875 0.375 0.05 0.06015625
35 0.346875 0.3734375 0.04609375 0.0640625
35 0.3984375 0.375 0.04375 0.05859375
35 0.45 0.3796875 0.046875 0.0484375
35 0.50390625 0.37421875 0.05078125 0.0609375
28 0.5703125 0.37734375 0.04921875 0.05546875
28 0.62734375 0.37421875 0.05078125 0.0640625
28 0.68046875 0.378125 0.04765625 0.0546875
28 0.7328125 0.38046875 0.0515625 0.05546875
28 0.78828125 0.378125 0.0484375 0.05625
8 0.8578125 0.375 0.06328125 0.0609375
8 0.93203125 0.371875 0.07109375 0.065625
9 0.953125 0.49609375 0.04921875 0.06484375
9 0.89296875 0.50078125 0.046875 0.0515625
10 0.8296875 0.5 0.05 0.05390625
24 0.7609375 0.49453125 0.06015625 0.065625
15 0.68984375 0.50625 0.053125 0.0453125
27 0.6265625 0.50234375 0.05078125 0.05
26 0.5671875 0.503125 0.05546875 0.04765625
26 0.50078125 0.50078125 0.0515625 0.05
14 0.4421875 0.49921875 0.0453125 0.0515625
13 0.3859375 0.496875 0.04375 0.05859375
13 0.33125 0.49609375 0.0484375 0.0578125
36 0.27578125 0.49609375 0.04375 0.059375
36 0.21875 0.4984375 0.04453125 0.05390625
29 0.15703125 0.49765625 0.04453125 0.05234375
29 0.09375 0.4984375 0.04765625 0.05078125
7 0.06484375 0.62421875 0.04375 0.04609375
7 0.11640625 0.6234375 0.04140625 0.0515625
6 0.17890625 0.62265625 0.04140625 0.04765625
11 0.234375 0.62421875 0.04296875 0.04296875
11 0.29140625 0.62890625 0.03984375 0.040625
32 0.36875 0.621875 0.0390625 0.0515625
16 0.4296875 0.625 0.0375 0.04609375
17 0.4796875 0.62734375 0.04765625 0.046875
4 0.5296875 0.625 0.0375 0.04921875
31 0.56953125 0.62421875 0.03046875 0.04609375
1 0.615625 0.62734375 0.05078125 0.04140625
1 0.671875 0.625 0.05 0.04921875
0 0.71640625 0.63203125 0.034375 0.03359375
3 0.74609375 0.63359375 0.01953125 0.03046875
3 0.7703125 0.63359375 0.01953125 0.0328125
3 0.79375 0.63359375 0.01875 0.03125
3 0.81875 0.63359375 0.0203125 0.03046875
2 0.90078125 0.634375 0.115625 0.03828125
33 0.87265625 0.75546875 0.0265625 0.059375
5 0.8125 0.75234375 0.02890625 0.06015625
30 0.71171875 0.7421875 0.025 0.071875
12 0.65234375 0.74765625 0.03671875 0.06171875
20 0.5859375 0.7484375 0.03515625 0.05625
20 0.54921875 0.74765625 0.0328125 0.05625
21 0.48984375 0.74609375 0.03671875 0.05703125
21 0.44921875 0.74375 0.0359375 0.05859375
23 0.378125 0.75 0.05078125 0.04921875
22 0.32421875 0.7515625 0.04921875 0.05234375
19 0.271875 0.75 0.04765625 0.04921875
18 0.221875 0.75078125 0.04375 0.04921875
18 0.1734375 0.75078125 0.04453125 0.04921875
18 0.125 0.75 0.0453125 0.04921875
18 0.0734375 0.75 0.0515625 0.05078125