34 0.115625 0.246875 0.0484375 0.0890625
34 0.0828125 0.24921875 0.01640625 0.08671875
34 0.14765625 0.246875 0.0140625 0.0796875
34 0.178125 0.24609375 0.04453125 0.08671875
34 0.22734375 0.2578125 0.0390625 0.0703125
34 0.27578125 0.2578125 0.04296875 0.075
35 0.32890625 0.2578125 0.040625 0.065625
35 0.3640625 0.25078125 0.02421875 0.06015625
35 0.39921875 0.25625 0.0421875 0.06953125
35 0.44375 0.2578125 0.040625 0.06875
28 0.49609375 0.25625 0.04375 0.06953125
28 0.54609375 0.2609375 0.0421875 0.06171875
28 0.596875 0.2578125 0.03203125 0.06171875
28 0.63125 0.25 0.03125 0.04765625
28 0.659375 0.240625 0.02265625 0.0296875
28 0.703125 0.2609375 0.04921875 0.05546875
8 0.7671875 0.25234375 0.04921875 0.0765625
10 0.83203125 0.2578125 0.05 0.05859375
27 0.815625 0.41875 0.05234375 0.08515625
24 0.68671875 0.4296875 0.05 0.05390625
34 0.628125 0.42421875 0.040625 0.08203125
34 0.57109375 0.42109375 0.03515625 0.0859375
27 0.54765625 0.425 0.01171875 0.0453125
11 0.51875 0.42890625 0.02578125 0.06640625
11 0.484375 0.4296875 0.0390625 0.065625
11 0.45078125 0.42734375 0.0171875 0.05859375
14 0.4109375 0.4265625 0.03515625 0.07265625
13 0.3671875 0.4265625 0.0390625 0.0671875
13 0.31875 0.43125 0.03671875 0.0578125
36 0.27578125 0.425 0.04453125 0.07109375
36 0.24375 0.409375 0.01875 0.04765625
36 0.203125 0.4265625 0.0421875 0.06953125
29 0.15 0.43203125 0.04140625 0.0625
29 0.08828125 0.43359375 0.0390625 0.0578125
7 0.0828125 0.59921875 0.04140625 0.06640625
7 0.1375 0.596875 0.0421875 0.05
6 0.18125 0.59921875 0.0390625 0.0734375
11 0.23515625 0.6078125 0.0390625 0.04921875
11 0.27734375 0.60859375 0.040625 0.04765625
32 0.32265625 0.59296875 0.03984375 0.0734375
16 0.3625 0.5953125 0.034375 0.07578125
17 0.4140625 0.6046875 0.0421875 0.059375
4 0.46015625 0.5984375 0.03203125 0.06953125
31 0.49375 0.5984375 0.02734375 0.06875
1 0.5390625 0.603125 0.0390625 0.04609375
1 0.58984375 0.59375 0.03984375 0.065625
0 0.6296875 0.60703125 0.025 0.0375
3 0.68984375 0.59375 0.0890625 0.07734375
2 0.79140625 0.58984375 0.09140625 0.08671875
33 0.7890625 0.77109375 0.02421875 0.08203125
5 0.721875 0.76328125 0.02265625 0.0859375
30 0.64609375 0.75703125 0.02265625 0.10859375
12 0.5859375 0.7625 0.028125 0.08359375
20 0.5359375 0.765625 0.028125 0.07890625
20 0.5046875 0.76875 0.0296875 0.078125
21 0.46015625 0.7640625 0.0328125 0.08828125
21 0.421875 0.7625 0.03828125 0.0796875
23 0.37421875 0.75625 0.04765625 0.0703125
22 0.32421875 0.7546875 0.0421875 0.071875
19 0.2796875 0.75859375 0.04375 0.07421875
18 0.228125 0.7671875 0.04140625 0.078125
18 0.18203125 0.7625 0.03828125 0.07734375
18 0.1375 0.76328125 0.03828125 0.07890625
18 0.0921875 0.7640625 0.03984375 0.07578125