35 0.21484375 0.26484375 0.0578125 0.071875
35 0.28125 0.2609375 0.07109375 0.08515625
28 0.3546875 0.25625 0.04765625 0.09140625
28 0.41640625 0.2578125 0.06640625 0.09375
28 0.4859375 0.265625 0.065625 0.08515625
28 0.553125 0.26171875 0.06171875 0.0859375
28 0.61875 0.25625 0.06015625 0.090625
8 0.69453125 0.2546875 0.0765625 0.09453125
8 0.78046875 0.25 0.08515625 0.10390625
13 0.146875 0.41953125 0.028125 0.08125
14 0.2 0.41328125 0.05625 0.08046875
26 0.2640625 0.41640625 0.05546875 0.08203125
26 0.33515625 0.421875 0.0671875 0.07421875
27 0.4140625 0.4171875 0.0640625 0.08203125
15 0.49453125 0.41640625 0.0703125 0.07890625
24 0.57734375 0.4171875 0.0828125 0.0828125
10 0.65703125 0.40859375 0.07109375 0.10390625
9 0.73203125 0.4171875 0.06875 0.090625
9 0.8078125 0.409375 0.07265625 0.1
16 0.14296875 0.57890625 0.05078125 0.0578125
17 0.20390625 0.5734375 0.0625 0.07734375
4 0.26796875 0.56484375 0.05546875 0.0796875
31 0.32578125 0.57265625 0.04765625 0.07109375
1 0.3859375 0.578125 0.05078125 0.0734375
1 0.44140625 0.57734375 0.053125 0.06953125
0 0.49296875 0.59453125 0.0375 0.0625
3 0.60390625 0.56484375 0.11640625 0.10234375
2 0.746875 0.571875 0.14921875 0.1125
19 0.10625 0.684375 0.071875 0.07578125
23 0.1046875 0.746875 0.06640625 0.0390625
21 0.1984375 0.72109375 0.04140625 0.075
21 0.24609375 0.72578125 0.0453125 0.0734375
20 0.31484375 0.7265625 0.0421875 0.08046875
20 0.35859375 0.73125 0.03828125 0.08203125
12 0.434375 0.73359375 0.04296875 0.08046875
30 0.50546875 0.71953125 0.0296875 0.09921875
5 0.6234375 0.74140625 0.03203125 0.08046875
33 0.69453125 0.74296875 0.03359375 0.078125