34 0.08671875 0.52421875 0.03671875 0.05625
34 0.12734375 0.5234375 0.0421875 0.05546875
34 0.175 0.52421875 0.0359375 0.05234375
34 0.20859375 0.528125 0.03046875 0.040625
20 0.24453125 0.52578125 0.02734375 0.0578125
34 0.26953125 0.52578125 0.021875 0.0546875
35 0.30390625 0.52890625 0.040625 0.05
35 0.31796875 0.46484375 0.04375 0.07734375
28 0.38671875 0.465625 0.04921875 0.0796875
28 0.44375 0.47421875 0.04765625 0.0625
36 0.496875 0.46875 0.0515625 0.07265625
28 0.57890625 0.47421875 0.06875 0.06875
28 0.6421875 0.46796875 0.05234375 0.06875
8 0.6890625 0.4625 0.03828125 0.0828125
34 0.73671875 0.46015625 0.0484375 0.0796875
32 0.78671875 0.6359375 0.0359375 0.05625
9 0.75 0.63046875 0.0296875 0.0671875
3 0.71171875 0.6484375 0.0296875 0.03125
31 0.6625 0.6328125 0.03125 0.0625
24 0.62265625 0.63125 0.04140625 0.053125
34 0.56875 0.6265625 0.04296875 0.0765625
21 0.4984375 0.6328125 0.0375 0.06875
16 0.44609375 0.64140625 0.0328125 0.053125
11 0.39296875 0.64140625 0.04375 0.05078125
18 0.334375 0.65234375 0.0390625 0.0390625
13 0.33671875 0.62265625 0.0359375 0.0140625
13 0.28828125 0.63671875 0.03515625 0.05078125
35 0.24453125 0.64375 0.03828125 0.0546875
36 0.21015625 0.6375 0.01796875 0.0453125
13 0.184375 0.64296875 0.03046875 0.04375
29 0.14140625 0.64453125 0.02734375 0.0453125
11 0.096875 0.653125 0.0328125 0.03984375
29 0.090625 0.7671875 0.03984375 0.05703125
7 0.13984375 0.765625 0.03359375 0.0515625
18 0.178125 0.7703125 0.0390625 0.04296875
4 0.21875 0.76171875 0.028125 0.0578125
26 0.28828125 0.76484375 0.03671875 0.0390625
32 0.31953125 0.75625 0.01796875 0.0515625
2 0.25234375 0.78125 0.01796875 0.03203125
14 0.39609375 0.77109375 0.0328125 0.05234375
6 0.43515625 0.76875 0.03515625 0.05234375
14 0.48359375 0.77421875 0.03828125 0.05
34 0.521875 0.76875 0.03359375 0.05859375
21 0.346875 0.76640625 0.0328125 0.06015625
1 0.56015625 0.759375 0.03125 0.053125
8 0.60546875 0.7640625 0.03515625 0.059375
3 0.646875 0.7421875 0.021875 0.03984375
20 0.76171875 0.77578125 0.03359375 0.05546875
13 0.80546875 0.77109375 0.03359375 0.04453125
3 0.72265625 0.765625 0.02109375 0.04765625
12 0.81640625 0.8828125 0.02578125 0.05546875
33 0.7921875 0.88359375 0.01875 0.05390625
2 0.75234375 0.878125 0.0234375 0.0453125
21 0.72421875 0.88359375 0.028125 0.0515625
11 0.64609375 0.8890625 0.03515625 0.04140625
30 0.6453125 0.840625 0.015625 0.0421875
30 0.62890625 0.84453125 0.0125 0.0265625
5 0.60625 0.88203125 0.025 0.05
20 0.53515625 0.8703125 0.02578125 0.046875
33 0.50859375 0.8828125 0.025 0.05
21 0.47734375 0.859375 0.02734375 0.0515625
21 0.434375 0.86328125 0.0296875 0.0546875
21 0.3953125 0.86484375 0.0265625 0.05859375
18 0.3609375 0.88203125 0.0390625 0.0484375
16 0.31953125 0.890625 0.03125 0.053125
36 0.27265625 0.88046875 0.0421875 0.06640625
18 0.22265625 0.8953125 0.03671875 0.0421875
19 0.18046875 0.88984375 0.03671875 0.04765625
22 0.1390625 0.89375 0.040625 0.04375
18 0.1046875 0.8734375 0.0234375 0.034375
25 0.68671875 0.77734375 0.03125 0.03828125