34 0.10859375 0.14140625 0.04375 0.034375
34 0.12421875 0.20625 0.01484375 0.0453125
34 0.1546875 0.17734375 0.04375 0.10859375
34 0.2546875 0.1859375 0.04765625 0.103125
34 0.3015625 0.15 0.04296875 0.04609375
34 0.3953125 0.10546875 0.04921875 0.06328125
34 0.471875 0.1140625 0.02109375 0.05625
8 0.83671875 0.1890625 0.0625 0.11328125
10 0.89765625 0.19765625 0.0515625 0.0671875
28 0.77890625 0.17890625 0.04921875 0.07578125
28 0.73828125 0.18046875 0.02890625 0.07734375
28 0.703125 0.18203125 0.0390625 0.07890625
28 0.66328125 0.18984375 0.03828125 0.08984375
28 0.6140625 0.2046875 0.04609375 0.0828125
28 0.56875 0.19375 0.0390625 0.0984375
28 0.5359375 0.11953125 0.03828125 0.040625
35 0.20390625 0.18359375 0.05 0.10703125
16 0.29921875 0.21015625 0.0375 0.06015625
35 0.35078125 0.18828125 0.0484375 0.09609375
35 0.3890625 0.18828125 0.0234375 0.0921875
35 0.41328125 0.16015625 0.02109375 0.0296875
35 0.46953125 0.22109375 0.04296875 0.04375
35 0.51484375 0.19296875 0.03984375 0.096875
35 0.47421875 0.16953125 0.03828125 0.02578125
7 0.425 0.209375 0.04296875 0.0625
28 0.9265625 0.396875 0.046875 0.071875
27 0.871875 0.371875 0.059375 0.1109375
3 0.74453125 0.23359375 0.115625 0.01640625
3 0.82109375 0.39765625 0.03515625 0.0640625
31 0.7765625 0.38046875 0.0328125 0.0890625
33 0.74921875 0.37890625 0.015625 0.0875
24 0.728125 0.371875 0.0203125 0.07734375
34 0.68828125 0.3734375 0.0421875 0.10859375
11 0.1125 0.38515625 0.0484375 0.07421875
29 0.11875 0.32734375 0.0375 0.03203125
29 0.16640625 0.37421875 0.0515625 0.0859375
36 0.2203125 0.3625 0.05078125 0.1109375
32 0.2671875 0.37421875 0.03828125 0.09296875
13 0.3390625 0.3671875 0.04765625 0.1
36 0.39765625 0.3828125 0.03203125 0.1015625
14 0.42734375 0.353125 0.02109375 0.06875
36 0.4484375 0.37890625 0.0171875 0.09140625
21 0.471875 0.37734375 0.0234375 0.08671875
11 0.51875 0.390625 0.04296875 0.07578125
4 0.565625 0.37109375 0.0296875 0.09375
26 0.52421875 0.33671875 0.04609375 0.02734375
26 0.590625 0.36640625 0.015625 0.09296875
27 0.61640625 0.35859375 0.025 0.05859375
14 0.64765625 0.390625 0.03359375 0.07109375
14 0.61796875 0.40859375 0.02265625 0.0296875
2 0.86640625 0.54921875 0.025 0.0421875
2 0.89375 0.60625 0.0296875 0.04921875
13 0.82109375 0.56796875 0.04140625 0.0734375
3 0.78125 0.56171875 0.03046875 0.1140625
34 0.72109375 0.56328125 0.04140625 0.09296875
0 0.6859375 0.5640625 0.02421875 0.0609375
7 0.6515625 0.58515625 0.040625 0.0921875
1 0.60234375 0.5375 0.0390625 0.05
25 0.57890625 0.60390625 0.03203125 0.08359375
31 0.54921875 0.5546875 0.02265625 0.0953125
25 0.51484375 0.56015625 0.0421875 0.09453125
17 0.46953125 0.5515625 0.04453125 0.0921875
14 0.43125 0.546875 0.0265625 0.0859375
29 0.103125 0.56484375 0.05078125 0.11328125
7 0.1546875 0.540625 0.04375 0.0890625
6 0.2078125 0.5171875 0.04296875 0.04921875
18 0.20078125 0.5796875 0.04453125 0.06328125
11 0.2546875 0.55703125 0.0421875 0.08359375
6 0.29921875 0.56953125 0.0421875 0.1
16 0.33984375 0.55859375 0.0375 0.08515625
14 0.38515625 0.5484375 0.05 0.096875
2 0.4 0.6125 0.1484375 0.02265625
11 0.121875 0.68515625 0.0390625 0.05625
18 0.11796875 0.734375 0.0453125 0.0359375
18 0.16171875 0.73515625 0.03515625 0.04609375
19 0.20234375 0.75625 0.04140625 0.0890625
18 0.24921875 0.71328125 0.0484375 0.09609375
18 0.24921875 0.790625 0.0453125 0.05
18 0.30859375 0.75859375 0.04453125 0.10078125
22 0.3609375 0.7515625 0.05234375 0.09296875
23 0.428125 0.746875 0.0546875 0.09140625
21 0.47265625 0.73828125 0.0234375 0.08984375
21 0.50234375 0.7640625 0.0296875 0.0921875
10 0.56875 0.6828125 0.04375 0.06171875
20 0.55078125 0.75078125 0.025 0.06640625
20 0.575 0.746875 0.01953125 0.0640625
20 0.6015625 0.77265625 0.03046875 0.10390625
20 0.64140625 0.76953125 0.0265625 0.09453125
30 0.696875 0.7453125 0.021875 0.12578125
30 0.74375 0.73984375 0.0234375 0.12265625
5 0.79375 0.7703125 0.021875 0.0984375
2 0.83203125 0.7625 0.04609375 0.14765625
33 0.8703125 0.7671875 0.0234375 0.09765625
12 0.89765625 0.759375 0.02578125 0.09921875