34 0.15234375 0.265625 0.028125 0.06640625
34 0.18515625 0.26484375 0.0296875 0.0671875
34 0.2265625 0.2625 0.0265625 0.0671875
34 0.2546875 0.2765625 0.025 0.04453125
20 0.28125 0.27109375 0.0203125 0.0609375
34 0.30390625 0.26796875 0.0203125 0.0609375
35 0.33203125 0.27109375 0.03046875 0.053125
36 0.36796875 0.2703125 0.0265625 0.06015625
34 0.38359375 0.2125 0.03046875 0.0453125
35 0.39921875 0.2734375 0.02578125 0.04765625
35 0.43046875 0.2703125 0.02890625 0.05625
28 0.43125 0.22421875 0.02890625 0.02734375
28 0.46953125 0.26796875 0.03046875 0.05859375
28 0.50859375 0.27265625 0.03203125 0.05
36 0.55234375 0.26875 0.03671875 0.053125
28 0.6 0.271875 0.0390625 0.05234375
28 0.64765625 0.26640625 0.03359375 0.06328125
8 0.68125 0.26484375 0.02890625 0.059375
34 0.715625 0.265625 0.03515625 0.0609375
10 0.75625 0.28046875 0.03515625 0.03046875
32 0.73671875 0.39921875 0.02578125 0.05390625
9 0.71171875 0.39453125 0.02109375 0.06328125
3 0.6796875 0.41328125 0.021875 0.02734375
31 0.64453125 0.39921875 0.021875 0.05546875
24 0.6125 0.39921875 0.0328125 0.04453125
34 0.5703125 0.39296875 0.03203125 0.06484375
21 0.51640625 0.396875 0.025 0.06171875
16 0.47265625 0.40625 0.0265625 0.040625
11 0.43359375 0.40390625 0.0328125 0.04375
14 0.3953125 0.39375 0.0265625 0.0546875
18 0.34921875 0.40625 0.03125 0.0453125
13 0.315625 0.390625 0.0296875 0.05703125
35 0.2765625 0.39921875 0.02890625 0.05234375
13 0.225 0.396875 0.03359375 0.053125
29 0.190625 0.4046875 0.02734375 0.04453125
11 0.1546875 0.40546875 0.03515625 0.03984375
29 0.14296875 0.52734375 0.0375 0.05703125
7 0.18359375 0.52734375 0.02421875 0.04765625
18 0.2171875 0.53203125 0.034375 0.0453125
4 0.25 0.52734375 0.021875 0.05
2 0.275 0.54453125 0.01796875 0.03203125
26 0.30859375 0.52421875 0.0328125 0.05390625
21 0.34921875 0.5265625 0.0171875 0.0625
14 0.390625 0.53203125 0.034375 0.05625
6 0.42578125 0.5296875 0.028125 0.0546875
14 0.46640625 0.53125 0.034375 0.059375
34 0.50546875 0.525 0.0328125 0.06640625
1 0.5375 0.52578125 0.02578125 0.04765625
8 0.5734375 0.5234375 0.0390625 0.06328125
3 0.61328125 0.5234375 0.015625 0.0640625
25 0.640625 0.53828125 0.03359375 0.03359375
3 0.67265625 0.53125 0.01484375 0.0375
20 0.70390625 0.5328125 0.02421875 0.06171875
13 0.746875 0.5296875 0.04140625 0.046875
12 0.7453125 0.665625 0.02265625 0.06953125
33 0.72265625 0.66640625 0.01796875 0.06484375
2 0.69296875 0.675 0.03828125 0.059375
21 0.65859375 0.66640625 0.02578125 0.06484375
11 0.5828125 0.66953125 0.0328125 0.0625
5 0.54375 0.6640625 0.0171875 0.0671875
20 0.48125 0.653125 0.01953125 0.059375
33 0.45390625 0.665625 0.01796875 0.0640625
21 0.428125 0.640625 0.025 0.0609375
21 0.39375 0.64296875 0.0234375 0.0640625
18 0.3625 0.6578125 0.02890625 0.05625
16 0.3265625 0.6609375 0.02890625 0.07265625
36 0.2875 0.64921875 0.03515625 0.0859375
18 0.2484375 0.66484375 0.03671875 0.05546875
19 0.2125 0.66328125 0.03203125 0.0546875
22 0.17578125 0.665625 0.03515625 0.05703125