25 0.13984375 0.2625 0.0359375 0.053125
34 0.1921875 0.24609375 0.0328125 0.078125
35 0.234375 0.25390625 0.034375 0.06484375
34 0.28046875 0.2546875 0.03203125 0.07265625
16 0.31953125 0.27109375 0.0296875 0.0375
34 0.31953125 0.20546875 0.040625 0.028125
35 0.37421875 0.25625 0.03515625 0.0625
7 0.4140625 0.26875 0.03515625 0.04296875
35 0.48359375 0.25859375 0.034375 0.06484375
28 0.49453125 0.20625 0.03046875 0.03203125
28 0.53203125 0.25546875 0.03515625 0.06484375
28 0.57734375 0.2625 0.03828125 0.05234375
25 0.63046875 0.2609375 0.0359375 0.05
28 0.66875 0.2484375 0.03203125 0.04921875
28 0.7 0.2453125 0.02421875 0.0578125
28 0.734375 0.2421875 0.03984375 0.06328125
3 0.7109375 0.28359375 0.109375 0.01328125
8 0.7984375 0.253125 0.05703125 0.0671875
32 0.84375 0.403125 0.03203125 0.0609375
9 0.8125 0.39765625 0.02421875 0.06875
3 0.77421875 0.4203125 0.02265625 0.03046875
31 0.734375 0.40390625 0.02734375 0.0640625
33 0.71015625 0.4015625 0.01640625 0.0703125
34 0.646875 0.3984375 0.03984375 0.0765625
14 0.60625 0.41484375 0.02890625 0.040625
27 0.5796875 0.39453125 0.02265625 0.034375
25 0.53203125 0.39921875 0.0296875 0.06953125
11 0.490625 0.41015625 0.03984375 0.0515625
21 0.446875 0.40078125 0.02109375 0.06640625
36 0.40390625 0.40546875 0.0421875 0.0640625
13 0.3578125 0.39765625 0.0375 0.07109375
36 0.3015625 0.396875 0.0390625 0.07109375
36 0.25234375 0.39609375 0.03984375 0.07734375
29 0.203125 0.40390625 0.03671875 0.0625
11 0.15 0.41015625 0.04140625 0.0515625
29 0.13359375 0.5515625 0.03671875 0.07109375
7 0.1828125 0.53984375 0.025 0.06875
18 0.22109375 0.559375 0.0421875 0.053125
11 0.26953125 0.55078125 0.03359375 0.053125
6 0.3109375 0.55703125 0.03203125 0.05703125
16 0.34765625 0.55234375 0.03046875 0.05390625
2 0.3984375 0.54140625 0.02265625 0.0640625
17 0.446875 0.5484375 0.0390625 0.06640625
4 0.48515625 0.53671875 0.02578125 0.07109375
14 0.52734375 0.55546875 0.0390625 0.06796875
34 0.57265625 0.5453125 0.03359375 0.08359375
7 0.625 0.5609375 0.03984375 0.06015625
0 0.65390625 0.55625 0.01640625 0.040625
3 0.6984375 0.54140625 0.01640625 0.075
25 0.73046875 0.56171875 0.0375 0.03671875
13 0.778125 0.5546875 0.03828125 0.04453125
27 0.84140625 0.55390625 0.06171875 0.04765625
12 0.8578125 0.709375 0.0265625 0.07890625
33 0.8328125 0.709375 0.01875 0.06796875
2 0.790625 0.71171875 0.05078125 0.0734375
5 0.74609375 0.69296875 0.01875 0.0734375
10 0.71015625 0.71328125 0.04453125 0.06171875
30 0.6671875 0.6921875 0.02109375 0.1
5 0.62109375 0.70625 0.01875 0.07578125
20 0.57109375 0.71953125 0.025 0.059375
20 0.5453125 0.6921875 0.021875 0.0703125
20 0.51953125 0.7125 0.02578125 0.06796875
21 0.47734375 0.70703125 0.02890625 0.06953125
21 0.4421875 0.70078125 0.02578125 0.0703125
18 0.40390625 0.69765625 0.0390625 0.0640625
23 0.359375 0.70078125 0.03984375 0.0640625
19 0.315625 0.67890625 0.03515625 0.06328125
18 0.2515625 0.66875 0.04140625 0.0703125
18 0.25625 0.72734375 0.04765625 0.04375
19 0.21015625 0.71171875 0.03671875 0.0640625
22 0.1671875 0.71640625 0.0421875 0.0671875
11 0.1484375 0.65546875 0.0421875 0.04765625