34 0.1328125 0.2515625 0.0359375 0.071875
34 0.17265625 0.25078125 0.0375 0.0796875
34 0.2203125 0.24765625 0.03515625 0.07890625
34 0.2609375 0.2640625 0.040625 0.05078125
34 0.30546875 0.26015625 0.040625 0.06171875
34 0.41015625 0.196875 0.03984375 0.05625
34 0.8125 0.2515625 0.04375 0.0703125
35 0.34375 0.25703125 0.02734375 0.06640625
35 0.4296875 0.2625 0.03203125 0.05859375
35 0.46953125 0.26015625 0.0390625 0.0671875
36 0.38515625 0.2609375 0.0453125 0.06171875
36 0.61484375 0.25859375 0.0453125 0.06171875
28 0.51796875 0.25859375 0.04453125 0.0671875
28 0.56484375 0.26640625 0.04296875 0.05703125
28 0.67265625 0.26171875 0.06328125 0.05859375
28 0.72265625 0.2578125 0.0296875 0.065625
8 0.76484375 0.25234375 0.0453125 0.0765625
11 0.13203125 0.40859375 0.0390625 0.05078125
29 0.18359375 0.40234375 0.04453125 0.06640625
36 0.23359375 0.38984375 0.0421875 0.07265625
35 0.28046875 0.4015625 0.04140625 0.0671875
13 0.3359375 0.4015625 0.0421875 0.06875
13 0.3828125 0.4046875 0.0421875 0.0609375
14 0.42734375 0.4015625 0.0359375 0.065625
11 0.471875 0.41328125 0.0453125 0.05078125
16 0.5203125 0.41328125 0.04375 0.05625
21 0.5765625 0.40234375 0.0265625 0.0671875
34 0.6359375 0.39921875 0.04140625 0.0765625
33 0.703125 0.40234375 0.0171875 0.06796875
24 0.67890625 0.40546875 0.0234375 0.053125
31 0.728125 0.403125 0.0265625 0.065625
3 0.76875 0.4203125 0.03828125 0.03046875
9 0.80390625 0.3984375 0.02265625 0.06875
32 0.83671875 0.4015625 0.03828125 0.06328125
29 0.1234375 0.54296875 0.03984375 0.06953125
7 0.1671875 0.5421875 0.03359375 0.06328125
18 0.209375 0.553125 0.0421875 0.05390625
4 0.2484375 0.54140625 0.0296875 0.065625
21 0.3171875 0.54609375 0.02578125 0.06953125
32 0.3546875 0.5359375 0.0203125 0.07578125
25 0.3859375 0.5484375 0.02890625 0.0546875
14 0.4234375 0.5546875 0.03828125 0.0671875
6 0.4671875 0.55234375 0.04140625 0.0703125
14 0.51328125 0.553125 0.04296875 0.0671875
34 0.5578125 0.54375 0.0375 0.0828125
1 0.59609375 0.540625 0.03125 0.065625
8 0.64375 0.5421875 0.0546875 0.08125
3 0.68828125 0.51875 0.02890625 0.03671875
25 0.71640625 0.56171875 0.059375 0.040625
3 0.7609375 0.55 0.02265625 0.0484375
2 0.7953125 0.55390625 0.03671875 0.05703125
13 0.84375 0.54765625 0.0453125 0.05390625
22 0.16015625 0.69375 0.0421875 0.0609375
23 0.20390625 0.6921875 0.0359375 0.06171875
18 0.24609375 0.69453125 0.0390625 0.06640625
36 0.2953125 0.68203125 0.0453125 0.09921875
16 0.33984375 0.70390625 0.0390625 0.0828125
18 0.3875 0.6921875 0.04296875 0.0640625
21 0.428125 0.67734375 0.028125 0.0671875
18 0.46875 0.70078125 0.04453125 0.0640625
20 0.50703125 0.70234375 0.02734375 0.06875
20 0.534375 0.68515625 0.01953125 0.0640625
20 0.559375 0.70859375 0.02421875 0.0578125
5 0.60859375 0.69609375 0.021875 0.07109375
11 0.653125 0.70234375 0.040625 0.06953125
21 0.7421875 0.69921875 0.03203125 0.07578125
2 0.78359375 0.71015625 0.040625 0.0734375
33 0.8203125 0.70078125 0.02109375 0.06796875
12 0.84609375 0.69453125 0.0234375 0.071875