34 0.08203125 0.321875 0.034375 0.09140625
34 0.1203125 0.31875 0.0359375 0.0953125
34 0.16796875 0.31171875 0.0328125 0.0953125
34 0.20703125 0.33203125 0.034375 0.0671875
34 0.25234375 0.325 0.0375 0.0859375
35 0.30078125 0.32578125 0.0359375 0.08203125
36 0.34765625 0.328125 0.04453125 0.0796875
34 0.34609375 0.24765625 0.03515625 0.06875
35 0.3859375 0.33359375 0.02890625 0.06640625
35 0.4203125 0.32578125 0.03359375 0.08203125
28 0.4 0.2625 0.0375 0.0359375
28 0.4765625 0.246875 0.0296875 0.0734375
28 0.51953125 0.25390625 0.034375 0.0640625
36 0.565625 0.2515625 0.0375 0.0703125
28 0.61953125 0.2515625 0.040625 0.06640625
28 0.67421875 0.2421875 0.03125 0.08515625
34 0.74609375 0.24375 0.0375 0.08125
8 0.709375 0.24453125 0.03046875 0.07890625
10 0.790625 0.25859375 0.04375 0.04375
32 0.771875 0.4171875 0.02734375 0.06796875
9 0.74609375 0.409375 0.0203125 0.0796875
31 0.671875 0.41875 0.02578125 0.0703125
3 0.7125 0.4359375 0.01953125 0.03125
24 0.640625 0.4171875 0.03046875 0.05625
34 0.59296875 0.41328125 0.0328125 0.08359375
27 0.55546875 0.4203125 0.02265625 0.0625
21 0.5296875 0.415625 0.0265625 0.07578125
16 0.48515625 0.4328125 0.03046875 0.0546875
11 0.45078125 0.4296875 0.02109375 0.0640625
11 0.425 0.5078125 0.03125 0.059375
14 0.3734375 0.490625 0.0359375 0.0734375
13 0.3328125 0.4953125 0.040625 0.06953125
13 0.28515625 0.4890625 0.03828125 0.07890625
35 0.24140625 0.5 0.0328125 0.0734375
13 0.18046875 0.50078125 0.040625 0.07265625
29 0.1421875 0.50234375 0.02890625 0.06796875
11 0.09921875 0.509375 0.03515625 0.05625
29 0.10234375 0.66640625 0.04140625 0.07578125
7 0.1453125 0.6625 0.0296875 0.06484375
18 0.184375 0.671875 0.04140625 0.053125
4 0.22265625 0.6625 0.02578125 0.06640625
2 0.25546875 0.66484375 0.01875 0.08203125
26 0.28671875 0.6578125 0.03671875 0.0671875
21 0.340625 0.6625 0.028125 0.0796875
14 0.3875 0.66640625 0.03359375 0.07578125
6 0.4234375 0.65703125 0.0328125 0.08671875
6 0.4515625 0.575 0.0203125 0.0859375
14 0.48359375 0.58828125 0.0328125 0.07421875
34 0.525 0.5765625 0.0328125 0.0859375
1 0.56015625 0.5734375 0.02734375 0.06796875
8 0.603125 0.57109375 0.04296875 0.08046875
3 0.64609375 0.571875 0.0125 0.0828125
25 0.67109375 0.58984375 0.0328125 0.03984375
3 0.7078125 0.57734375 0.01875 0.0515625
20 0.734375 0.58203125 0.0234375 0.07109375
13 0.7828125 0.57734375 0.0375 0.05859375
12 0.7796875 0.73828125 0.02265625 0.08046875
33 0.75859375 0.740625 0.015625 0.075
2 0.73046875 0.7484375 0.0328125 0.08671875
21 0.68984375 0.74140625 0.0296875 0.08046875
11 0.6109375 0.74609375 0.034375 0.0703125
5 0.571875 0.74140625 0.0203125 0.07734375
20 0.5265625 0.73984375 0.02734375 0.0734375
20 0.50390625 0.73125 0.015625 0.071875
33 0.47734375 0.74765625 0.02109375 0.07265625
18 0.425 0.82265625 0.03515625 0.07265625
21 0.3828125 0.79609375 0.02265625 0.07265625
18 0.35234375 0.8140625 0.034375 0.065625
16 0.315625 0.82421875 0.03046875 0.078125
36 0.2734375 0.809375 0.04140625 0.10703125
18 0.23046875 0.82734375 0.03671875 0.0671875
19 0.190625 0.8234375 0.03359375 0.06640625
22 0.15 0.825 0.03671875 0.065625
18 0.11875 0.7953125 0.0234375 0.0640625