34 0.15 0.2640625 0.03515625 0.06171875
34 0.21953125 0.259375 0.0421875 0.06875
34 0.253125 0.26171875 0.0171875 0.06796875
35 0.2796875 0.26171875 0.0328125 0.07421875
35 0.353125 0.2734375 0.0296875 0.04921875
34 0.32265625 0.265625 0.028125 0.0671875
35 0.41484375 0.26875 0.03125 0.0578125
35 0.44921875 0.27578125 0.02734375 0.04921875
35 0.48046875 0.27109375 0.03125 0.0578125
28 0.5203125 0.2796875 0.0328125 0.04375
28 0.5671875 0.2828125 0.0421875 0.0359375
28 0.61875 0.27109375 0.0328125 0.05234375
8 0.67734375 0.2703125 0.04296875 0.05859375
8 0.76484375 0.265625 0.05078125 0.06328125
28 0.7140625 0.26875 0.02734375 0.0625
21 0.8296875 0.26640625 0.02890625 0.0640625
16 0.78984375 0.40625 0.03046875 0.05546875
36 0.7359375 0.40234375 0.03828125 0.06171875
31 0.70078125 0.41015625 0.025 0.04453125
28 0.66328125 0.40390625 0.0375 0.05703125
34 0.61875 0.4046875 0.0359375 0.05703125
12 0.5734375 0.4015625 0.02421875 0.0609375
4 0.525 0.40703125 0.028125 0.0546875
26 0.48125 0.4046875 0.0359375 0.05703125
14 0.44140625 0.40234375 0.03046875 0.05859375
10 0.36640625 0.403125 0.0484375 0.04921875
13 0.325 0.39921875 0.03046875 0.059375
34 0.2890625 0.40390625 0.03125 0.05625
36 0.23359375 0.4 0.03671875 0.059375
36 0.2625 0.3984375 0.01640625 0.0625
29 0.19609375 0.40234375 0.0328125 0.0546875
34 0.153125 0.396875 0.0484375 0.065625
29 0.1421875 0.53984375 0.03984375 0.0515625
7 0.18671875 0.5421875 0.03046875 0.0453125
6 0.23046875 0.54296875 0.03515625 0.04140625
11 0.26953125 0.53984375 0.0296875 0.04453125
11 0.3078125 0.5421875 0.03671875 0.05234375
12 0.3421875 0.534375 0.0234375 0.06640625
25 0.403125 0.5359375 0.02734375 0.0421875
17 0.43828125 0.54296875 0.03203125 0.04375
4 0.4734375 0.5328125 0.02734375 0.04921875
14 0.51171875 0.54375 0.03203125 0.05234375
16 0.5515625 0.55234375 0.02890625 0.03515625
1 0.58203125 0.534375 0.028125 0.05390625
17 0.6203125 0.553125 0.0375 0.03125
3 0.66015625 0.5453125 0.01875 0.04140625
21 0.6890625 0.5390625 0.028125 0.06640625
2 0.76171875 0.55390625 0.0421875 0.04375
13 0.80625 0.546875 0.04140625 0.04375
5 0.75703125 0.69140625 0.01953125 0.06875
5 0.734375 0.684375 0.01953125 0.06875
33 0.7046875 0.68828125 0.01796875 0.06640625
33 0.6859375 0.67734375 0.01640625 0.0671875
30 0.640625 0.65703125 0.009375 0.0875
30 0.62421875 0.6625 0.0171875 0.0875
21 0.58359375 0.67421875 0.02890625 0.06796875
20 0.528125 0.6828125 0.02109375 0.06015625
20 0.50390625 0.68359375 0.02421875 0.06015625
21 0.4640625 0.6671875 0.028125 0.06484375
18 0.39609375 0.684375 0.0359375 0.05078125
23 0.35234375 0.67109375 0.040625 0.05546875
22 0.31171875 0.67109375 0.0359375 0.053125
18 0.26484375 0.68046875 0.04296875 0.05234375
18 0.21015625 0.68203125 0.04453125 0.0546875
18 0.19296875 0.62265625 0.0421875 0.0484375
18 0.15546875 0.68359375 0.04140625 0.05078125