34 0.12421875 0.24140625 0.03828125 0.08046875
34 0.16796875 0.23828125 0.04140625 0.0796875
34 0.2203125 0.2390625 0.03671875 0.07578125
34 0.2609375 0.25078125 0.03671875 0.05703125
34 0.30859375 0.24921875 0.04140625 0.07109375
34 0.44296875 0.19921875 0.03671875 0.04453125
35 0.3578125 0.2515625 0.0515625 0.065625
36 0.4140625 0.25859375 0.04375 0.0578125
35 0.45703125 0.2625 0.03125 0.05390625
35 0.49375 0.2578125 0.034375 0.05859375
28 0.54140625 0.25234375 0.0421875 0.06484375
28 0.58515625 0.25859375 0.040625 0.05546875
28 0.690625 0.259375 0.05234375 0.0609375
28 0.73671875 0.2578125 0.03359375 0.059375
18 0.63828125 0.2625 0.04140625 0.05390625
8 0.77265625 0.24921875 0.03125 0.07265625
34 0.81640625 0.25 0.04609375 0.06796875
11 0.12734375 0.40625 0.04375 0.05390625
29 0.1796875 0.40078125 0.04296875 0.0609375
36 0.2375 0.38984375 0.046875 0.078125
35 0.28671875 0.40234375 0.0390625 0.06953125
13 0.334375 0.39921875 0.04609375 0.06953125
36 0.41015625 0.403125 0.0484375 0.06484375
21 0.45390625 0.3984375 0.0203125 0.06796875
11 0.4953125 0.4078125 0.04140625 0.05625
16 0.53984375 0.41015625 0.034375 0.05390625
27 0.59765625 0.4015625 0.04609375 0.0609375
34 0.653125 0.396875 0.03828125 0.0734375
33 0.71484375 0.3984375 0.0171875 0.06640625
31 0.740625 0.39921875 0.02734375 0.06796875
9 0.81328125 0.3984375 0.02421875 0.06484375
32 0.84375 0.39921875 0.03125 0.06796875
29 0.1140625 0.5515625 0.05859375 0.07578125
7 0.165625 0.53984375 0.03203125 0.0640625
18 0.20859375 0.559375 0.0453125 0.0546875
4 0.253125 0.5484375 0.03515625 0.06171875
26 0.32734375 0.55 0.05 0.06171875
25 0.409375 0.5453125 0.03046875 0.05625
14 0.4453125 0.553125 0.0359375 0.06796875
6 0.49140625 0.54765625 0.0375 0.0734375
14 0.534375 0.55234375 0.0421875 0.0703125
34 0.5765625 0.54453125 0.0375 0.08203125
1 0.6140625 0.54140625 0.03125 0.06171875
8 0.659375 0.54140625 0.05234375 0.08359375
25 0.7296875 0.5609375 0.05078125 0.03984375
7 0.8109375 0.553125 0.05234375 0.03984375
2 0.89375 0.56875 0.0578125 0.040625
3 0.70390625 0.51875 0.0296875 0.0359375
22 0.15703125 0.71328125 0.046875 0.06328125
11 0.1359375 0.65234375 0.0453125 0.0421875
19 0.20390625 0.709375 0.0421875 0.065625
18 0.2515625 0.71328125 0.0484375 0.06953125
36 0.30390625 0.69375 0.05 0.1046875
16 0.35703125 0.70546875 0.04765625 0.08359375
18 0.41015625 0.6953125 0.0421875 0.0671875
21 0.4546875 0.6796875 0.0234375 0.0734375
21 0.484375 0.70859375 0.028125 0.0703125
20 0.5265625 0.7109375 0.0234375 0.06875
20 0.55234375 0.69375 0.0203125 0.0640625
20 0.57890625 0.72109375 0.02421875 0.06640625
5 0.62421875 0.70546875 0.021875 0.07265625
30 0.66953125 0.6828125 0.0203125 0.09140625
21 0.75859375 0.71015625 0.02734375 0.07734375
2 0.79765625 0.72109375 0.040625 0.08671875
33 0.834375 0.7125 0.0234375 0.07421875
12 0.8609375 0.70703125 0.0234375 0.08203125