34 0.1734375 0.32578125 0.0296875 0.04609375
34 0.2 0.32265625 0.021875 0.0515625
35 0.228125 0.32421875 0.02890625 0.05546875
34 0.253125 0.3296875 0.01484375 0.046875
34 0.284375 0.32890625 0.02734375 0.046875
34 0.31875 0.3296875 0.03125 0.04296875
35 0.35703125 0.3328125 0.03125 0.03671875
36 0.39296875 0.32890625 0.02734375 0.0421875
35 0.45546875 0.32890625 0.02578125 0.0421875
35 0.4265625 0.33203125 0.02890625 0.0390625
34 0.409375 0.28046875 0.02578125 0.040625
28 0.4578125 0.28984375 0.02578125 0.01953125
28 0.50078125 0.328125 0.03203125 0.0546875
28 0.54375 0.30546875 0.03203125 0.01953125
18 0.53671875 0.3359375 0.03515625 0.03671875
36 0.57890625 0.33125 0.0328125 0.03828125
4 0.62265625 0.3390625 0.02890625 0.0328125
32 0.65234375 0.34140625 0.02109375 0.02734375
28 0.6359375 0.3046875 0.02578125 0.02421875
28 0.6703125 0.31640625 0.02578125 0.02421875
8 0.70390625 0.32890625 0.02578125 0.04609375
34 0.7359375 0.325 0.03125 0.046875
10 0.775 0.33984375 0.03359375 0.028125
21 0.753125 0.4421875 0.02421875 0.04765625
9 0.73046875 0.4375 0.0171875 0.06015625
31 0.66875 0.44921875 0.021875 0.04296875
28 0.63359375 0.44296875 0.0328125 0.0484375
34 0.59140625 0.44453125 0.03125 0.05
22 0.55 0.453125 0.0328125 0.0375
16 0.4984375 0.4546875 0.02421875 0.03359375
11 0.45859375 0.45 0.03359375 0.03671875
14 0.421875 0.4453125 0.03125 0.0484375
13 0.38828125 0.446875 0.03046875 0.0453125
3 0.32734375 0.4375 0.01484375 0.06640625
33 0.28828125 0.44609375 0.01484375 0.05390625
36 0.24296875 0.44609375 0.034375 0.04375
29 0.2015625 0.45078125 0.03359375 0.03984375
11 0.16484375 0.45546875 0.03515625 0.03203125
29 0.1609375 0.5640625 0.0359375 0.0421875
7 0.2046875 0.5625 0.0296875 0.04375
6 0.240625 0.5640625 0.0328125 0.040625
11 0.27890625 0.5671875 0.03359375 0.03046875
18 0.340625 0.565625 0.03515625 0.04453125
32 0.36328125 0.5328125 0.02890625 0.02109375
14 0.4203125 0.56796875 0.0359375 0.04375
6 0.45546875 0.56484375 0.02578125 0.046875
14 0.490625 0.56640625 0.03046875 0.040625
34 0.52421875 0.56015625 0.03203125 0.04609375
26 0.56171875 0.5640625 0.02890625 0.0421875
8 0.5984375 0.559375 0.03046875 0.0515625
3 0.63828125 0.56015625 0.01484375 0.0578125
3 0.6953125 0.56953125 0.01640625 0.0328125
13 0.76484375 0.56796875 0.03203125 0.0375
12 0.7640625 0.6890625 0.02265625 0.0609375
33 0.74296875 0.68984375 0.01640625 0.06015625
2 0.71015625 0.69375 0.01796875 0.03359375
21 0.6796875 0.6890625 0.02421875 0.059375
11 0.6046875 0.69453125 0.03203125 0.05
5 0.56640625 0.68359375 0.01796875 0.05859375
20 0.50390625 0.6875 0.02265625 0.05
20 0.48125 0.67734375 0.02109375 0.0515625
21 0.44921875 0.6796875 0.02421875 0.0578125
21 0.41796875 0.66484375 0.021875 0.05546875
18 0.3859375 0.6765625 0.0328125 0.04609375
16 0.346875 0.68359375 0.028125 0.05390625
27 0.31171875 0.66484375 0.03125 0.059375
18 0.265625 0.6890625 0.0328125 0.0453125
19 0.22734375 0.6921875 0.03125 0.040625
20 0.18828125 0.684375 0.025 0.05234375
18 0.16484375 0.6734375 0.02109375 0.05
2 0.728125 0.56875 0.03046875 0.03359375