34 0.1171875 0.25859375 0.0359375 0.0703125
34 0.1578125 0.259375 0.03046875 0.06953125
34 0.19140625 0.25703125 0.0296875 0.0765625
34 0.24140625 0.26484375 0.0203125 0.0703125
34 0.27265625 0.26640625 0.03515625 0.0625
30 0.21953125 0.25234375 0.01328125 0.08984375
35 0.3125 0.26640625 0.03359375 0.0671875
35 0.3515625 0.26484375 0.03671875 0.06015625
35 0.39296875 0.26875 0.034375 0.05546875
35 0.43125 0.2625 0.0328125 0.06484375
28 0.47109375 0.2703125 0.03671875 0.05078125
28 0.51171875 0.26328125 0.03671875 0.05625
28 0.553125 0.26484375 0.0375 0.05390625
28 0.61875 0.26328125 0.021875 0.0625
28 0.64921875 0.25390625 0.03046875 0.01953125
16 0.58984375 0.271875 0.03125 0.04609375
16 0.65 0.28046875 0.0328125 0.02421875
8 0.709375 0.225 0.0375 0.05234375
8 0.71953125 0.2734375 0.05234375 0.034375
10 0.7671875 0.275 0.0359375 0.03203125
29 0.0953125 0.40703125 0.04296875 0.05390625
29 0.13828125 0.4046875 0.0359375 0.0578125
36 0.178125 0.4015625 0.03984375 0.06015625
36 0.2125 0.3984375 0.02265625 0.06328125
7 0.24375 0.4140625 0.034375 0.046875
13 0.28828125 0.4 0.046875 0.0671875
13 0.3359375 0.40234375 0.040625 0.065625
14 0.38125 0.4046875 0.03984375 0.0609375
26 0.41875 0.403125 0.02578125 0.0625
26 0.484375 0.4015625 0.02109375 0.0625
17 0.45234375 0.4125 0.034375 0.04609375
27 0.51953125 0.40546875 0.03828125 0.05703125
34 0.5609375 0.4046875 0.03828125 0.05625
24 0.6140625 0.41484375 0.05078125 0.025
36 0.67578125 0.4 0.0375 0.0625
36 0.7078125 0.39140625 0.01640625 0.07578125
21 0.7328125 0.3984375 0.02890625 0.065625
24 0.11484375 0.53828125 0.04296875 0.07890625
7 0.15078125 0.54375 0.02109375 0.0609375
6 0.18125 0.54609375 0.03203125 0.06171875
21 0.22578125 0.5453125 0.02734375 0.06171875
11 0.2625 0.5546875 0.03671875 0.0484375
32 0.30625 0.540625 0.0265625 0.06015625
31 0.38203125 0.54609375 0.0359375 0.059375
4 0.4203125 0.5515625 0.02890625 0.0421875
31 0.4578125 0.5453125 0.02890625 0.04375
1 0.49375 0.55390625 0.0390625 0.046875
1 0.53125 0.5359375 0.02890625 0.05625
17 0.56875 0.55625 0.040625 0.0375
3 0.6109375 0.54453125 0.01953125 0.053125
5 0.63515625 0.54140625 0.0203125 0.06875
34 0.7265625 0.53828125 0.040625 0.07578125
2 0.77734375 0.55859375 0.04765625 0.03515625
18 0.16171875 0.63671875 0.03984375 0.05625
18 0.1046875 0.64921875 0.04140625 0.0546875
18 0.0984375 0.7078125 0.040625 0.0453125
18 0.1421875 0.70234375 0.03359375 0.040625
18 0.18203125 0.6984375 0.03984375 0.05390625
18 0.22421875 0.69140625 0.034375 0.05703125
22 0.2546875 0.6890625 0.015625 0.05859375
21 0.278125 0.69375 0.0265625 0.0734375
23 0.30546875 0.678125 0.02265625 0.05625
19 0.3375 0.68125 0.03203125 0.059375
21 0.415625 0.68515625 0.02734375 0.07265625
20 0.4578125 0.69296875 0.025 0.06796875
20 0.48359375 0.69296875 0.02109375 0.0671875
14 0.584375 0.68984375 0.03203125 0.07734375
33 0.6390625 0.68203125 0.01953125 0.065625
33 0.66015625 0.684375 0.01640625 0.06796875
5 0.68125 0.68984375 0.01796875 0.0734375
12 0.71328125 0.69296875 0.0265625 0.07421875
12 0.74453125 0.690625 0.02578125 0.0734375