34 0.09921875 0.28984375 0.03203125 0.0890625
34 0.1359375 0.2859375 0.0359375 0.09375
34 0.1859375 0.28671875 0.0328125 0.0921875
34 0.22265625 0.303125 0.0328125 0.0625
20 0.2546875 0.29609375 0.025 0.0828125
34 0.28046875 0.290625 0.02265625 0.0921875
35 0.31640625 0.2984375 0.0390625 0.0796875
36 0.36328125 0.29921875 0.03984375 0.07578125
34 0.3609375 0.221875 0.0328125 0.0640625
35 0.4015625 0.30234375 0.02890625 0.065625
35 0.43359375 0.29609375 0.025 0.08046875
28 0.4140625 0.2359375 0.03671875 0.03359375
35 0.4609375 0.2546875 0.02890625 0.08359375
28 0.46875 0.19296875 0.03828125 0.0375
28 0.50703125 0.2546875 0.034375 0.0859375
28 0.55078125 0.26171875 0.04140625 0.07265625
36 0.6046875 0.25859375 0.0453125 0.075
28 0.66015625 0.259375 0.0421875 0.0734375
28 0.715625 0.25078125 0.034375 0.08984375
8 0.7546875 0.25078125 0.03359375 0.08828125
34 0.796875 0.25 0.0421875 0.0859375
10 0.84609375 0.2703125 0.0484375 0.04453125
32 0.825 0.44375 0.03359375 0.08046875
9 0.79296875 0.43515625 0.025 0.09140625
3 0.75625 0.46171875 0.0234375 0.04453125
31 0.7140625 0.4453125 0.02578125 0.08203125
24 0.6796875 0.44140625 0.034375 0.06484375
34 0.62890625 0.4359375 0.03671875 0.0953125
27 0.584375 0.44140625 0.01953125 0.06796875
21 0.55859375 0.43828125 0.028125 0.08203125
16 0.5109375 0.45234375 0.0296875 0.06640625
11 0.465625 0.45078125 0.0390625 0.0703125
11 0.43515625 0.48671875 0.02109375 0.0671875
14 0.3875 0.46953125 0.0359375 0.078125
18 0.340625 0.4859375 0.04140625 0.06875
13 0.29375 0.4609375 0.03828125 0.08828125
35 0.25 0.475 0.034375 0.078125
13 0.18515625 0.47265625 0.0375 0.0890625
29 0.1453125 0.4765625 0.0328125 0.07421875
11 0.10234375 0.484375 0.040625 0.05859375
29 0.0921875 0.6546875 0.04296875 0.08515625
7 0.13984375 0.65546875 0.034375 0.08046875
18 0.1796875 0.66484375 0.040625 0.06875
6 0.18359375 0.609375 0.04765625 0.03203125
4 0.2234375 0.65546875 0.02734375 0.08203125
2 0.25703125 0.66875 0.02265625 0.08203125
26 0.290625 0.65625 0.03671875 0.07734375
21 0.35078125 0.6609375 0.03125 0.09140625
14 0.403125 0.66796875 0.034375 0.08984375
6 0.43515625 0.65546875 0.02421875 0.103125
6 0.46328125 0.61796875 0.02890625 0.10625
14 0.503125 0.6296875 0.0359375 0.08515625
34 0.54921875 0.61796875 0.03828125 0.10234375
1 0.58828125 0.61640625 0.0296875 0.078125
8 0.63359375 0.615625 0.0453125 0.1015625
3 0.6796875 0.6125 0.0203125 0.1015625
25 0.71015625 0.63828125 0.0375 0.05390625
3 0.75 0.62265625 0.0203125 0.059375
20 0.78359375 0.63359375 0.02734375 0.08515625
13 0.834375 0.628125 0.04765625 0.071875
12 0.83203125 0.81328125 0.02578125 0.09296875
33 0.80625 0.81171875 0.0203125 0.07734375
2 0.76953125 0.81796875 0.040625 0.103125
21 0.7296875 0.815625 0.03125 0.0890625
11 0.64140625 0.8234375 0.03671875 0.0828125
5 0.59609375 0.8125 0.0234375 0.08984375
20 0.52734375 0.7921875 0.02421875 0.078125
33 0.4921875 0.8140625 0.01953125 0.08359375
21 0.46796875 0.77109375 0.0234375 0.07578125
21 0.43359375 0.81796875 0.02578125 0.08515625
21 0.396875 0.825 0.02578125 0.0921875
18 0.36171875 0.84609375 0.03984375 0.08359375
16 0.3203125 0.859375 0.034375 0.1046875
36 0.26953125 0.840625 0.046875 0.13203125
18 0.221875 0.86015625 0.04375 0.0921875
19 0.17578125 0.8515625 0.03984375 0.09140625
22 0.13046875 0.85625 0.0421875 0.0875