29 0.0828125 0.32578125 0.053125 0.09921875
34 0.1375 0.3203125 0.04765625 0.10234375
34 0.18984375 0.31875 0.0453125 0.1015625
34 0.2328125 0.32734375 0.0296875 0.08125
17 0.27890625 0.34765625 0.046875 0.05859375
26 0.3734375 0.275 0.0734375 0.09140625
28 0.45703125 0.26875 0.06328125 0.103125
28 0.52734375 0.27265625 0.0625 0.096875
31 0.6234375 0.265625 0.05234375 0.11328125
12 0.671875 0.26484375 0.0328125 0.1078125
28 0.74140625 0.27578125 0.07265625 0.0890625
8 0.83671875 0.25703125 0.0640625 0.1171875
10 0.9171875 0.27421875 0.0859375 0.08828125
11 0.08671875 0.50625 0.04921875 0.06015625
29 0.14296875 0.496875 0.05234375 0.07734375
1 0.19921875 0.5 0.05390625 0.08359375
36 0.278125 0.49609375 0.0453125 0.08046875
32 0.32734375 0.49921875 0.04453125 0.08203125
14 0.3796875 0.47578125 0.05234375 0.09765625
26 0.44140625 0.47265625 0.06328125 0.0921875
26 0.51015625 0.47109375 0.06015625 0.09765625
34 0.57578125 0.46796875 0.05703125 0.1125
34 0.6515625 0.46953125 0.0484375 0.10546875
24 0.7296875 0.48515625 0.06953125 0.07734375
27 0.88828125 0.471875 0.06484375 0.10078125
7 0.06796875 0.67109375 0.0546875 0.07421875
7 0.12265625 0.66953125 0.04765625 0.08359375
6 0.17578125 0.66171875 0.05 0.09609375
11 0.23046875 0.6734375 0.04296875 0.065625
21 0.2796875 0.6640625 0.0375 0.08125
32 0.3265625 0.6453125 0.03828125 0.09296875
16 0.36484375 0.665625 0.028125 0.0828125
17 0.40859375 0.65390625 0.05078125 0.08984375
4 0.4609375 0.66640625 0.03828125 0.090625
31 0.50078125 0.65390625 0.034375 0.08984375
1 0.55703125 0.66015625 0.04765625 0.0734375
1 0.61328125 0.65859375 0.053125 0.07890625
3 0.728125 0.653125 0.1 0.11328125
2 0.8640625 0.65625 0.1453125 0.1171875
18 0.07578125 0.82890625 0.046875 0.08515625
18 0.1265625 0.8296875 0.04453125 0.0796875
18 0.1734375 0.8296875 0.040625 0.0734375
18 0.225 0.853125 0.04609375 0.03828125
19 0.22109375 0.7875 0.0421875 0.07265625
19 0.2734375 0.78671875 0.04140625 0.06796875
22 0.33203125 0.82265625 0.05625 0.07890625
23 0.39296875 0.81953125 0.05078125 0.07578125
21 0.43984375 0.815625 0.03203125 0.0734375
21 0.47734375 0.8359375 0.034375 0.0734375
20 0.528125 0.83828125 0.034375 0.0765625
20 0.565625 0.8359375 0.03125 0.071875
0 0.6390625 0.8484375 0.0359375 0.0625
30 0.68671875 0.828125 0.02421875 0.1
5 0.77109375 0.828125 0.02578125 0.0796875
33 0.84765625 0.8390625 0.02890625 0.07578125
12 0.61875 0.78828125 0.0375 0.0484375