34 0.13359375 0.24609375 0.03984375 0.08515625
34 0.190625 0.2484375 0.040625 0.08515625
34 0.103125 0.2484375 0.01640625 0.07578125
34 0.2390625 0.25078125 0.0359375 0.08359375
34 0.28125 0.25078125 0.03828125 0.08125
35 0.3296875 0.2578125 0.03984375 0.06953125
35 0.3890625 0.25625 0.0390625 0.071875
35 0.45 0.25859375 0.0390625 0.07109375
28 0.4984375 0.2609375 0.03984375 0.07109375
28 0.54765625 0.26171875 0.04609375 0.065625
28 0.59375 0.25703125 0.03515625 0.06796875
28 0.634375 0.2578125 0.0359375 0.07265625
28 0.69296875 0.26015625 0.05234375 0.0671875
8 0.76328125 0.2515625 0.06015625 0.078125
34 0.8328125 0.24765625 0.05 0.08359375
27 0.81171875 0.4078125 0.04921875 0.08828125
26 0.74453125 0.43515625 0.05234375 0.02734375
24 0.68046875 0.4171875 0.05703125 0.0578125
10 0.6125 0.41875 0.046875 0.07109375
27 0.5609375 0.41484375 0.04140625 0.06484375
26 0.51953125 0.4109375 0.034375 0.06796875
26 0.47578125 0.41953125 0.0453125 0.065625
14 0.40859375 0.415625 0.040625 0.075
13 0.36171875 0.4109375 0.040625 0.0734375
13 0.315625 0.41171875 0.03515625 0.075
36 0.26328125 0.41171875 0.04375 0.08203125
36 0.21640625 0.4046875 0.04375 0.0859375
34 0.15234375 0.40078125 0.03828125 0.1
29 0.10859375 0.4125 0.04609375 0.06484375
7 0.09140625 0.57734375 0.03828125 0.0671875
7 0.1421875 0.5765625 0.0375 0.078125
6 0.18515625 0.57578125 0.03671875 0.07734375
11 0.23359375 0.58125 0.03671875 0.06484375
11 0.278125 0.58671875 0.03984375 0.06015625
32 0.32109375 0.57265625 0.03515625 0.0859375
16 0.36328125 0.578125 0.03359375 0.078125
17 0.41484375 0.5890625 0.04453125 0.07265625
4 0.46015625 0.5796875 0.03203125 0.08203125
31 0.4953125 0.578125 0.0296875 0.0796875
1 0.5390625 0.5796875 0.04140625 0.07421875
1 0.58984375 0.57109375 0.04296875 0.078125
0 0.62890625 0.58984375 0.02578125 0.04140625
3 0.65625 0.56875 0.01953125 0.08671875
3 0.67734375 0.56796875 0.01796875 0.08984375
3 0.69921875 0.575 0.01796875 0.0796875
3 0.72109375 0.58515625 0.01953125 0.0640625
2 0.79453125 0.56796875 0.1078125 0.08359375
33 0.79609375 0.75859375 0.0234375 0.08671875
5 0.72578125 0.7546875 0.02265625 0.0890625
30 0.65 0.74609375 0.021875 0.1140625
12 0.5859375 0.75234375 0.03125 0.090625
20 0.5359375 0.75703125 0.0296875 0.08125
20 0.5046875 0.75859375 0.02734375 0.08046875
21 0.45703125 0.75859375 0.03125 0.08515625
21 0.421875 0.7546875 0.03125 0.08359375
23 0.3765625 0.74921875 0.04765625 0.07578125
22 0.32421875 0.74453125 0.0421875 0.07890625
19 0.278125 0.74609375 0.04375 0.07734375
18 0.22734375 0.75390625 0.04765625 0.07890625
18 0.17890625 0.75078125 0.03984375 0.07578125
18 0.134375 0.75078125 0.0421875 0.07578125
18 0.08984375 0.7484375 0.04296875 0.07578125