34 0.1125 0.3203125 0.03359375 0.06796875
34 0.15703125 0.31875 0.02734375 0.0671875
34 0.18984375 0.31796875 0.03125 0.06796875
34 0.2265625 0.32265625 0.028125 0.059375
34 0.2640625 0.3234375 0.03125 0.0578125
34 0.303125 0.328125 0.03125 0.05078125
35 0.3421875 0.3265625 0.02890625 0.04765625
35 0.37890625 0.3296875 0.0296875 0.04765625
35 0.41328125 0.325 0.0265625 0.05625
28 0.45234375 0.3328125 0.03359375 0.04453125
28 0.49453125 0.32890625 0.0359375 0.05859375
28 0.53359375 0.32890625 0.03046875 0.05
28 0.57734375 0.3296875 0.0390625 0.05078125
24 0.62109375 0.32890625 0.04140625 0.0484375
8 0.6734375 0.33046875 0.0546875 0.0453125
8 0.68515625 0.28515625 0.0390625 0.04140625
10 0.734375 0.3390625 0.03203125 0.03203125
21 0.70546875 0.44921875 0.0265625 0.0578125
36 0.6546875 0.45078125 0.034375 0.05390625
16 0.60078125 0.45859375 0.028125 0.03515625
16 0.53359375 0.459375 0.02421875 0.03671875
15 0.5578125 0.459375 0.021875 0.03828125
27 0.503125 0.45 0.0328125 0.04921875
26 0.46796875 0.4484375 0.02265625 0.0515625
17 0.43828125 0.45859375 0.0328125 0.0421875
26 0.40546875 0.4484375 0.0296875 0.0546875
14 0.37265625 0.45078125 0.03046875 0.0546875
13 0.3328125 0.446875 0.04140625 0.05703125
21 0.2921875 0.45078125 0.025 0.0578125
21 0.24609375 0.45 0.02421875 0.05859375
36 0.21015625 0.446875 0.02578125 0.0578125
36 0.17421875 0.44765625 0.0375 0.05625
29 0.1375 0.45625 0.02734375 0.04375
29 0.09453125 0.4546875 0.0421875 0.0484375
7 0.0921875 0.57578125 0.034375 0.046875
7 0.134375 0.57890625 0.0328125 0.0453125
6 0.175 0.58046875 0.02890625 0.05390625
11 0.2109375 0.58046875 0.0203125 0.03828125
11 0.2546875 0.5875 0.03359375 0.0453125
11 0.23046875 0.5796875 0.0125 0.04609375
14 0.29765625 0.57265625 0.03515625 0.0578125
26 0.3734375 0.571875 0.03515625 0.0515625
17 0.41328125 0.58828125 0.03203125 0.04375
31 0.446875 0.58046875 0.01953125 0.03671875
1 0.478125 0.5890625 0.0328125 0.0421875
31 0.51484375 0.58359375 0.02421875 0.046875
0 0.5421875 0.58828125 0.02109375 0.02890625
3 0.5921875 0.5796875 0.01640625 0.0484375
5 0.61484375 0.5796875 0.01640625 0.065625
3 0.6453125 0.57578125 0.034375 0.0203125
34 0.70234375 0.571875 0.03515625 0.0734375
2 0.7453125 0.59140625 0.04453125 0.034375
12 0.721875 0.715625 0.02578125 0.06953125
12 0.69296875 0.71953125 0.0265625 0.06796875
5 0.66171875 0.71484375 0.0171875 0.065625
33 0.6421875 0.71015625 0.01875 0.06328125
33 0.61875 0.70703125 0.01875 0.06484375
30 0.56796875 0.6890625 0.0171875 0.08359375
20 0.46796875 0.71796875 0.02265625 0.0609375
20 0.44296875 0.715625 0.02265625 0.06015625
21 0.40703125 0.70625 0.0140625 0.065625
30 0.38984375 0.70625 0.0171875 0.0875
19 0.325 0.7046875 0.03125 0.05390625
23 0.28828125 0.70390625 0.034375 0.04921875
22 0.2515625 0.70703125 0.0328125 0.053125
18 0.2140625 0.7140625 0.034375 0.04921875
18 0.17265625 0.7203125 0.040625 0.0515625
18 0.15234375 0.665625 0.0390625 0.04609375
18 0.13359375 0.72109375 0.03046875 0.046875
18 0.09140625 0.7265625 0.0421875 0.03828125
18 0.096875 0.67421875 0.03828125 0.05078125