29 0.10390625 0.2296875 0.04453125 0.09140625
34 0.153125 0.22265625 0.0390625 0.10390625
21 0.19453125 0.2328125 0.03203125 0.0875
34 0.24140625 0.2265625 0.0421875 0.0984375
25 0.29765625 0.24765625 0.04375 0.06328125
34 0.35 0.22265625 0.0453125 0.10859375
35 0.40078125 0.23515625 0.03828125 0.08046875
14 0.4578125 0.23359375 0.0375 0.08046875
35 0.49921875 0.2265625 0.03359375 0.09375
16 0.5390625 0.2453125 0.03046875 0.0734375
28 0.59375 0.2375 0.0390625 0.08125
31 0.66015625 0.2328125 0.02734375 0.0796875
7 0.69921875 0.23046875 0.040625 0.0828125
28 0.74921875 0.23828125 0.04453125 0.07578125
8 0.8234375 0.22265625 0.06015625 0.10234375
26 0.88828125 0.2375 0.046875 0.065625
28 0.86328125 0.40859375 0.04765625 0.09453125
3 0.80390625 0.43203125 0.02578125 0.05546875
33 0.73515625 0.41015625 0.01953125 0.08359375
34 0.671875 0.40546875 0.0390625 0.103125
27 0.61328125 0.40625 0.0390625 0.0765625
25 0.5515625 0.40390625 0.02890625 0.08515625
11 0.50625 0.42109375 0.040625 0.06953125
14 0.4640625 0.39609375 0.03359375 0.07890625
13 0.42734375 0.40390625 0.03203125 0.08828125
13 0.38515625 0.40703125 0.040625 0.08984375
32 0.33828125 0.4109375 0.03515625 0.0859375
36 0.29296875 0.40390625 0.0359375 0.1
36 0.26015625 0.39140625 0.0234375 0.090625
1 0.21953125 0.415625 0.04140625 0.08515625
29 0.1671875 0.41015625 0.03828125 0.08203125
11 0.11015625 0.4203125 0.0390625 0.071875
7 0.103125 0.5796875 0.040625 0.090625
7 0.1484375 0.5953125 0.04140625 0.090625
6 0.20234375 0.5453125 0.03984375 0.0515625
18 0.2015625 0.60625 0.046875 0.06328125
11 0.25078125 0.5875 0.0390625 0.07734375
11 0.29609375 0.565625 0.03984375 0.0765625
11 0.353125 0.57109375 0.034375 0.09453125
2 0.39375 0.63515625 0.1453125 0.021875
16 0.3875 0.5640625 0.02578125 0.0921875
16 0.42578125 0.56875 0.03046875 0.08984375
17 0.4625 0.5765625 0.03515625 0.08203125
4 0.5046875 0.56796875 0.03046875 0.0921875
31 0.5390625 0.58046875 0.02578125 0.08671875
20 0.5875 0.5984375 0.025 0.0828125
1 0.6328125 0.5921875 0.040625 0.078125
5 0.6671875 0.5859375 0.01875 0.090625
3 0.72734375 0.57578125 0.01953125 0.1140625
3 0.74921875 0.59140625 0.01875 0.10859375
3 0.77421875 0.5921875 0.02578125 0.109375
2 0.871875 0.6 0.084375 0.10078125
12 0.890625 0.7875 0.02734375 0.09921875
33 0.86171875 0.78515625 0.0234375 0.07578125
2 0.82265625 0.78671875 0.04765625 0.11796875
34 0.77421875 0.775 0.04296875 0.13984375
0 0.71875 0.81953125 0.03203125 0.06640625
30 0.6875 0.78125 0.0203125 0.12265625
12 0.63046875 0.75234375 0.02734375 0.0890625
20 0.5875 0.7890625 0.0296875 0.090625
25 0.54609375 0.79140625 0.04296875 0.09453125
21 0.49765625 0.7859375 0.02890625 0.0890625
14 0.459375 0.77578125 0.03828125 0.0984375
23 0.41796875 0.784375 0.0375 0.05859375
18 0.4171875 0.71484375 0.0421875 0.07421875
22 0.35234375 0.77734375 0.0484375 0.08515625
6 0.2984375 0.7484375 0.0421875 0.128125
19 0.2421875 0.7359375 0.046875 0.0875
18 0.24765625 0.80859375 0.04609375 0.0484375
18 0.19453125 0.78046875 0.040625 0.08515625
11 0.140625 0.7953125 0.04453125 0.09140625