34 0.12734375 0.20234375 0.0171875 0.0703125
34 0.1609375 0.20703125 0.04609375 0.0921875
34 0.1953125 0.21015625 0.015625 0.08046875
34 0.22734375 0.20625 0.04453125 0.08828125
34 0.278125 0.2140625 0.0515625 0.08203125
34 0.3328125 0.2203125 0.04921875 0.07265625
35 0.3734375 0.2 0.021875 0.0484375
35 0.4 0.23203125 0.02578125 0.0625
35 0.43984375 0.22421875 0.040625 0.0671875
35 0.47578125 0.23359375 0.0265625 0.05
35 0.51328125 0.2203125 0.0421875 0.07578125
28 0.5625 0.221875 0.04921875 0.07578125
28 0.61640625 0.22421875 0.05390625 0.07265625
28 0.6671875 0.21875 0.0421875 0.075
28 0.70546875 0.221875 0.02734375 0.06171875
28 0.734375 0.21953125 0.028125 0.07734375
28 0.77578125 0.22578125 0.04609375 0.06484375
8 0.83828125 0.2171875 0.07109375 0.0765625
10 0.91015625 0.228125 0.0671875 0.0515625
29 0.13046875 0.38515625 0.05625 0.08671875
29 0.1859375 0.3921875 0.05 0.07890625
36 0.24609375 0.38359375 0.0484375 0.090625
36 0.30078125 0.3890625 0.0515625 0.0859375
13 0.3640625 0.3875 0.04296875 0.0765625
13 0.4125 0.3890625 0.04453125 0.08359375
14 0.46328125 0.39140625 0.0515625 0.084375
26 0.52734375 0.39921875 0.0484375 0.06953125
26 0.5765625 0.3859375 0.04375 0.07734375
27 0.6234375 0.3890625 0.04296875 0.0703125
10 0.68046875 0.39453125 0.0640625 0.075
24 0.7546875 0.39453125 0.071875 0.06015625
27 0.90234375 0.38203125 0.04921875 0.09140625
7 0.103125 0.5734375 0.05546875 0.0734375
7 0.16171875 0.56875 0.053125 0.07734375
6 0.215625 0.56640625 0.0453125 0.084375
11 0.26640625 0.571875 0.04765625 0.07109375
11 0.31640625 0.57890625 0.04375 0.06328125
32 0.3671875 0.56171875 0.04296875 0.0921875
16 0.41796875 0.56171875 0.03671875 0.07578125
17 0.4640625 0.57421875 0.04609375 0.07578125
4 0.51484375 0.565625 0.03671875 0.0828125
31 0.55234375 0.5609375 0.03125 0.0875
1 0.6 0.56953125 0.04765625 0.0765625
1 0.65078125 0.55625 0.04453125 0.090625
0 0.69609375 0.5734375 0.040625 0.04921875
3 0.74921875 0.55703125 0.05625 0.09375
3 0.7046875 0.5234375 0.02265625 0.03515625
3 0.7984375 0.5796875 0.034375 0.05703125
2 0.890625 0.5609375 0.1375 0.10390625
18 0.09921875 0.75234375 0.05078125 0.08515625
18 0.15078125 0.75 0.04609375 0.0859375
18 0.20078125 0.74921875 0.046875 0.0828125
18 0.25546875 0.7515625 0.053125 0.0828125
19 0.315625 0.74453125 0.04296875 0.07734375
22 0.36875 0.73515625 0.05546875 0.07578125
23 0.425 0.73203125 0.0421875 0.078125
21 0.47109375 0.74375 0.03359375 0.08984375
21 0.509375 0.7484375 0.034375 0.084375
20 0.559375 0.7484375 0.028125 0.08515625
20 0.5921875 0.746875 0.02890625 0.08671875
12 0.6453125 0.7421875 0.0328125 0.090625
30 0.71484375 0.73671875 0.02578125 0.11953125
5 0.79375 0.74375 0.02421875 0.08828125
33 0.87109375 0.75625 0.0265625 0.08984375