34 0.15546875 0.19453125 0.03671875 0.05703125
34 0.18515625 0.196875 0.0203125 0.04453125
34 0.2296875 0.19140625 0.0390625 0.053125
34 0.2609375 0.19140625 0.01953125 0.046875
34 0.2953125 0.19765625 0.03359375 0.04453125
34 0.33828125 0.19921875 0.034375 0.040625
35 0.38125 0.2015625 0.0375 0.03671875
35 0.4265625 0.2 0.0359375 0.03203125
35 0.46875 0.20546875 0.0328125 0.0296875
35 0.5046875 0.196875 0.0328125 0.04921875
28 0.50390625 0.159375 0.034375 0.01796875
28 0.559375 0.1984375 0.04375 0.046875
11 0.60859375 0.2078125 0.03984375 0.03046875
28 0.61171875 0.17734375 0.03671875 0.01875
36 0.6578125 0.20078125 0.0359375 0.03671875
28 0.69296875 0.20234375 0.0328125 0.03515625
28 0.72421875 0.18515625 0.0265625 0.01875
16 0.74453125 0.21328125 0.0328125 0.0265625
28 0.77421875 0.203125 0.025 0.04296875
8 0.80390625 0.2015625 0.025 0.046875
8 0.8421875 0.19609375 0.0453125 0.04453125
34 0.16171875 0.33203125 0.04375 0.06328125
29 0.2046875 0.3359375 0.0359375 0.05234375
36 0.25 0.3328125 0.0375 0.0390625
34 0.303125 0.33515625 0.034375 0.05
13 0.34921875 0.3375 0.03828125 0.0453125
13 0.4 0.33515625 0.03671875 0.04140625
14 0.46171875 0.34140625 0.0375 0.04375
26 0.50390625 0.3359375 0.03046875 0.0453125
16 0.55390625 0.3484375 0.03046875 0.03515625
27 0.61640625 0.34453125 0.03828125 0.03671875
34 0.66875 0.3390625 0.0375 0.046875
28 0.7203125 0.3375 0.0390625 0.05625
31 0.76171875 0.3484375 0.02734375 0.0390625
18 0.821875 0.34296875 0.04296875 0.04609375
12 0.86171875 0.3359375 0.0296875 0.0640625
29 0.1515625 0.4765625 0.04453125 0.04375
7 0.203125 0.4765625 0.0359375 0.04296875
6 0.24921875 0.47578125 0.0328125 0.0375
34 0.29921875 0.4671875 0.0328125 0.06015625
11 0.334375 0.484375 0.03125 0.02578125
8 0.40234375 0.46953125 0.0515625 0.0578125
14 0.46640625 0.4828125 0.034375 0.04609375
6 0.50703125 0.4765625 0.03125 0.04375
14 0.55078125 0.48203125 0.03359375 0.04453125
1 0.58515625 0.4796875 0.02734375 0.03203125
1 0.6171875 0.47890625 0.015625 0.0453125
12 0.640625 0.4734375 0.02421875 0.0640625
17 0.67421875 0.49140625 0.0328125 0.03203125
3 0.71875 0.48515625 0.0234375 0.040625
3 0.7578125 0.4890625 0.04765625 0.040625
2 0.83046875 0.49453125 0.059375 0.03671875
13 0.88359375 0.4859375 0.04296875 0.03984375
5 0.83203125 0.63203125 0.02109375 0.07578125
5 0.80625 0.62734375 0.01875 0.0703125
33 0.7734375 0.63125 0.02109375 0.0625
33 0.7515625 0.621875 0.01953125 0.0671875
30 0.68125 0.6046875 0.01875 0.08984375
21 0.63515625 0.61796875 0.028125 0.0671875
20 0.5875 0.621875 0.02890625 0.06640625
20 0.54140625 0.61328125 0.0265625 0.0640625
30 0.696875 0.59921875 0.01171875 0.08828125
20 0.5640625 0.61328125 0.01484375 0.06640625
21 0.5015625 0.6140625 0.03125 0.06484375
18 0.1671875 0.609375 0.02578125 0.0453125
20 0.19453125 0.615625 0.02421875 0.065625
28 0.24296875 0.584375 0.0390625 0.02890625
19 0.2421875 0.62734375 0.04296875 0.04453125
19 0.290625 0.575 0.0421875 0.04765625