34 0.115625 0.3921875 0.04140625 0.07578125
34 0.17421875 0.3953125 0.03671875 0.0640625
34 0.21953125 0.39453125 0.03984375 0.06796875
34 0.28046875 0.39609375 0.03828125 0.0671875
35 0.3328125 0.3984375 0.0296875 0.06015625
35 0.36484375 0.403125 0.02890625 0.05078125
35 0.40703125 0.40390625 0.03515625 0.05078125
35 0.446875 0.40078125 0.03359375 0.06171875
28 0.49140625 0.40625 0.0390625 0.05
28 0.5375 0.39765625 0.04140625 0.06875
28 0.5875 0.4 0.034375 0.05546875
28 0.621875 0.40078125 0.0265625 0.06171875
28 0.65078125 0.39921875 0.02578125 0.06171875
21 0.69296875 0.40078125 0.0296875 0.06328125
8 0.7421875 0.3953125 0.05390625 0.0703125
16 0.7984375 0.41484375 0.0390625 0.03046875
21 0.771875 0.5296875 0.03125 0.05703125
21 0.7265625 0.53046875 0.02890625 0.0609375
28 0.640625 0.53359375 0.04140625 0.05390625
34 0.59375 0.53046875 0.03671875 0.05859375
27 0.55625 0.5296875 0.02421875 0.05390625
31 0.52890625 0.53671875 0.025 0.04296875
17 0.4765625 0.53828125 0.03515625 0.040625
26 0.50546875 0.52421875 0.01875 0.05703125
26 0.43203125 0.53203125 0.0390625 0.05
14 0.3984375 0.52578125 0.02578125 0.06484375
13 0.359375 0.52265625 0.02421875 0.0625
20 0.3296875 0.53203125 0.02734375 0.05546875
13 0.29765625 0.52421875 0.03046875 0.06015625
34 0.259375 0.5296875 0.03515625 0.0609375
16 0.2046875 0.5328125 0.03203125 0.04375
36 0.1765625 0.52734375 0.0203125 0.05859375
36 0.203125 0.47578125 0.05859375 0.034375
29 0.146875 0.53515625 0.03515625 0.04921875
29 0.1046875 0.534375 0.04140625 0.0515625
7 0.10546875 0.659375 0.03359375 0.05390625
7 0.14296875 0.66484375 0.03125 0.05
6 0.1859375 0.6578125 0.03359375 0.0578125
8 0.2296875 0.65234375 0.04375 0.078125
11 0.2703125 0.66640625 0.034375 0.046875
12 0.30234375 0.6578125 0.02578125 0.065625
13 0.35 0.65078125 0.04375 0.078125
17 0.4046875 0.64375 0.03203125 0.05703125
4 0.44140625 0.6671875 0.0265625 0.040625
14 0.47734375 0.66640625 0.03515625 0.046875
1 0.51796875 0.6671875 0.0359375 0.0484375
1 0.5546875 0.65390625 0.03203125 0.0515625
17 0.5953125 0.67421875 0.040625 0.0359375
3 0.64140625 0.6640625 0.0171875 0.04609375
5 0.6671875 0.66328125 0.0203125 0.06640625
3 0.69921875 0.659375 0.0390625 0.028125
2 0.7453125 0.6703125 0.04375 0.05078125
13 0.790625 0.66875 0.0421875 0.04921875
12 0.784375 0.80390625 0.02890625 0.06875
5 0.71640625 0.8015625 0.021875 0.06796875
33 0.69375 0.79609375 0.01953125 0.0625
33 0.67109375 0.79140625 0.0203125 0.0640625
30 0.61796875 0.77265625 0.01015625 0.08359375
30 0.60078125 0.77890625 0.01796875 0.0875
21 0.5578125 0.78984375 0.0296875 0.0640625
20 0.5015625 0.784375 0.01640625 0.0609375
20 0.4796875 0.79609375 0.02265625 0.0609375
21 0.4421875 0.77421875 0.0234375 0.0609375
19 0.36484375 0.78125 0.03984375 0.05390625
23 0.31953125 0.784375 0.04609375 0.0515625
22 0.27421875 0.78828125 0.03671875 0.053125
18 0.23046875 0.79453125 0.04453125 0.05390625
18 0.16875 0.75 0.040625 0.05
18 0.15234375 0.8046875 0.0421875 0.0453125
18 0.11328125 0.75546875 0.04296875 0.05
18 0.1078125 0.809375 0.040625 0.04296875