34 0.1609375 0.2046875 0.034375 0.05703125
34 0.19765625 0.203125 0.034375 0.0625
34 0.24609375 0.203125 0.0296875 0.059375
13 0.30703125 0.2125 0.03984375 0.04296875
35 0.3546875 0.20859375 0.0359375 0.0484375
35 0.39765625 0.20859375 0.03359375 0.04609375
35 0.43671875 0.2109375 0.02734375 0.04140625
35 0.47109375 0.2078125 0.034375 0.053125
34 0.4171875 0.15625 0.03359375 0.04453125
28 0.4671875 0.1671875 0.034375 0.02265625
28 0.5171875 0.20703125 0.0359375 0.05625
18 0.56171875 0.21328125 0.03984375 0.0453125
36 0.6078125 0.209375 0.0390625 0.04296875
28 0.64609375 0.21015625 0.02578125 0.0484375
13 0.696875 0.21328125 0.040625 0.03671875
8 0.7453125 0.2046875 0.03203125 0.05625
34 0.78359375 0.20234375 0.03671875 0.05234375
10 0.82734375 0.2203125 0.03828125 0.021875
12 0.7984375 0.32734375 0.02578125 0.0578125
31 0.7140625 0.33359375 0.025 0.04453125
28 0.67578125 0.328125 0.0375 0.05703125
34 0.62578125 0.3296875 0.0375 0.05546875
22 0.58046875 0.33671875 0.03828125 0.040625
16 0.52265625 0.34140625 0.02578125 0.03671875
11 0.47890625 0.33671875 0.0375 0.040625
14 0.4328125 0.33203125 0.03203125 0.0484375
11 0.38828125 0.3453125 0.0453125 0.0265625
13 0.3875 0.3109375 0.0421875 0.03203125
3 0.33515625 0.32109375 0.01875 0.0640625
33 0.28515625 0.33125 0.0171875 0.05859375
7 0.30625 0.33671875 0.01953125 0.03984375
36 0.246875 0.32890625 0.034375 0.053125
36 0.253125 0.27890625 0.0375 0.03671875
29 0.2078125 0.33125 0.034375 0.05078125
29 0.16796875 0.328125 0.03671875 0.05625
29 0.16484375 0.45546875 0.03671875 0.04921875
7 0.2109375 0.45625 0.03359375 0.040625
6 0.24921875 0.45546875 0.0265625 0.04296875
11 0.3078125 0.4609375 0.034375 0.040625
32 0.3640625 0.45078125 0.03359375 0.0546875
25 0.4046875 0.4546875 0.02890625 0.04140625
14 0.44609375 0.46015625 0.0328125 0.04765625
6 0.48125 0.4515625 0.02890625 0.06171875
14 0.51796875 0.45703125 0.034375 0.05
34 0.55859375 0.4515625 0.03359375 0.059375
1 0.59375 0.44921875 0.02890625 0.053125
8 0.6390625 0.453125 0.040625 0.0546875
3 0.67734375 0.45234375 0.01640625 0.05
25 0.7078125 0.4640625 0.03671875 0.0265625
3 0.73984375 0.46015625 0.01796875 0.025
2 0.76015625 0.46328125 0.015625 0.03359375
2 0.78359375 0.46171875 0.01640625 0.03515625
13 0.82265625 0.45625 0.04140625 0.03984375
12 0.81953125 0.58046875 0.0296875 0.0625
5 0.77890625 0.58515625 0.02109375 0.06171875
5 0.75625 0.58125 0.01953125 0.0625
33 0.7109375 0.57734375 0.02265625 0.059375
30 0.64296875 0.56328125 0.01875 0.078125
30 0.659375 0.55859375 0.0109375 0.078125
21 0.60078125 0.57578125 0.03125 0.06015625
20 0.559375 0.5796875 0.01953125 0.059375
26 0.528125 0.58125 0.03828125 0.05546875
21 0.478125 0.57734375 0.02890625 0.059375
21 0.44609375 0.5765625 0.0234375 0.06015625
4 0.39609375 0.57890625 0.02890625 0.0609375
23 0.3625 0.578125 0.034375 0.05078125
27 0.32265625 0.56796875 0.0375 0.06796875
18 0.28046875 0.54140625 0.0296875 0.04609375
18 0.28046875 0.5890625 0.03515625 0.0421875
19 0.24296875 0.58828125 0.03515625 0.0390625
20 0.19921875 0.578125 0.02421875 0.0578125
18 0.17421875 0.56875 0.021875 0.04921875