34 0.14609375 0.22421875 0.028125 0.05390625
34 0.1734375 0.22109375 0.01953125 0.05859375
35 0.2015625 0.221875 0.0296875 0.05703125
34 0.2546875 0.228125 0.028125 0.0484375
34 0.2875 0.22734375 0.03046875 0.05078125
35 0.3234375 0.2296875 0.03125 0.04765625
36 0.36015625 0.22890625 0.0328125 0.046875
34 0.3796875 0.18125 0.02890625 0.040625
35 0.39375 0.23046875 0.0234375 0.04296875
35 0.42421875 0.22890625 0.03046875 0.04921875
28 0.4265625 0.190625 0.03046875 0.02109375
28 0.46484375 0.2265625 0.034375 0.0515625
18 0.5046875 0.234375 0.03828125 0.03828125
36 0.5453125 0.2296875 0.03515625 0.0421875
4 0.5875 0.23515625 0.02265625 0.0328125
32 0.61796875 0.23984375 0.025 0.0296875
28 0.64453125 0.2265625 0.0234375 0.0515625
8 0.67109375 0.22578125 0.025 0.0515625
34 0.70234375 0.22578125 0.0328125 0.0515625
12 0.715625 0.3390625 0.02265625 0.053125
9 0.69453125 0.32578125 0.015625 0.0765625
31 0.63828125 0.3453125 0.021875 0.040625
28 0.60390625 0.33828125 0.0375 0.0546875
34 0.56015625 0.33984375 0.03203125 0.053125
22 0.51875 0.34765625 0.03359375 0.040625
16 0.46640625 0.35 0.02578125 0.03359375
11 0.42890625 0.346875 0.03515625 0.0390625
14 0.39296875 0.340625 0.0265625 0.04375
13 0.3578125 0.33828125 0.0265625 0.05234375
3 0.30234375 0.3328125 0.01953125 0.05859375
33 0.2625 0.3421875 0.015625 0.053125
36 0.215625 0.33828125 0.03515625 0.053125
29 0.178125 0.3484375 0.028125 0.03125
11 0.14140625 0.35078125 0.03125 0.03125
29 0.1375 0.45625 0.03515625 0.04765625
7 0.178125 0.45546875 0.028125 0.04609375
6 0.2125 0.45625 0.0265625 0.0421875
16 0.24140625 0.4625 0.02109375 0.034375
11 0.27265625 0.45859375 0.021875 0.03984375
18 0.30625 0.45859375 0.040625 0.04453125
25 0.359375 0.4546875 0.025 0.03828125
14 0.3953125 0.46015625 0.03203125 0.04765625
6 0.42734375 0.45078125 0.0265625 0.05859375
14 0.46015625 0.45859375 0.0296875 0.04609375
34 0.49765625 0.45 0.03125 0.05859375
1 0.52890625 0.4515625 0.025 0.0453125
8 0.56875 0.45234375 0.040625 0.04765625
3 0.60859375 0.45234375 0.015625 0.05
25 0.6328125 0.465625 0.028125 0.028125
3 0.66484375 0.4609375 0.01640625 0.03046875
2 0.6828125 0.46484375 0.0140625 0.0328125
2 0.7015625 0.4625 0.02109375 0.03828125
13 0.7359375 0.45859375 0.03828125 0.0375
12 0.734375 0.5765625 0.02421875 0.05859375
5 0.6953125 0.58125 0.01875 0.0578125
5 0.67578125 0.575 0.01875 0.0578125
33 0.63515625 0.57109375 0.01953125 0.0546875
30 0.58671875 0.553125 0.01015625 0.07265625
30 0.57265625 0.55859375 0.0140625 0.0734375
21 0.53359375 0.5703125 0.02578125 0.05390625
20 0.49609375 0.575 0.0171875 0.05
26 0.46640625 0.5734375 0.0328125 0.05625
21 0.421875 0.56953125 0.025 0.053125
21 0.3921875 0.56875 0.0203125 0.0546875
18 0.35546875 0.5671875 0.03515625 0.04453125
23 0.31875 0.56875 0.0328125 0.04609375
27 0.28359375 0.55859375 0.03046875 0.06328125
18 0.24140625 0.58046875 0.0375 0.04453125
19 0.20546875 0.5828125 0.034375 0.0375
28 0.209375 0.53984375 0.0375 0.03671875
20 0.1640625 0.571875 0.02109375 0.05078125