29 0.0921875 0.2234375 0.04375 0.0828125
34 0.1484375 0.2125 0.0375 0.09140625
34 0.24296875 0.221875 0.0453125 0.08046875
21 0.19140625 0.21640625 0.0375 0.09921875
34 0.3546875 0.21171875 0.05390625 0.109375
35 0.41171875 0.22421875 0.0453125 0.084375
35 0.50859375 0.22890625 0.0359375 0.0734375
14 0.4640625 0.23671875 0.04140625 0.06875
16 0.55078125 0.240625 0.0328125 0.065625
28 0.6109375 0.23359375 0.040625 0.078125
28 0.565625 0.1859375 0.0453125 0.02109375
28 0.64609375 0.24609375 0.01875 0.04609375
31 0.6734375 0.23125 0.028125 0.08125
7 0.715625 0.22890625 0.03828125 0.07890625
28 0.76484375 0.234375 0.04140625 0.06796875
28 0.7953125 0.2265625 0.01328125 0.0671875
8 0.8359375 0.21875 0.05703125 0.0953125
10 0.89140625 0.22890625 0.0453125 0.08046875
27 0.8734375 0.40625 0.04921875 0.0953125
3 0.81328125 0.428125 0.02265625 0.0578125
33 0.746875 0.41015625 0.02265625 0.084375
34 0.6828125 0.409375 0.03984375 0.10234375
27 0.6234375 0.41171875 0.04453125 0.07109375
11 0.5140625 0.42578125 0.04140625 0.0703125
14 0.4703125 0.40078125 0.03125 0.0828125
14 0.42265625 0.39921875 0.02734375 0.07578125
13 0.384375 0.4 0.0453125 0.0734375
32 0.3390625 0.41328125 0.0390625 0.0875
36 0.26796875 0.3984375 0.0390625 0.09375
1 0.2171875 0.41484375 0.04375 0.0828125
29 0.159375 0.4140625 0.04453125 0.0796875
11 0.10390625 0.42265625 0.03984375 0.06640625
25 0.56171875 0.40703125 0.03203125 0.0828125
2 0.87421875 0.6046875 0.06875 0.09453125
13 0.815625 0.6015625 0.04375 0.0671875
3 0.76875 0.59140625 0.04765625 0.11796875
34 0.72109375 0.59765625 0.0421875 0.090625
0 0.68046875 0.5953125 0.025 0.0546875
1 0.63984375 0.5953125 0.03984375 0.07734375
1 0.59375 0.59296875 0.03515625 0.07109375
31 0.5453125 0.5890625 0.0265625 0.084375
25 0.51015625 0.59375 0.04140625 0.0890625
17 0.46640625 0.59453125 0.03828125 0.0734375
18 0.43515625 0.56328125 0.0203125 0.05703125
18 0.3828125 0.55625 0.0390625 0.07109375
2 0.3921875 0.64375 0.15 0.01953125
16 0.33828125 0.58671875 0.0328125 0.09296875
6 0.2953125 0.6078125 0.0421875 0.09296875
11 0.25 0.59375 0.03828125 0.07109375
18 0.196875 0.61328125 0.04921875 0.0703125
7 0.1453125 0.603125 0.04453125 0.0828125
7 0.0984375 0.590625 0.04375 0.0890625
18 0.115625 0.76796875 0.0453125 0.04765625
18 0.1578125 0.76953125 0.04140625 0.0546875
18 0.2 0.76796875 0.03046875 0.053125
19 0.24140625 0.7453125 0.04765625 0.08984375
18 0.24609375 0.8203125 0.046875 0.05
18 0.29765625 0.78828125 0.0453125 0.09140625
22 0.35546875 0.7875 0.053125 0.08828125
23 0.39609375 0.80078125 0.0234375 0.0546875
23 0.42421875 0.80078125 0.025 0.0578125
14 0.45859375 0.796875 0.03984375 0.0828125
21 0.5 0.79140625 0.03515625 0.09375
18 0.4359375 0.69921875 0.0453125 0.03671875
20 0.54921875 0.76796875 0.02890625 0.08828125
20 0.575 0.76796875 0.0203125 0.0921875
20 0.6015625 0.79921875 0.03046875 0.08828125
20 0.640625 0.796875 0.03046875 0.09296875
30 0.69453125 0.7734375 0.025 0.1328125
30 0.740625 0.76796875 0.02421875 0.1265625
5 0.79140625 0.79296875 0.0234375 0.1015625
2 0.825 0.79140625 0.02421875 0.13515625
33 0.865625 0.7890625 0.0234375 0.0984375
12 0.89140625 0.78671875 0.0265625 0.1
11 0.1203125 0.715625 0.03671875 0.0515625
25 0.3 0.23359375 0.04453125 0.06875