34 0.12421875 0.44765625 0.0328125 0.06015625
34 0.16015625 0.4578125 0.02890625 0.0484375
34 0.19921875 0.446875 0.0359375 0.0703125
34 0.246875 0.44765625 0.03984375 0.06953125
21 0.28671875 0.453125 0.028125 0.0609375
34 0.32109375 0.4484375 0.028125 0.06796875
16 0.3546875 0.46796875 0.03125 0.028125
35 0.390625 0.44921875 0.03125 0.0609375
35 0.43046875 0.4546875 0.0375 0.05390625
35 0.359375 0.4359375 0.02890625 0.0328125
35 0.471875 0.4515625 0.03203125 0.0625
28 0.5171875 0.45703125 0.0375 0.05234375
35 0.56484375 0.4578125 0.034375 0.0515625
28 0.61015625 0.4515625 0.03203125 0.0546875
28 0.64296875 0.45078125 0.025 0.05546875
28 0.66796875 0.4515625 0.01953125 0.0609375
12 0.6921875 0.4515625 0.0234375 0.0609375
8 0.76953125 0.4484375 0.0484375 0.0640625
10 0.81796875 0.459375 0.04296875 0.03984375
9 0.7828125 0.5734375 0.04375 0.06328125
36 0.73359375 0.57578125 0.0375 0.06328125
31 0.7 0.58203125 0.02421875 0.04765625
28 0.6640625 0.575 0.03515625 0.0609375
34 0.615625 0.57578125 0.03359375 0.05703125
21 0.56796875 0.57578125 0.02421875 0.0578125
4 0.51640625 0.578125 0.02734375 0.0546875
26 0.46953125 0.575 0.03984375 0.06015625
14 0.42734375 0.575 0.03359375 0.0578125
13 0.38359375 0.57109375 0.0234375 0.05703125
20 0.35625 0.5796875 0.02265625 0.05625
20 0.3296875 0.56796875 0.02578125 0.0625
34 0.27421875 0.57890625 0.03515625 0.059375
36 0.2453125 0.571875 0.01875 0.06015625
36 0.2125 0.57578125 0.0390625 0.059375
36 0.228125 0.52265625 0.05625 0.03125
29 0.17421875 0.5828125 0.03125 0.0515625
34 0.13359375 0.575 0.040625 0.06953125
29 0.1234375 0.7125 0.03671875 0.0546875
7 0.16875 0.7125 0.03125 0.05
6 0.2078125 0.7140625 0.0296875 0.046875
8 0.253125 0.696875 0.0421875 0.08515625
11 0.296875 0.71171875 0.03984375 0.0546875
12 0.3328125 0.70234375 0.0265625 0.0625
13 0.38046875 0.69609375 0.04140625 0.07421875
17 0.4265625 0.703125 0.0296875 0.04453125
17 0.4625 0.71015625 0.03515625 0.05
14 0.50078125 0.709375 0.0328125 0.05234375
1 0.540625 0.71328125 0.03515625 0.04453125
1 0.57734375 0.6984375 0.03203125 0.05
17 0.6171875 0.71953125 0.03671875 0.03671875
3 0.665625 0.70625 0.01796875 0.0484375
5 0.68828125 0.70703125 0.01875 0.06328125
3 0.71796875 0.70234375 0.0375 0.02890625
2 0.76484375 0.7140625 0.0421875 0.0484375
13 0.81015625 0.7109375 0.040625 0.046875
5 0.73828125 0.8421875 0.0203125 0.06328125
21 0.70234375 0.8421875 0.02890625 0.0640625
30 0.64140625 0.81328125 0.01171875 0.08203125
30 0.625 0.821875 0.015625 0.08203125
21 0.58125 0.83125 0.0296875 0.06328125
20 0.52578125 0.82890625 0.01484375 0.05703125
20 0.50390625 0.8390625 0.02421875 0.06171875
21 0.465625 0.815625 0.02734375 0.06015625
18 0.3828125 0.84375 0.040625 0.05078125
23 0.34609375 0.8234375 0.03203125 0.046875
16 0.2953125 0.83984375 0.03046875 0.0703125
18 0.2515625 0.8484375 0.04609375 0.0421875
28 0.22109375 0.8046875 0.04296875 0.040625
18 0.19609375 0.8515625 0.0515625 0.0390625
18 0.13828125 0.84453125 0.04609375 0.05390625