34 0.1578125 0.3359375 0.03671875 0.059375
6 0.1921875 0.34453125 0.0265625 0.046875
6 0.234375 0.3359375 0.03828125 0.05703125
6 0.27734375 0.3390625 0.0390625 0.0515625
6 0.3265625 0.34296875 0.0234375 0.04765625
7 0.3671875 0.34296875 0.040625 0.04453125
7 0.4125 0.3390625 0.04140625 0.04609375
7 0.4578125 0.34453125 0.03359375 0.0453125
7 0.49609375 0.33984375 0.034375 0.05
28 0.53984375 0.3390625 0.034375 0.0515625
28 0.58359375 0.33984375 0.04609375 0.05390625
8 0.6359375 0.3375 0.0421875 0.05859375
28 0.678125 0.340625 0.03203125 0.0578125
28 0.71875 0.33984375 0.0421875 0.05703125
8 0.7921875 0.33828125 0.04765625 0.05703125
8 0.753125 0.33984375 0.021875 0.0546875
34 0.16328125 0.47421875 0.0390625 0.06015625
29 0.20234375 0.471875 0.03515625 0.05703125
36 0.2421875 0.47421875 0.03828125 0.059375
34 0.3 0.47734375 0.0328125 0.05234375
13 0.33671875 0.475 0.03515625 0.05625
12 0.3734375 0.471875 0.0234375 0.0640625
13 0.4015625 0.47421875 0.0265625 0.0546875
14 0.453125 0.47421875 0.0375 0.06171875
26 0.4984375 0.47265625 0.040625 0.06015625
4 0.540625 0.4765625 0.03125 0.0546875
27 0.58984375 0.4765625 0.04296875 0.0484375
34 0.63515625 0.47421875 0.03671875 0.05546875
28 0.67890625 0.4734375 0.040625 0.0609375
31 0.71875 0.48046875 0.03359375 0.0484375
21 0.76953125 0.4734375 0.028125 0.06171875
9 0.803125 0.47109375 0.034375 0.06171875
29 0.15078125 0.61484375 0.0453125 0.05625
7 0.1984375 0.6171875 0.03828125 0.05
18 0.26875 0.6203125 0.04375 0.0484375
11 0.33046875 0.61640625 0.03828125 0.05390625
18 0.39765625 0.615625 0.04765625 0.04765625
20 0.4796875 0.6078125 0.02421875 0.0625
14 0.53046875 0.615625 0.03671875 0.059375
16 0.57265625 0.62421875 0.0359375 0.04453125
12 0.61171875 0.60625 0.025 0.0640625
17 0.64453125 0.6265625 0.034375 0.03203125
36 0.7125 0.6125 0.03984375 0.075
13 0.82578125 0.61796875 0.0390625 0.0453125
20 0.18984375 0.75234375 0.0265625 0.06640625
19 0.23671875 0.759375 0.04140625 0.05390625
18 0.28046875 0.7109375 0.0390625 0.05546875
18 0.2796875 0.765625 0.040625 0.0453125
16 0.3234375 0.75390625 0.034375 0.06796875
23 0.36328125 0.7453125 0.03359375 0.053125
21 0.45546875 0.746875 0.02109375 0.06015625
21 0.49140625 0.7328125 0.02421875 0.06015625
21 0.60625 0.74921875 0.02578125 0.0671875
20 0.52265625 0.74765625 0.02109375 0.05859375
20 0.5484375 0.74609375 0.02109375 0.059375
30 0.64921875 0.7359375 0.01640625 0.08828125
33 0.73046875 0.76484375 0.01953125 0.06484375
5 0.78359375 0.7640625 0.02109375 0.07265625
5 0.76171875 0.7578125 0.0171875 0.06640625