34 0.12578125 0.27890625 0.04375 0.0640625
34 0.16484375 0.278125 0.028125 0.06328125
34 0.1890625 0.275 0.01640625 0.06328125
18 0.2203125 0.2875 0.0421875 0.05078125
34 0.26015625 0.2859375 0.03125 0.03984375
13 0.29765625 0.28984375 0.03828125 0.040625
35 0.34375 0.2859375 0.03359375 0.046875
35 0.42578125 0.29375 0.0375 0.03125
35 0.46171875 0.2859375 0.03359375 0.04765625
28 0.5125 0.28671875 0.034375 0.04765625
28 0.559375 0.26484375 0.0390625 0.021875
28 0.4625 0.2484375 0.03515625 0.01640625
36 0.6015625 0.2875 0.04296875 0.04296875
11 0.55703125 0.296875 0.03828125 0.0328125
28 0.6390625 0.2890625 0.0296875 0.04140625
28 0.66796875 0.28515625 0.02421875 0.04609375
22 0.709375 0.2875 0.0375 0.0515625
8 0.7765625 0.2796875 0.0484375 0.053125
8 0.74140625 0.2859375 0.01796875 0.0453125
12 0.7953125 0.41796875 0.02890625 0.06171875
9 0.76796875 0.40078125 0.0234375 0.0625
31 0.70234375 0.4265625 0.02734375 0.0453125
28 0.66328125 0.42109375 0.04375 0.0578125
34 0.6171875 0.42421875 0.0390625 0.05390625
17 0.5640625 0.41875 0.04140625 0.015625
16 0.56796875 0.440625 0.0375 0.025
16 0.50859375 0.43203125 0.03203125 0.0453125
26 0.45703125 0.42265625 0.03828125 0.05703125
14 0.4171875 0.42734375 0.03203125 0.04765625
11 0.3765625 0.440625 0.04296875 0.025
13 0.371875 0.4125 0.0390625 0.02578125
13 0.315625 0.4265625 0.0375 0.04765625
34 0.26484375 0.42109375 0.0375 0.05234375
36 0.2140625 0.4203125 0.0375 0.04609375
29 0.16015625 0.428125 0.03671875 0.0359375
29 0.12109375 0.42734375 0.03984375 0.05
29 0.1109375 0.56640625 0.05 0.04765625
7 0.165625 0.5625 0.03984375 0.03046875
6 0.20625 0.5640625 0.0359375 0.03125
11 0.2578125 0.56796875 0.0390625 0.03359375
11 0.29921875 0.56796875 0.03515625 0.03203125
8 0.36328125 0.559375 0.05078125 0.06328125
14 0.42421875 0.5703125 0.04296875 0.04609375
14 0.50234375 0.56484375 0.03515625 0.053125
6 0.4609375 0.5640625 0.0265625 0.05234375
1 0.53671875 0.56328125 0.03125 0.04453125
1 0.56640625 0.56171875 0.01640625 0.04609375
12 0.58984375 0.55390625 0.02578125 0.06484375
17 0.62109375 0.575 0.034375 0.03828125
3 0.6875 0.56953125 0.06328125 0.04453125
2 0.76875 0.575 0.05 0.0375
13 0.81640625 0.56796875 0.04296875 0.04296875
5 0.7703125 0.71484375 0.02109375 0.0765625
5 0.74453125 0.70859375 0.0203125 0.075
33 0.7140625 0.7125 0.02109375 0.0703125
30 0.628125 0.6890625 0.02265625 0.09296875
21 0.5828125 0.70234375 0.03046875 0.07265625
20 0.5390625 0.70703125 0.028125 0.06796875
20 0.49296875 0.7015625 0.0265625 0.0671875
21 0.45546875 0.703125 0.03203125 0.06953125
21 0.421875 0.69921875 0.028125 0.0703125
4 0.37265625 0.70546875 0.03125 0.06953125
23 0.33359375 0.70390625 0.03984375 0.05546875
27 0.29375 0.68984375 0.03671875 0.078125
18 0.23828125 0.721875 0.04453125 0.04921875
18 0.24296875 0.6625 0.04140625 0.05703125
19 0.1953125 0.71796875 0.0390625 0.046875
20 0.14921875 0.70546875 0.03125 0.071875
18 0.1203125 0.6953125 0.02265625 0.06328125