34 0.12109375 0.215625 0.02890625 0.08125
34 0.1578125 0.21484375 0.034375 0.0828125
34 0.20234375 0.21328125 0.02734375 0.0796875
34 0.23671875 0.225 0.0328125 0.0609375
20 0.26875 0.22265625 0.02265625 0.0765625
35 0.3171875 0.221875 0.034375 0.071875
36 0.36171875 0.225 0.04140625 0.06796875
34 0.3625 0.15703125 0.03203125 0.05703125
35 0.3984375 0.23125 0.0265625 0.05625
35 0.425 0.2234375 0.02109375 0.0671875
28 0.409375 0.17265625 0.034375 0.028125
35 0.453125 0.203125 0.028125 0.078125
28 0.50234375 0.20078125 0.034375 0.07734375
28 0.5453125 0.2078125 0.0390625 0.0625
36 0.6015625 0.20390625 0.0515625 0.07109375
28 0.65703125 0.20546875 0.0453125 0.0703125
21 0.7234375 0.19765625 0.03359375 0.08828125
34 0.80078125 0.196875 0.04453125 0.078125
8 0.759375 0.19765625 0.03359375 0.07734375
10 0.85 0.2140625 0.0421875 0.03828125
32 0.8296875 0.37734375 0.034375 0.07421875
9 0.79921875 0.3703125 0.02421875 0.0859375
3 0.7625 0.396875 0.0234375 0.03515625
13 0.84453125 0.55546875 0.03671875 0.0671875
2 0.79296875 0.5359375 0.04296875 0.0375
3 0.75625 0.55390625 0.01953125 0.053125
25 0.7109375 0.5671875 0.04140625 0.0484375
3 0.68203125 0.54296875 0.0140625 0.090625
8 0.63515625 0.54453125 0.04921875 0.0875
1 0.58515625 0.546875 0.0328125 0.06953125
34 0.54453125 0.54921875 0.040625 0.09375
14 0.496875 0.5578125 0.03671875 0.084375
6 0.45 0.553125 0.03984375 0.0875
14 0.39609375 0.56015625 0.0296875 0.07421875
25 0.35546875 0.5515625 0.03125 0.06171875
26 0.2953125 0.5515625 0.03671875 0.0734375
2 0.265625 0.56015625 0.0171875 0.07890625
4 0.2328125 0.55078125 0.02734375 0.08203125
18 0.19453125 0.5640625 0.03984375 0.06015625
7 0.15546875 0.55625 0.02890625 0.07421875
29 0.11015625 0.55859375 0.03828125 0.08046875
22 0.1484375 0.74609375 0.03984375 0.08046875
19 0.18984375 0.740625 0.0359375 0.078125
18 0.23203125 0.74609375 0.0375 0.0796875
36 0.27734375 0.72578125 0.0421875 0.12109375
16 0.3234375 0.740625 0.03046875 0.09609375
18 0.3625 0.72890625 0.03515625 0.0765625
21 0.39296875 0.70859375 0.01953125 0.08671875
21 0.4109375 0.703125 0.01328125 0.08828125
18 0.44375 0.7359375 0.04609375 0.0828125
33 0.48046875 0.74140625 0.02109375 0.08671875
20 0.515625 0.72109375 0.01875 0.08671875
20 0.53984375 0.73203125 0.02734375 0.08359375
5 0.5921875 0.73671875 0.025 0.09140625
11 0.640625 0.746875 0.04140625 0.08515625
21 0.73515625 0.73984375 0.03203125 0.08984375
2 0.7796875 0.74375 0.0375 0.1015625
33 0.81484375 0.740625 0.02421875 0.08984375
12 0.84296875 0.7375 0.0265625 0.09375
31 0.715625 0.37734375 0.0265625 0.078125
24 0.68046875 0.378125 0.03515625 0.06171875
34 0.62734375 0.371875 0.046875 0.08671875
27 0.5828125 0.3796875 0.0203125 0.06171875
21 0.553125 0.37421875 0.02890625 0.08125
16 0.50390625 0.390625 0.03125 0.05234375
11 0.453125 0.3859375 0.0453125 0.06328125
14 0.3859375 0.38203125 0.02890625 0.065625
13 0.346875 0.3828125 0.03359375 0.07265625
13 0.31015625 0.38515625 0.03515625 0.0765625
35 0.2578125 0.38984375 0.03515625 0.06796875
36 0.21796875 0.375 0.034375 0.08046875
29 0.171875 0.3875 0.03671875 0.06796875
11 0.12421875 0.39609375 0.03984375 0.0515625