34 0.1203125 0.23515625 0.03203125 0.05859375
34 0.15390625 0.2390625 0.02734375 0.059375
34 0.1921875 0.23203125 0.03359375 0.0625
34 0.23203125 0.2328125 0.03515625 0.06875
12 0.265625 0.23515625 0.025 0.06484375
35 0.3140625 0.24453125 0.03125 0.04375
16 0.3515625 0.25 0.03125 0.03125
35 0.40390625 0.2453125 0.0359375 0.0421875
35 0.44140625 0.23984375 0.03125 0.05625
35 0.5015625 0.2078125 0.02890625 0.04375
28 0.48046875 0.25 0.034375 0.034375
28 0.52578125 0.253125 0.04140625 0.03203125
28 0.5765625 0.23828125 0.03359375 0.0546875
28 0.6671875 0.23359375 0.02421875 0.0671875
8 0.63203125 0.2375 0.0390625 0.05546875
8 0.6953125 0.2359375 0.03046875 0.0578125
21 0.725 0.23125 0.025 0.06796875
8 0.75078125 0.2375 0.0234375 0.05390625
9 0.74140625 0.37890625 0.03359375 0.06328125
36 0.70078125 0.37734375 0.03828125 0.07109375
31 0.66171875 0.38828125 0.02421875 0.0484375
28 0.625 0.38046875 0.0359375 0.0609375
34 0.58203125 0.384375 0.03671875 0.06015625
27 0.534375 0.38828125 0.03828125 0.05
4 0.4875 0.38515625 0.02734375 0.05625
26 0.44375 0.3828125 0.03671875 0.06015625
14 0.3984375 0.38359375 0.03828125 0.0625
10 0.325 0.38359375 0.03984375 0.0484375
13 0.2859375 0.37890625 0.0296875 0.05859375
34 0.25390625 0.3828125 0.03046875 0.05703125
36 0.20234375 0.38203125 0.03828125 0.06484375
29 0.16171875 0.38125 0.0328125 0.06015625
34 0.1234375 0.37734375 0.0375 0.07265625
29 0.11015625 0.53203125 0.04296875 0.05703125
7 0.15390625 0.53515625 0.03359375 0.046875
6 0.19375 0.5375 0.034375 0.0453125
11 0.23359375 0.53203125 0.0296875 0.04609375
11 0.27109375 0.53828125 0.03984375 0.05
12 0.3046875 0.525 0.02265625 0.07265625
25 0.353125 0.53046875 0.02734375 0.04609375
17 0.39765625 0.5375 0.03828125 0.046875
4 0.43984375 0.5265625 0.02421875 0.05234375
14 0.4765625 0.5375 0.0359375 0.05703125
16 0.51640625 0.54453125 0.02890625 0.0375
1 0.54765625 0.52578125 0.02890625 0.0546875
17 0.58671875 0.5453125 0.03671875 0.03515625
3 0.628125 0.5375 0.01796875 0.04375
21 0.65546875 0.528125 0.02734375 0.07421875
2 0.725 0.54296875 0.0375 0.04296875
13 0.7703125 0.534375 0.0421875 0.04453125
5 0.72890625 0.69609375 0.0203125 0.08046875
5 0.70625 0.6890625 0.01875 0.078125
33 0.6765625 0.69296875 0.01875 0.07421875
33 0.6578125 0.684375 0.0140625 0.07421875
30 0.61015625 0.6609375 0.01171875 0.09921875
30 0.59453125 0.66875 0.015625 0.10078125
21 0.553125 0.6828125 0.028125 0.0765625
20 0.4953125 0.69140625 0.02109375 0.07265625
20 0.4703125 0.69453125 0.025 0.07109375
21 0.43125 0.67890625 0.0265625 0.075
18 0.35703125 0.696875 0.04296875 0.0625
23 0.3140625 0.6796875 0.03671875 0.059375
22 0.275 0.68125 0.03515625 0.0609375
18 0.2296875 0.68984375 0.0453125 0.0625
18 0.17421875 0.69140625 0.04609375 0.06328125
18 0.15859375 0.62734375 0.0421875 0.0578125
18 0.1203125 0.69375 0.0453125 0.05859375