34 0.05234375 0.36484375 0.0484375 0.103125
34 0.10625 0.36953125 0.05703125 0.1
34 0.16484375 0.36953125 0.05546875 0.0984375
34 0.22421875 0.37578125 0.059375 0.09375
34 0.2890625 0.36875 0.0609375 0.10390625
35 0.35546875 0.37265625 0.04921875 0.0953125
35 0.40859375 0.37734375 0.046875 0.0890625
35 0.4609375 0.3859375 0.05078125 0.0671875
35 0.5171875 0.3765625 0.0515625 0.08828125
28 0.578125 0.3765625 0.06171875 0.09609375
28 0.6421875 0.37734375 0.05703125 0.09140625
28 0.70625 0.3765625 0.0609375 0.0953125
28 0.75859375 0.378125 0.03828125 0.08515625
28 0.8046875 0.3765625 0.0484375 0.09296875
8 0.87421875 0.3765625 0.08203125 0.09609375
8 0.9546875 0.37421875 0.071875 0.10078125
29 0.0734375 0.53828125 0.0515625 0.0796875
29 0.1328125 0.540625 0.05703125 0.08046875
36 0.2046875 0.5296875 0.05703125 0.096875
36 0.26484375 0.53046875 0.05703125 0.08984375
13 0.33203125 0.53671875 0.05546875 0.08515625
13 0.390625 0.53984375 0.0515625 0.07734375
14 0.44453125 0.5421875 0.04765625 0.078125
26 0.5046875 0.54375 0.05703125 0.07734375
26 0.56484375 0.5484375 0.0546875 0.065625
27 0.62421875 0.5390625 0.05 0.0796875
15 0.68125 0.5375 0.05703125 0.06640625
24 0.75 0.5421875 0.06953125 0.08046875
10 0.82109375 0.528125 0.0609375 0.09921875
9 0.87734375 0.5390625 0.04453125 0.07734375
9 0.94140625 0.53203125 0.0765625 0.0953125
7 0.07109375 0.69609375 0.04609375 0.0734375
7 0.1234375 0.690625 0.0515625 0.07734375
6 0.17890625 0.69296875 0.05 0.078125
11 0.2359375 0.69296875 0.04609375 0.07109375
11 0.29296875 0.6953125 0.05390625 0.0671875
32 0.37109375 0.69296875 0.04140625 0.07578125
16 0.42578125 0.69296875 0.0359375 0.06875
17 0.4734375 0.69453125 0.05234375 0.0703125
4 0.52109375 0.69296875 0.0375 0.07265625
31 0.559375 0.68984375 0.0328125 0.06640625
1 0.603125 0.7 0.04921875 0.06015625
1 0.65390625 0.69609375 0.0453125 0.06484375
0 0.6953125 0.70625 0.03203125 0.05
3 0.74921875 0.69453125 0.065625 0.06796875
2 0.8578125 0.69609375 0.12890625 0.0734375
18 0.09140625 0.83046875 0.0515625 0.071875
18 0.14140625 0.83203125 0.04140625 0.0671875
18 0.1875 0.83359375 0.0421875 0.0671875
18 0.23359375 0.82890625 0.04375 0.06953125
19 0.28125 0.834375 0.0453125 0.065625
22 0.3296875 0.8328125 0.04375 0.06484375
23 0.37734375 0.846875 0.0421875 0.03515625
19 0.37578125 0.79296875 0.0421875 0.06484375
21 0.4390625 0.828125 0.0328125 0.06328125
21 0.4765625 0.8296875 0.03359375 0.06640625
20 0.5296875 0.83046875 0.02734375 0.06328125
20 0.56328125 0.8328125 0.0296875 0.0625
12 0.62265625 0.83046875 0.03203125 0.06875
30 0.6734375 0.82265625 0.028125 0.08203125
15 0.71796875 0.83515625 0.0546875 0.0609375
5 0.76875 0.83515625 0.02578125 0.06640625
33 0.8203125 0.8375 0.03515625 0.06484375