34 0.1640625 0.25546875 0.03359375 0.05234375
34 0.23515625 0.25390625 0.0390625 0.05703125
34 0.27421875 0.253125 0.0375 0.05234375
34 0.3234375 0.265625 0.03046875 0.04140625
35 0.35390625 0.2625 0.025 0.04140625
35 0.39296875 0.259375 0.03359375 0.04140625
35 0.4703125 0.259375 0.034375 0.0484375
35 0.4328125 0.26484375 0.028125 0.034375
28 0.5171875 0.2609375 0.03125 0.046875
28 0.559375 0.259375 0.04296875 0.05078125
28 0.6 0.26796875 0.034375 0.0265625
28 0.6328125 0.2609375 0.02890625 0.0453125
28 0.6640625 0.25703125 0.03203125 0.04296875
28 0.69765625 0.2578125 0.0328125 0.04921875
8 0.7390625 0.2515625 0.03984375 0.05703125
8 0.77578125 0.2546875 0.03046875 0.04921875
12 0.7859375 0.3859375 0.0265625 0.05859375
9 0.7625 0.37421875 0.0171875 0.05234375
31 0.7015625 0.3984375 0.025 0.04140625
28 0.65859375 0.3875 0.0390625 0.05703125
32 0.73984375 0.41015625 0.0421875 0.01640625
34 0.6140625 0.38984375 0.03671875 0.05234375
27 0.56875 0.39296875 0.03671875 0.04375
26 0.5171875 0.39140625 0.03359375 0.04375
26 0.471875 0.3921875 0.0359375 0.04296875
14 0.4296875 0.3890625 0.03359375 0.0484375
13 0.39609375 0.38984375 0.028125 0.04140625
14 0.3640625 0.3921875 0.02578125 0.04375
13 0.33125 0.38828125 0.0234375 0.04375
34 0.29765625 0.3875 0.03046875 0.04921875
36 0.2703125 0.3859375 0.01875 0.04609375
36 0.2421875 0.3875 0.03515625 0.04765625
29 0.196875 0.39453125 0.02734375 0.03359375
34 0.16640625 0.3859375 0.0328125 0.05625
29 0.15703125 0.5234375 0.04296875 0.04921875
7 0.203125 0.52109375 0.03984375 0.03203125
18 0.265625 0.525 0.0453125 0.0484375
11 0.32265625 0.52890625 0.0390625 0.0421875
32 0.36015625 0.52109375 0.028125 0.0421875
17 0.43046875 0.52890625 0.03203125 0.03515625
20 0.459375 0.51796875 0.02421875 0.06484375
25 0.3953125 0.5234375 0.0328125 0.0359375
14 0.5109375 0.525 0.04296875 0.0546875
16 0.55078125 0.5296875 0.03203125 0.04140625
12 0.59296875 0.51484375 0.02421875 0.06875
17 0.62578125 0.53515625 0.0390625 0.034375
1 0.57265625 0.51640625 0.01328125 0.053125
4 0.47890625 0.51796875 0.0125 0.04140625
36 0.69140625 0.521875 0.03828125 0.06796875
3 0.6609375 0.525 0.01484375 0.03828125
2 0.7640625 0.5359375 0.05546875 0.0390625
13 0.81015625 0.5296875 0.0359375 0.04296875
5 0.76640625 0.66953125 0.02109375 0.07109375
5 0.74296875 0.66484375 0.0203125 0.07109375
33 0.71328125 0.6671875 0.0203125 0.06875
33 0.69453125 0.65703125 0.0140625 0.06875
30 0.63125 0.64140625 0.01875 0.08671875
30 0.64609375 0.6375 0.009375 0.08515625
21 0.5890625 0.6546875 0.03125 0.06796875
20 0.53046875 0.65 0.02578125 0.0640625
20 0.50390625 0.65078125 0.0234375 0.0640625
21 0.46875 0.6546875 0.03125 0.065625
21 0.4359375 0.6515625 0.025 0.06796875
4 0.390625 0.659375 0.0296875 0.06328125
23 0.35859375 0.653125 0.03046875 0.0546875
16 0.31796875 0.65625 0.03515625 0.07109375
18 0.27578125 0.665625 0.0421875 0.04765625
18 0.2765625 0.6140625 0.03828125 0.05390625
19 0.23515625 0.66171875 0.0375 0.05078125
20 0.190625 0.6546875 0.028125 0.065625
18 0.165625 0.64375 0.01953125 0.05625
6 0.23359375 0.51953125 0.01640625 0.03203125