34 0.18203125 0.2453125 0.034375 0.0609375
34 0.2171875 0.25 0.02890625 0.05234375
34 0.26015625 0.24140625 0.0390625 0.06171875
34 0.29921875 0.2453125 0.02734375 0.06171875
8 0.33671875 0.2453125 0.0390625 0.0625
35 0.3921875 0.253125 0.0375 0.04921875
35 0.4359375 0.25 0.034375 0.0484375
35 0.484375 0.25390625 0.03203125 0.0421875
35 0.521875 0.24921875 0.0359375 0.0546875
28 0.57109375 0.25 0.03125 0.05234375
28 0.61640625 0.2484375 0.0421875 0.05390625
28 0.659375 0.2515625 0.0265625 0.04453125
28 0.68984375 0.25 0.01953125 0.05
21 0.71484375 0.24375 0.02421875 0.0625
28 0.76796875 0.24453125 0.040625 0.06015625
8 0.80625 0.2453125 0.028125 0.05703125
8 0.8484375 0.2421875 0.0515625 0.0578125
10 0.9078125 0.26015625 0.0484375 0.0234375
12 0.86015625 0.37734375 0.02734375 0.0625
9 0.83359375 0.36796875 0.02109375 0.08359375
31 0.7671875 0.38671875 0.02578125 0.046875
28 0.728125 0.3796875 0.0390625 0.05859375
34 0.6765625 0.38359375 0.03828125 0.05703125
27 0.62265625 0.38671875 0.04453125 0.04765625
4 0.571875 0.38515625 0.02734375 0.05390625
26 0.51875 0.3859375 0.0375 0.05234375
14 0.4796875 0.384375 0.03203125 0.05
13 0.4375 0.38046875 0.03125 0.06015625
14 0.40390625 0.3859375 0.03046875 0.0515625
13 0.36640625 0.38125 0.034375 0.0578125
34 0.328125 0.384375 0.03359375 0.05546875
36 0.29921875 0.38125 0.0203125 0.05546875
36 0.26796875 0.38125 0.03671875 0.05703125
29 0.2296875 0.38203125 0.03203125 0.06171875
34 0.18984375 0.378125 0.040625 0.06796875
29 0.17734375 0.51953125 0.0375 0.05
7 0.2234375 0.52109375 0.0359375 0.04921875
6 0.2578125 0.52109375 0.0234375 0.04453125
18 0.2953125 0.52421875 0.0484375 0.0453125
11 0.35859375 0.525 0.034375 0.04609375
18 0.41796875 0.52578125 0.0453125 0.0484375
17 0.475 0.52734375 0.03125 0.0390625
20 0.50546875 0.51796875 0.02421875 0.0609375
14 0.5609375 0.52421875 0.034375 0.053125
16 0.60390625 0.53125 0.02890625 0.0359375
12 0.6484375 0.51484375 0.02421875 0.065625
17 0.6828125 0.534375 0.03828125 0.0328125
1 0.62734375 0.51640625 0.015625 0.05078125
36 0.75390625 0.51875 0.040625 0.07265625
2 0.834375 0.53046875 0.04609375 0.03984375
13 0.88515625 0.52421875 0.04296875 0.04453125
5 0.834375 0.67109375 0.02109375 0.07109375
5 0.809375 0.665625 0.01953125 0.07109375
33 0.7765625 0.66875 0.0203125 0.0671875
33 0.75703125 0.66015625 0.015625 0.06640625
30 0.703125 0.63828125 0.01171875 0.08828125
30 0.6859375 0.64453125 0.01875 0.08984375
21 0.6421875 0.65703125 0.02734375 0.06796875
20 0.5796875 0.653125 0.025 0.0625
20 0.5515625 0.653125 0.0234375 0.0625
21 0.51796875 0.64140625 0.02890625 0.06328125
21 0.48046875 0.65546875 0.0234375 0.06875
23 0.44453125 0.6375 0.03203125 0.053125
23 0.39453125 0.65234375 0.04140625 0.05234375
16 0.3484375 0.6609375 0.02890625 0.0671875
18 0.30546875 0.6140625 0.03828125 0.0546875
18 0.30546875 0.66640625 0.04296875 0.04453125
23 0.2609375 0.66171875 0.040625 0.05546875
20 0.2140625 0.65546875 0.02890625 0.0609375