29 0.0734375 0.22890625 0.0515625 0.1078125
34 0.12890625 0.21484375 0.04609375 0.121875
21 0.175 0.23203125 0.0359375 0.10546875
34 0.2296875 0.2234375 0.04609375 0.12109375
25 0.28828125 0.25 0.04765625 0.06953125
34 0.340625 0.22109375 0.034375 0.13203125
26 0.39453125 0.24296875 0.05625 0.0890625
28 0.47421875 0.23125 0.05 0.10078125
28 0.53515625 0.23671875 0.05390625 0.096875
31 0.6203125 0.234375 0.03828125 0.0953125
7 0.66953125 0.23125 0.0515625 0.1046875
28 0.73046875 0.23984375 0.0546875 0.08828125
8 0.8203125 0.21875 0.075 0.12265625
26 0.9 0.2390625 0.06640625 0.075
27 0.865625 0.425 0.06015625 0.10390625
3 0.79765625 0.44921875 0.028125 0.0578125
33 0.71796875 0.4484375 0.0234375 0.0515625
34 0.64140625 0.42421875 0.05078125 0.11640625
27 0.5765625 0.42578125 0.04765625 0.08359375
25 0.50078125 0.42421875 0.0390625 0.09765625
24 0.71484375 0.39921875 0.0671875 0.040625
26 0.45078125 0.4234375 0.05078125 0.08828125
14 0.39765625 0.4203125 0.03984375 0.09609375
32 0.32890625 0.434375 0.0375 0.09609375
36 0.28203125 0.42890625 0.04140625 0.1125
1 0.20390625 0.434375 0.04453125 0.09140625
29 0.1484375 0.4328125 0.0453125 0.090625
11 0.0859375 0.4421875 0.04609375 0.08046875
7 0.0828125 0.60703125 0.0421875 0.090625
7 0.13046875 0.62265625 0.0421875 0.08984375
18 0.18515625 0.63125 0.0546875 0.0578125
11 0.2421875 0.60859375 0.04140625 0.08515625
11 0.28671875 0.61328125 0.03984375 0.08203125
32 0.32890625 0.596875 0.03125 0.0984375
6 0.18828125 0.57265625 0.04765625 0.0421875
2 0.36484375 0.66171875 0.1078125 0.02265625
17 0.409375 0.60234375 0.04296875 0.0875
4 0.459375 0.59296875 0.03671875 0.0953125
31 0.49921875 0.60703125 0.03125 0.090625
20 0.553125 0.62265625 0.03046875 0.084375
1 0.6046875 0.61015625 0.0453125 0.08125
5 0.64375 0.609375 0.02265625 0.08671875
3 0.7125 0.596875 0.02578125 0.1171875
3 0.73828125 0.6109375 0.0203125 0.10546875
3 0.7625 0.6109375 0.025 0.1109375
2 0.8546875 0.6109375 0.12421875 0.09375
12 0.88515625 0.79140625 0.034375 0.08515625
33 0.828125 0.78046875 0.0265625 0.08359375
34 0.76875 0.78359375 0.0484375 0.12890625
30 0.67265625 0.7890625 0.02265625 0.1109375
0 0.62890625 0.8125 0.028125 0.0609375
12 0.61015625 0.75 0.03046875 0.05703125
20 0.5796875 0.81484375 0.06015625 0.05625
20 0.54453125 0.75703125 0.02734375 0.05390625
20 0.5140625 0.77578125 0.028125 0.07734375
21 0.4671875 0.7984375 0.03515625 0.078125
14 0.42421875 0.79140625 0.0453125 0.0875
18 0.37734375 0.73515625 0.04375 0.07421875
22 0.33125 0.790625 0.04296875 0.0703125
6 0.278125 0.7671875 0.0453125 0.10859375
19 0.2234375 0.75625 0.046875 0.0875
18 0.22890625 0.8234375 0.0421875 0.04296875
18 0.178125 0.80078125 0.0390625 0.07578125
11 0.121875 0.809375 0.04375 0.0828125