34 0.13125 0.15703125 0.0421875 0.08984375
34 0.17578125 0.159375 0.0328125 0.09375
34 0.2625 0.14375 0.0328125 0.06015625
34 0.29921875 0.1375 0.03203125 0.0484375
34 0.28671875 0.1953125 0.0875 0.03203125
25 0.22109375 0.1625 0.034375 0.09140625
35 0.35390625 0.18125 0.03125 0.06640625
35 0.3890625 0.15625 0.028125 0.0765625
35 0.44296875 0.16640625 0.0359375 0.084375
28 0.4828125 0.1671875 0.02734375 0.090625
35 0.546875 0.13671875 0.0359375 0.05234375
25 0.52578125 0.1859375 0.04140625 0.03359375
28 0.58671875 0.1734375 0.034375 0.0625
28 0.596875 0.11875 0.040625 0.03984375
28 0.665625 0.14375 0.04375 0.06171875
28 0.70859375 0.1375 0.0328125 0.04765625
28 0.74921875 0.1671875 0.0390625 0.0765625
28 0.69375 0.19296875 0.06640625 0.028125
8 0.79921875 0.13203125 0.04296875 0.07734375
8 0.878125 0.17890625 0.04609375 0.05078125
25 0.81484375 0.1921875 0.07421875 0.03125
29 0.15625 0.3734375 0.08984375 0.034375
29 0.14609375 0.31328125 0.0421875 0.053125
29 0.19296875 0.31015625 0.03828125 0.0703125
36 0.2375 0.30625 0.03984375 0.090625
36 0.28671875 0.29609375 0.0421875 0.06484375
25 0.28359375 0.35234375 0.040625 0.03828125
13 0.33359375 0.3328125 0.03984375 0.07265625
13 0.3984375 0.33515625 0.02890625 0.07421875
25 0.3671875 0.3484375 0.02421875 0.078125
25 0.44296875 0.353125 0.04140625 0.05234375
26 0.471875 0.30546875 0.03125 0.03984375
14 0.4359375 0.31171875 0.0328125 0.028125
25 0.5109375 0.34765625 0.0390625 0.04375
14 0.534375 0.3046875 0.03203125 0.0359375
26 0.5765625 0.29765625 0.03515625 0.0609375
26 0.61875 0.303125 0.03515625 0.06328125
26 0.58359375 0.36015625 0.05546875 0.03671875
27 0.6390625 0.3671875 0.04375 0.05078125
15 0.68984375 0.36875 0.0484375 0.0453125
24 0.7484375 0.37265625 0.04296875 0.05078125
10 0.79140625 0.33828125 0.034375 0.04453125
9 0.82421875 0.3015625 0.02734375 0.06328125
9 0.86171875 0.29921875 0.03984375 0.0640625
9 0.85859375 0.35546875 0.0859375 0.03359375
7 0.13515625 0.54921875 0.05703125 0.05078125
7 0.1734375 0.48828125 0.05703125 0.0484375
25 0.2390625 0.5609375 0.0546875 0.05546875
11 0.31796875 0.51484375 0.05546875 0.034375
25 0.28984375 0.55234375 0.04375 0.02890625
32 0.39296875 0.5453125 0.0390625 0.059375
16 0.44296875 0.55 0.03984375 0.0453125
16 0.48203125 0.5390625 0.025 0.0375
25 0.51953125 0.53984375 0.034375 0.0484375
31 0.58984375 0.55625 0.02890625 0.06328125
0 0.71640625 0.559375 0.0515625 0.0296875
4 0.55703125 0.525 0.0296875 0.02890625
1 0.640625 0.52890625 0.04140625 0.04140625
1 0.63984375 0.56796875 0.0640625 0.03046875
2 0.809375 0.55 0.034375 0.040625
2 0.74140625 0.51328125 0.0359375 0.03125
3 0.8828125 0.5296875 0.1078125 0.08359375
18 0.16875 0.6734375 0.05078125 0.08359375
18 0.16796875 0.7578125 0.05 0.0625
19 0.321875 0.73203125 0.053125 0.11171875
23 0.40703125 0.73046875 0.06484375 0.09140625
21 0.51796875 0.7015625 0.0296875 0.0921875
20 0.60625 0.72265625 0.02421875 0.09453125
12 0.65703125 0.7046875 0.028125 0.09921875
5 0.7453125 0.70703125 0.0203125 0.0953125
33 0.8078125 0.71953125 0.02265625 0.09609375
20 0.571875 0.73515625 0.0328125 0.09765625