34 0.1171875 0.13125 0.0296875 0.04375
34 0.22109375 0.16640625 0.03515625 0.0875
34 0.259375 0.14921875 0.03671875 0.06640625
34 0.31015625 0.19609375 0.028125 0.03671875
25 0.12109375 0.18203125 0.04921875 0.05234375
25 0.175 0.16796875 0.0484375 0.090625
25 0.26796875 0.203125 0.04921875 0.0328125
25 0.309375 0.16015625 0.04375 0.02578125
35 0.3515625 0.1734375 0.03671875 0.08203125
35 0.3796875 0.16953125 0.0140625 0.065625
35 0.40234375 0.134375 0.02734375 0.0375
35 0.4140625 0.1890625 0.0484375 0.06328125
35 0.4546875 0.16640625 0.02734375 0.0890625
28 0.4953125 0.13359375 0.04375 0.05546875
28 0.53125 0.184375 0.08359375 0.0234375
28 0.5390625 0.1375 0.04140625 0.04375
28 0.62734375 0.1234375 0.08046875 0.05078125
28 0.69921875 0.15703125 0.05234375 0.0625
28 0.65234375 0.184375 0.03515625 0.06640625
25 0.52421875 0.2109375 0.09453125 0.02109375
25 0.60390625 0.1890625 0.05625 0.06953125
25 0.71328125 0.2078125 0.08046875 0.03125
25 0.79453125 0.19296875 0.0734375 0.0375
8 0.7578125 0.1359375 0.0578125 0.06484375
25 0.86171875 0.1734375 0.05 0.0953125
9 0.8171875 0.3046875 0.04765625 0.06796875
9 0.76875 0.3125 0.04453125 0.0515625
10 0.7609375 0.371875 0.06171875 0.0546875
15 0.63359375 0.371875 0.05625 0.04609375
27 0.571875 0.31796875 0.0453125 0.03671875
26 0.5234375 0.3078125 0.04765625 0.04296875
26 0.51953125 0.35078125 0.0515625 0.0390625
26 0.465625 0.328125 0.0484375 0.0703125
14 0.41953125 0.33046875 0.0359375 0.0640625
13 0.378125 0.33203125 0.03984375 0.0703125
36 0.27265625 0.296875 0.05390625 0.0265625
36 0.22265625 0.30703125 0.0375 0.0703125
29 0.178125 0.3109375 0.0484375 0.05390625
29 0.13046875 0.30234375 0.0375 0.053125
29 0.11015625 0.3703125 0.05859375 0.03515625
25 0.1796875 0.35859375 0.06328125 0.03203125
25 0.271875 0.346875 0.04609375 0.0671875
25 0.328125 0.3390625 0.0515625 0.0703125
25 0.4625 0.3828125 0.059375 0.02734375
25 0.57578125 0.3640625 0.053125 0.04375
25 0.696875 0.36875 0.0609375 0.06484375
25 0.846875 0.37109375 0.0921875 0.0578125
3 0.84609375 0.51484375 0.04609375 0.06328125
2 0.70390625 0.48203125 0.04765625 0.0453125
25 0.64453125 0.5125 0.028125 0.028125
25 0.6078125 0.503125 0.040625 0.03515625
1 0.5625 0.503125 0.0390625 0.053125
31 0.51796875 0.475 0.03125 0.04453125
4 0.47734375 0.52109375 0.04453125 0.03984375
17 0.44921875 0.4671875 0.03828125 0.0390625
17 0.42265625 0.51328125 0.05390625 0.04140625
16 0.40703125 0.47265625 0.03828125 0.03359375
32 0.33359375 0.48359375 0.0375 0.05390625
25 0.28828125 0.478125 0.0484375 0.0359375
25 0.2796875 0.51953125 0.05546875 0.03359375
25 0.2078125 0.52109375 0.04140625 0.05
25 0.12578125 0.51328125 0.07578125 0.02734375
6 0.209375 0.4625 0.04296875 0.0609375
7 0.16484375 0.47109375 0.04140625 0.05078125
7 0.125 0.453125 0.0328125 0.05625
18 0.1046875 0.63984375 0.04296875 0.0828125
18 0.15546875 0.6625 0.05078125 0.07734375
18 0.20625 0.65078125 0.0421875 0.07890625
19 0.265625 0.62265625 0.03828125 0.0640625
22 0.31640625 0.65390625 0.04140625 0.08125
21 0.41796875 0.65078125 0.03046875 0.07734375
21 0.45234375 0.63046875 0.025 0.0703125
20 0.50703125 0.60703125 0.02421875 0.05859375
20 0.5390625 0.64609375 0.0296875 0.06796875
12 0.59296875 0.6203125 0.02734375 0.06875
30 0.6390625 0.61171875 0.0171875 0.07734375
5 0.68515625 0.64921875 0.02265625 0.0734375
33 0.74609375 0.628125 0.02421875 0.0640625