34 0.059375 0.14765625 0.05 0.10390625
34 0.1125 0.14609375 0.05 0.10859375
34 0.16015625 0.14296875 0.03984375 0.11484375
34 0.2078125 0.13515625 0.05 0.12734375
34 0.2609375 0.14296875 0.04921875 0.11640625
35 0.31484375 0.14921875 0.053125 0.09609375
35 0.36875 0.15859375 0.04765625 0.08515625
35 0.42265625 0.15625 0.053125 0.09765625
35 0.47578125 0.15859375 0.0453125 0.103125
13 0.52421875 0.1625 0.046875 0.08359375
28 0.58359375 0.153125 0.05546875 0.1171875
28 0.63984375 0.15390625 0.05078125 0.10703125
28 0.69296875 0.16484375 0.05078125 0.096875
28 0.74609375 0.17109375 0.05 0.08828125
8 0.815625 0.16328125 0.07734375 0.09921875
8 0.88984375 0.1625 0.065625 0.10234375
15 0.90546875 0.39609375 0.06171875 0.0734375
9 0.8484375 0.3859375 0.04453125 0.084375
10 0.7921875 0.40546875 0.0625 0.05625
24 0.72109375 0.40234375 0.07109375 0.05703125
15 0.65390625 0.390625 0.05390625 0.059375
9 0.5921875 0.37578125 0.0625 0.1125
26 0.53125 0.3828125 0.0546875 0.08203125
26 0.4734375 0.37890625 0.05390625 0.09296875
14 0.4125 0.378125 0.05703125 0.1
13 0.35625 0.3734375 0.05 0.10078125
13 0.29921875 0.38125 0.0609375 0.090625
36 0.24140625 0.37890625 0.0515625 0.090625
36 0.1828125 0.37578125 0.0578125 0.0953125
29 0.1203125 0.36875 0.06328125 0.09609375
29 0.059375 0.37421875 0.05234375 0.09609375
7 0.0796875 0.5953125 0.046875 0.0640625
7 0.1328125 0.565625 0.05390625 0.0875
6 0.19375 0.590625 0.04765625 0.09609375
11 0.23984375 0.5578125 0.03828125 0.0296875
11 0.28359375 0.55390625 0.040625 0.028125
11 0.24453125 0.60546875 0.0484375 0.05859375
11 0.2953125 0.603125 0.046875 0.06328125
32 0.34296875 0.596875 0.04140625 0.08671875
16 0.384375 0.60703125 0.0359375 0.06875
17 0.42265625 0.6 0.0296875 0.0625
17 0.46015625 0.59296875 0.040625 0.0765625
4 0.5046875 0.60078125 0.04140625 0.05859375
31 0.54609375 0.59765625 0.034375 0.0609375
1 0.59140625 0.59921875 0.0453125 0.0703125
1 0.64375 0.60234375 0.0515625 0.059375
0 0.6921875 0.60546875 0.03203125 0.0375
2 0.76171875 0.58671875 0.10078125 0.0828125
3 0.87578125 0.58984375 0.11875 0.08828125
33 0.85703125 0.7953125 0.0265625 0.10078125
5 0.78984375 0.7890625 0.021875 0.10625
30 0.721875 0.7734375 0.02578125 0.13125
12 0.640625 0.7828125 0.03203125 0.1046875
20 0.57109375 0.8 0.02890625 0.1
20 0.5390625 0.8 0.0296875 0.103125
21 0.48125 0.784375 0.03828125 0.0984375
21 0.4453125 0.78828125 0.028125 0.09453125
23 0.375 0.803125 0.0484375 0.10234375
22 0.32578125 0.80234375 0.04296875 0.1
19 0.27890625 0.80703125 0.04609375 0.10234375
18 0.23046875 0.8078125 0.04765625 0.1
18 0.18125 0.80703125 0.04765625 0.1046875
18 0.13125 0.81328125 0.0453125 0.10234375
18 0.08203125 0.81796875 0.04921875 0.10078125