34 0.11015625 0.13984375 0.02578125 0.08125
34 0.1390625 0.14453125 0.028125 0.08671875
34 0.20859375 0.15078125 0.03046875 0.08203125
34 0.2890625 0.1484375 0.0484375 0.08828125
25 0.17265625 0.1453125 0.03515625 0.08984375
25 0.2453125 0.14609375 0.03671875 0.08671875
35 0.328125 0.14765625 0.0234375 0.08828125
35 0.36015625 0.16328125 0.034375 0.06875
35 0.41953125 0.1421875 0.0296875 0.04921875
35 0.44765625 0.159375 0.02109375 0.0734375
35 0.509375 0.15625 0.04453125 0.06796875
25 0.47265625 0.15625 0.025 0.06796875
25 0.39140625 0.1640625 0.02265625 0.06796875
25 0.4203125 0.18359375 0.0265625 0.02578125
28 0.56328125 0.1546875 0.04921875 0.07109375
28 0.6140625 0.14453125 0.0453125 0.071875
28 0.6796875 0.1078125 0.05859375 0.0328125
28 0.69765625 0.1609375 0.03203125 0.06796875
25 0.6578125 0.159375 0.03671875 0.0640625
25 0.7453125 0.153125 0.0359375 0.075
8 0.79453125 0.13828125 0.05859375 0.0984375
25 0.859375 0.15078125 0.05859375 0.07265625
9 0.8546875 0.28203125 0.05 0.04296875
9 0.81796875 0.33046875 0.028125 0.02890625
25 0.87109375 0.33515625 0.065625 0.0515625
25 0.7203125 0.3359375 0.0546875 0.05859375
10 0.775 0.334375 0.0484375 0.04921875
15 0.6671875 0.3359375 0.04453125 0.0390625
27 0.62421875 0.30078125 0.040625 0.02109375
25 0.621875 0.33515625 0.03828125 0.03828125
26 0.5640625 0.29921875 0.0453125 0.0421875
26 0.515625 0.33125 0.04375 0.05
14 0.49296875 0.2875 0.03046875 0.0328125
14 0.4578125 0.3171875 0.034375 0.0578125
14 0.41796875 0.3203125 0.03515625 0.0640625
13 0.37421875 0.30390625 0.04765625 0.03515625
13 0.32578125 0.315625 0.04453125 0.0609375
13 0.37421875 0.34453125 0.04453125 0.03984375
36 0.27734375 0.31796875 0.04375 0.07109375
36 0.22890625 0.2921875 0.04453125 0.0265625
25 0.22265625 0.3375 0.05078125 0.05703125
29 0.175 0.3125 0.0390625 0.06875
29 0.134375 0.32578125 0.03828125 0.0625
7 0.13671875 0.4421875 0.03359375 0.03359375
7 0.14453125 0.484375 0.04921875 0.040625
25 0.21328125 0.484375 0.0421875 0.059375
25 0.3953125 0.484375 0.03203125 0.046875
25 0.4453125 0.47109375 0.0375 0.0515625
6 0.221875 0.4375 0.0390625 0.0296875
11 0.265625 0.471875 0.03828125 0.02890625
11 0.31953125 0.43828125 0.03359375 0.03515625
11 0.3109375 0.4828125 0.03671875 0.03515625
32 0.35546875 0.48671875 0.04140625 0.05390625
17 0.49375 0.4515625 0.0359375 0.0453125
4 0.5140625 0.490625 0.0375 0.02734375
31 0.55078125 0.4703125 0.03046875 0.059375
1 0.590625 0.46015625 0.0390625 0.04765625
1 0.6296875 0.4859375 0.034375 0.059375
0 0.6640625 0.496875 0.02734375 0.0296875
0 0.6671875 0.46484375 0.025 0.02421875
2 0.69140625 0.47265625 0.01953125 0.075
2 0.77265625 0.4546875 0.0265625 0.04453125
2 0.7359375 0.4921875 0.0203125 0.03515625
2 0.73359375 0.45390625 0.04140625 0.03046875
3 0.8375 0.48359375 0.06953125 0.08203125
33 0.76640625 0.65390625 0.0234375 0.08515625
5 0.69609375 0.65234375 0.02265625 0.08828125
30 0.65703125 0.63046875 0.01953125 0.11171875
12 0.61328125 0.615625 0.021875 0.08671875
12 0.58828125 0.6078125 0.021875 0.08203125
20 0.55390625 0.64453125 0.02578125 0.0828125
20 0.52578125 0.64453125 0.02890625 0.0796875
21 0.49609375 0.60234375 0.01328125 0.075
21 0.47578125 0.62734375 0.0203125 0.08515625
21 0.44453125 0.64296875 0.02109375 0.084375
23 0.415625 0.61796875 0.02734375 0.075
23 0.38203125 0.62265625 0.03125 0.07109375
22 0.34453125 0.65078125 0.03984375 0.0796875
19 0.296875 0.653125 0.05 0.078125
18 0.24609375 0.659375 0.04765625 0.0796875
18 0.19140625 0.653125 0.04296875 0.08125
18 0.13671875 0.66953125 0.05859375 0.07890625