34 0.0765625 0.20625 0.04765625 0.10390625
29 0.13203125 0.15234375 0.05 0.04765625
13 0.2328125 0.2046875 0.04765625 0.109375
34 0.284375 0.21484375 0.04375 0.08828125
25 0.346875 0.228125 0.0734375 0.05859375
36 0.3796875 0.11640625 0.0828125 0.04609375
21 0.409375 0.20390625 0.0390625 0.10859375
32 0.44609375 0.2296875 0.02734375 0.05625
25 0.4828125 0.228125 0.03828125 0.06484375
35 0.51953125 0.2 0.03046875 0.06484375
21 0.5515625 0.20546875 0.0265625 0.0734375
26 0.596875 0.24140625 0.0578125 0.040625
25 0.709375 0.14375 0.075 0.04453125
25 0.6546875 0.2140625 0.0546875 0.096875
25 0.7375 0.23828125 0.0875 0.05078125
14 0.790625 0.159375 0.04921875 0.07578125
8 0.8828125 0.20234375 0.06328125 0.09140625
2 0.91171875 0.25703125 0.090625 0.0140625
9 0.9140625 0.42421875 0.04921875 0.06953125
2 0.87421875 0.4171875 0.02421875 0.08515625
26 0.82265625 0.42109375 0.04296875 0.08828125
18 0.7734375 0.4296875 0.05078125 0.07265625
25 0.721875 0.41640625 0.0484375 0.1015625
21 0.6796875 0.4171875 0.02578125 0.096875
26 0.62890625 0.39921875 0.04609375 0.04765625
25 0.56171875 0.44375 0.0796875 0.0484375
25 0.490625 0.41796875 0.04765625 0.09375
19 0.409375 0.44296875 0.05625 0.06640625
13 0.4078125 0.38359375 0.053125 0.04609375
33 0.34921875 0.42421875 0.03203125 0.1
14 0.3125 0.428125 0.0359375 0.0671875
29 0.24453125 0.42265625 0.0546875 0.078125
36 0.1984375 0.38515625 0.03359375 0.05078125
25 0.1875 0.43984375 0.046875 0.053125
29 0.1359375 0.40078125 0.04453125 0.07109375
29 0.09296875 0.39140625 0.03671875 0.0578125
36 0.084375 0.44765625 0.05390625 0.04609375
21 0.0796875 0.603125 0.0359375 0.09140625
18 0.11875 0.565625 0.03828125 0.0640625
6 0.12890625 0.6234375 0.04765625 0.0453125
11 0.16953125 0.546875 0.0546875 0.03671875
4 0.2078125 0.63984375 0.07265625 0.03671875
16 0.27890625 0.5984375 0.0515625 0.03046875
11 0.23828125 0.59140625 0.021875 0.05546875
25 0.31484375 0.56015625 0.03671875 0.04140625
16 0.35859375 0.596875 0.025 0.04140625
25 0.3953125 0.590625 0.04375 0.0296875
25 0.39375 0.63671875 0.0375 0.05625
20 0.43203125 0.61953125 0.02578125 0.09375
20 0.465625 0.6140625 0.03203125 0.09140625
1 0.51328125 0.63984375 0.0515625 0.040625
25 0.51640625 0.59375 0.05703125 0.03671875
20 0.56484375 0.590625 0.03359375 0.07890625
3 0.61796875 0.64453125 0.13984375 0.02265625
18 0.759375 0.6203125 0.059375 0.065625
9 0.85234375 0.5890625 0.1015625 0.04453125
3 0.9125 0.63671875 0.0265625 0.04609375
24 0.93046875 0.825 0.0671875 0.09453125
5 0.8828125 0.81015625 0.02265625 0.09921875
25 0.83046875 0.82421875 0.025 0.153125
5 0.8046875 0.77890625 0.02109375 0.09765625
30 0.753125 0.8046875 0.0234375 0.1296875
25 0.7015625 0.8359375 0.07109375 0.0796875
12 0.67890625 0.75390625 0.03046875 0.07734375
25 0.64609375 0.75703125 0.03125 0.04609375
25 0.61875 0.82578125 0.071875 0.0828125
20 0.6109375 0.75 0.02890625 0.0640625
12 0.56171875 0.80546875 0.0296875 0.0984375
21 0.5125 0.775 0.0265625 0.09609375
21 0.478125 0.80703125 0.0375 0.09375
21 0.41796875 0.809375 0.02890625 0.0953125
28 0.38359375 0.79453125 0.03125 0.14296875
25 0.3109375 0.8109375 0.03984375 0.1015625
25 0.340625 0.72890625 0.04921875 0.05234375
25 0.2578125 0.81796875 0.0375 0.05234375
22 0.253125 0.7453125 0.03828125 0.0828125
18 0.21171875 0.81328125 0.040625 0.07578125
18 0.16484375 0.7890625 0.0453125 0.07578125
20 0.13203125 0.76328125 0.0125 0.08203125
7 0.0921875 0.828125 0.06953125 0.0421875
36 0.09609375 0.728125 0.046875 0.065625