34 0.0875 0.23515625 0.04609375 0.08984375
34 0.23828125 0.23046875 0.04140625 0.0890625
28 0.196875 0.23359375 0.0390625 0.0890625
29 0.13515625 0.1953125 0.03046875 0.05078125
13 0.30625 0.22421875 0.053125 0.06640625
25 0.3078125 0.27734375 0.09140625 0.0359375
34 0.26875 0.2234375 0.01796875 0.0734375
35 0.3671875 0.23125 0.04453125 0.059375
35 0.4109375 0.23203125 0.03671875 0.04921875
36 0.37578125 0.15703125 0.0625 0.0296875
32 0.4078125 0.27890625 0.09375 0.03046875
25 0.50625 0.246875 0.05078125 0.071875
28 0.5703125 0.20703125 0.04453125 0.07421875
28 0.62109375 0.2203125 0.04140625 0.07421875
36 0.44765625 0.13828125 0.06640625 0.0328125
28 0.72109375 0.2109375 0.0390625 0.04375
8 0.9046875 0.23046875 0.0546875 0.1046875
8 0.8484375 0.27421875 0.0515625 0.040625
14 0.81171875 0.178125 0.03515625 0.0609375
8 0.7703125 0.228125 0.0546875 0.0375
28 0.75234375 0.26953125 0.09453125 0.03671875
28 0.85390625 0.22421875 0.03203125 0.053125
25 0.66171875 0.23671875 0.03046875 0.10390625
28 0.6875 0.209375 0.0171875 0.05078125
26 0.60703125 0.27578125 0.0671875 0.0359375
25 0.7234375 0.16171875 0.0828125 0.04609375
35 0.45234375 0.23359375 0.0375 0.05546875
28 0.465625 0.1765625 0.04921875 0.02578125
29 0.153125 0.40234375 0.03515625 0.06953125
29 0.11484375 0.39375 0.03046875 0.06015625
36 0.10546875 0.44296875 0.06015625 0.034375
25 0.1984375 0.43359375 0.04453125 0.0640625
36 0.2140625 0.378125 0.03671875 0.04296875
29 0.25625 0.42109375 0.04375 0.06484375
14 0.3203125 0.42421875 0.02890625 0.06328125
33 0.34921875 0.428125 0.02265625 0.08359375
13 0.30703125 0.37890625 0.0453125 0.02265625
13 0.371875 0.409375 0.01875 0.0671875
13 0.4125 0.4078125 0.028125 0.05703125
13 0.446875 0.40390625 0.03125 0.059375
13 0.39140625 0.39765625 0.01171875 0.05859375
25 0.48984375 0.4234375 0.046875 0.08671875
25 0.575 0.44921875 0.10625 0.040625
21 0.66015625 0.43359375 0.0375 0.0921875
26 0.76171875 0.35390625 0.0484375 0.04140625
21 0.8671875 0.41875 0.03828125 0.08203125
25 0.82421875 0.42109375 0.0328125 0.059375
2 0.9140625 0.428125 0.03046875 0.0703125
25 0.81640625 0.55625 0.09765625 0.0390625
2 0.84765625 0.60078125 0.103125 0.025
18 0.73984375 0.57734375 0.04609375 0.0703125
20 0.55 0.56484375 0.0296875 0.075
3 0.59921875 0.6140625 0.13359375 0.021875
1 0.503125 0.60546875 0.04765625 0.0453125
20 0.459375 0.58671875 0.0328125 0.075
20 0.4125 0.60234375 0.0578125 0.0390625
25 0.3359375 0.5359375 0.0296875 0.046875
25 0.40390625 0.540625 0.03359375 0.0453125
16 0.30546875 0.57578125 0.059375 0.0296875
4 0.23046875 0.61484375 0.06640625 0.04140625
11 0.1875 0.52265625 0.05234375 0.0234375
6 0.1515625 0.59296875 0.0421875 0.0546875
21 0.10546875 0.578125 0.03984375 0.08515625
11 0.24375 0.56640625 0.0328125 0.0453125
20 0.3640625 0.60859375 0.0375 0.04296875
24 0.87578125 0.74453125 0.05390625 0.07734375
5 0.8328125 0.7359375 0.02890625 0.07421875
5 0.7609375 0.709375 0.02421875 0.0765625
30 0.7125 0.7328125 0.0265625 0.09609375
30 0.67734375 0.6984375 0.01953125 0.08046875
12 0.64296875 0.69453125 0.028125 0.06328125
28 0.66484375 0.76484375 0.06171875 0.04765625
12 0.57578125 0.70703125 0.02734375 0.07265625
20 0.55078125 0.70703125 0.02421875 0.0734375
21 0.49765625 0.71796875 0.03203125 0.0640625
21 0.4640625 0.73515625 0.03125 0.0703125
23 0.4046875 0.72890625 0.03515625 0.053125
17 0.3328125 0.75546875 0.04296875 0.09140625
25 0.28671875 0.76953125 0.03828125 0.05546875
18 0.24296875 0.778125 0.04453125 0.0546875
19 0.24296875 0.7171875 0.0484375 0.0609375
18 0.196875 0.75 0.04296875 0.06875
25 0.1296875 0.76953125 0.07890625 0.065625
36 0.128125 0.68984375 0.0515625 0.05625
20 0.17421875 0.69609375 0.03046875 0.03203125
26 0.56484375 0.4109375 0.04375 0.02890625
26 0.56484375 0.37890625 0.04296875 0.02890625
26 0.61875 0.39921875 0.0390625 0.05625