34 0.11484375 0.2078125 0.03828125 0.0796875
34 0.15390625 0.20625 0.034375 0.0828125
34 0.1984375 0.20625 0.04296875 0.09609375
34 0.24296875 0.21640625 0.021875 0.06953125
34 0.2765625 0.21484375 0.040625 0.0796875
34 0.3109375 0.21953125 0.0234375 0.07578125
35 0.3484375 0.21640625 0.04375 0.06953125
35 0.403125 0.2234375 0.0484375 0.0671875
35 0.47265625 0.2015625 0.04296875 0.075
35 0.43828125 0.209375 0.01953125 0.04453125
28 0.53671875 0.2125 0.046875 0.05234375
28 0.5921875 0.203125 0.04765625 0.06484375
28 0.65234375 0.20859375 0.0390625 0.053125
28 0.684375 0.2109375 0.01640625 0.05234375
34 0.72109375 0.209375 0.04296875 0.059375
28 0.76484375 0.2125 0.03984375 0.0515625
8 0.8265625 0.2140625 0.0625 0.05078125
8 0.87421875 0.20390625 0.028125 0.06328125
9 0.8359375 0.41328125 0.05 0.06171875
10 0.77890625 0.42421875 0.05703125 0.04921875
24 0.715625 0.425 0.05859375 0.04765625
27 0.59765625 0.41953125 0.05546875 0.05703125
26 0.5359375 0.41953125 0.0453125 0.06015625
26 0.48515625 0.41484375 0.0421875 0.0671875
14 0.44453125 0.42265625 0.028125 0.053125
13 0.3828125 0.40859375 0.04453125 0.078125
13 0.33046875 0.41875 0.046875 0.06875
36 0.27265625 0.41875 0.0421875 0.0734375
36 0.21875 0.409375 0.04765625 0.08203125
29 0.175 0.41875 0.03828125 0.06484375
29 0.11015625 0.421875 0.04921875 0.0734375
7 0.121875 0.60390625 0.03671875 0.0578125
7 0.1578125 0.60703125 0.028125 0.06484375
6 0.20234375 0.62265625 0.04453125 0.0859375
11 0.259375 0.62109375 0.04375 0.06015625
11 0.31171875 0.6203125 0.046875 0.05859375
32 0.3671875 0.63125 0.04296875 0.07109375
16 0.415625 0.63515625 0.0390625 0.05546875
17 0.4671875 0.6328125 0.05 0.0453125
4 0.5125 0.63671875 0.03515625 0.04765625
31 0.55703125 0.63359375 0.04140625 0.05
1 0.60234375 0.63515625 0.04375 0.046875
1 0.653125 0.6359375 0.03984375 0.04921875
0 0.6984375 0.63046875 0.03046875 0.040625
3 0.72734375 0.628125 0.0234375 0.053125
3 0.7515625 0.63046875 0.021875 0.05234375
3 0.77421875 0.62890625 0.02109375 0.05078125
3 0.79609375 0.63046875 0.01796875 0.05625
2 0.825 0.6328125 0.02265625 0.04765625
2 0.84921875 0.63359375 0.01875 0.04609375
2 0.875 0.6359375 0.0234375 0.04609375
2 0.9 0.628125 0.0203125 0.05078125
2 0.928125 0.6328125 0.02109375 0.05625
33 0.853125 0.82421875 0.0296875 0.1046875
5 0.77265625 0.82109375 0.028125 0.1109375
30 0.721875 0.79609375 0.028125 0.13828125
12 0.61875 0.8140625 0.0375 0.109375
20 0.5640625 0.82109375 0.034375 0.0953125
20 0.53046875 0.821875 0.0296875 0.09609375
21 0.490625 0.8046875 0.03671875 0.103125
21 0.45390625 0.80625 0.03203125 0.09609375
23 0.39453125 0.828125 0.04375 0.08671875
22 0.340625 0.8328125 0.04375 0.08359375
19 0.2953125 0.8265625 0.04375 0.0875
18 0.246875 0.82421875 0.04375 0.096875
18 0.20078125 0.825 0.0421875 0.09453125
18 0.15390625 0.82578125 0.04140625 0.0984375
18 0.1046875 0.828125 0.0484375 0.0875