34 0.09765625 0.14140625 0.04140625 0.0875
34 0.13828125 0.13828125 0.03046875 0.0859375
34 0.21640625 0.13125 0.03203125 0.06953125
34 0.2515625 0.1296875 0.03203125 0.071875
34 0.23828125 0.18828125 0.0828125 0.03671875
25 0.178125 0.14609375 0.03203125 0.0921875
35 0.30078125 0.165625 0.03203125 0.06640625
35 0.33828125 0.1484375 0.0328125 0.059375
35 0.39765625 0.15 0.040625 0.0453125
28 0.446875 0.14140625 0.040625 0.04453125
28 0.440625 0.18828125 0.046875 0.0390625
28 0.53046875 0.14375 0.04375 0.0390625
28 0.57734375 0.146875 0.0421875 0.0296875
28 0.628125 0.16875 0.040625 0.06875
28 0.5515625 0.18671875 0.046875 0.0390625
8 0.6765625 0.1421875 0.05 0.0640625
8 0.759375 0.17890625 0.078125 0.03671875
9 0.74375 0.28046875 0.04765625 0.06171875
9 0.69609375 0.27890625 0.04375 0.06015625
9 0.7421875 0.32734375 0.0890625 0.03046875
10 0.653125 0.31015625 0.03671875 0.04140625
24 0.6328125 0.353125 0.0671875 0.0421875
17 0.5546875 0.3484375 0.0484375 0.04375
27 0.49609375 0.3421875 0.04296875 0.04296875
26 0.46875 0.2890625 0.034375 0.0578125
26 0.4234375 0.2828125 0.03515625 0.0421875
26 0.44140625 0.33671875 0.0421875 0.03203125
14 0.3734375 0.2953125 0.03359375 0.0515625
13 0.27890625 0.30859375 0.03359375 0.05546875
25 0.2234375 0.328125 0.04921875 0.05078125
36 0.23203125 0.278125 0.03671875 0.0421875
36 0.18671875 0.28046875 0.03671875 0.04140625
29 0.1484375 0.28984375 0.0328125 0.0578125
29 0.1078125 0.3 0.034375 0.05703125
29 0.11953125 0.3578125 0.07578125 0.034375
3 0.75234375 0.46875 0.09609375 0.04453125
2 0.62734375 0.46015625 0.0390625 0.05703125
0 0.5890625 0.5140625 0.06328125 0.03125
1 0.49296875 0.51953125 0.0796875 0.03828125
1 0.49453125 0.47890625 0.05078125 0.03984375
31 0.43671875 0.51015625 0.03125 0.05546875
4 0.40625 0.478125 0.028125 0.0359375
25 0.35078125 0.4921875 0.04609375 0.05546875
11 0.24921875 0.47109375 0.04609375 0.03984375
7 0.12421875 0.45234375 0.02578125 0.05078125
7 0.09609375 0.5109375 0.04453125 0.05078125
18 0.1234375 0.6609375 0.04296875 0.08046875
18 0.17109375 0.66484375 0.03984375 0.09140625
19 0.23125 0.6703125 0.04609375 0.0828125
19 0.23125 0.59296875 0.03515625 0.04765625
17 0.275 0.64375 0.0359375 0.08046875
21 0.34296875 0.659375 0.0375 0.10078125
20 0.4203125 0.67109375 0.03828125 0.09375
20 0.45546875 0.6578125 0.03046875 0.08828125
12 0.5140625 0.64140625 0.03359375 0.09296875
5 0.61796875 0.64453125 0.025 0.09140625
33 0.6890625 0.65546875 0.0265625 0.09453125
25 0.18515625 0.5265625 0.0453125 0.053125