34 0.06875 0.15390625 0.04765625 0.1109375
34 0.1171875 0.16171875 0.03515625 0.0984375
34 0.1609375 0.1578125 0.04140625 0.109375
34 0.2125 0.16640625 0.03984375 0.08984375
34 0.2609375 0.17109375 0.04609375 0.0765625
35 0.3140625 0.18203125 0.04296875 0.06328125
35 0.36328125 0.1765625 0.046875 0.075
35 0.4171875 0.18203125 0.0390625 0.06953125
35 0.48046875 0.15703125 0.05078125 0.08046875
28 0.55234375 0.171875 0.046875 0.0609375
28 0.6078125 0.1625 0.05 0.08359375
28 0.71015625 0.16953125 0.04765625 0.0671875
28 0.77578125 0.1734375 0.04453125 0.06640625
8 0.83671875 0.1578125 0.06171875 0.09453125
8 0.90703125 0.153125 0.06875 0.10859375
9 0.8984375 0.37578125 0.05078125 0.075
9 0.84375 0.38828125 0.05078125 0.05234375
9 0.8375 0.34140625 0.04765625 0.03671875
10 0.7875 0.38125 0.0453125 0.06328125
24 0.73125 0.3890625 0.05859375 0.04296875
15 0.67109375 0.384375 0.0546875 0.053125
27 0.61640625 0.38125 0.05 0.05078125
26 0.55625 0.37578125 0.059375 0.06640625
26 0.49609375 0.3734375 0.0546875 0.075
14 0.45390625 0.36875 0.0265625 0.08125
14 0.40546875 0.38671875 0.040625 0.08125
13 0.3546875 0.37890625 0.05390625 0.1046875
13 0.29296875 0.38046875 0.04765625 0.1
36 0.23828125 0.384375 0.0484375 0.09765625
36 0.18203125 0.378125 0.05234375 0.10703125
29 0.1328125 0.390625 0.0421875 0.0796875
29 0.0796875 0.38671875 0.05546875 0.08515625
7 0.06796875 0.58359375 0.04609375 0.06796875
7 0.1140625 0.58671875 0.0375 0.075
6 0.16171875 0.58984375 0.0421875 0.08359375
11 0.2109375 0.60234375 0.04609375 0.06328125
11 0.26875 0.58984375 0.04765625 0.06484375
32 0.3203125 0.5984375 0.0421875 0.07109375
16 0.38046875 0.61875 0.040625 0.05390625
17 0.42109375 0.5984375 0.0328125 0.05703125
17 0.490625 0.5734375 0.04609375 0.05
4 0.5328125 0.5890625 0.03671875 0.0515625
31 0.5765625 0.5796875 0.02890625 0.0375
1 0.6140625 0.60234375 0.04296875 0.046875
1 0.67421875 0.575 0.04296875 0.0359375
1 0.6234375 0.56328125 0.0453125 0.02734375
0 0.7125 0.5890625 0.0296875 0.0296875
3 0.74140625 0.58125 0.01875 0.065625
3 0.7625 0.58515625 0.01796875 0.0625
3 0.78359375 0.5859375 0.01953125 0.065625
2 0.83515625 0.5875 0.021875 0.06484375
2 0.859375 0.58671875 0.0203125 0.0640625
2 0.8828125 0.58828125 0.02109375 0.06484375
2 0.91171875 0.5859375 0.03046875 0.0609375
2 0.89375 0.8078125 0.0359375 0.10859375
33 0.859375 0.78125 0.025 0.1015625
5 0.7796875 0.78046875 0.02578125 0.10390625
3 0.753125 0.80078125 0.021875 0.1109375
30 0.72578125 0.75 0.0234375 0.13359375
0 0.68984375 0.784375 0.03203125 0.05
12 0.65 0.76171875 0.03359375 0.10546875
20 0.58203125 0.77421875 0.0328125 0.09765625
20 0.55 0.771875 0.0265625 0.096875
31 0.4828125 0.6953125 0.059375 0.03828125
21 0.49609375 0.7625 0.03515625 0.08671875
21 0.46015625 0.76015625 0.0328125 0.0890625
21 0.4140625 0.7984375 0.03671875 0.10234375
31 0.41640625 0.725 0.0453125 0.0375
23 0.36171875 0.81015625 0.04765625 0.0984375
22 0.3125 0.81953125 0.046875 0.08984375
17 0.30546875 0.74765625 0.05703125 0.0375
19 0.2625 0.8140625 0.04609375 0.08984375
32 0.20625 0.77421875 0.04921875 0.08203125
18 0.21171875 0.84140625 0.05 0.04921875
6 0.15390625 0.759375 0.046875 0.0796875
11 0.10078125 0.75234375 0.0453125 0.06328125
18 0.10390625 0.82890625 0.04609375 0.07421875
18 0.053125 0.81953125 0.0484375 0.096875