34 0.1171875 0.18125 0.040625 0.09296875
34 0.1609375 0.184375 0.0390625 0.09296875
25 0.20390625 0.1859375 0.03984375 0.0921875
34 0.24453125 0.16953125 0.03203125 0.0609375
34 0.26640625 0.2203125 0.075 0.03515625
34 0.28359375 0.1703125 0.03984375 0.0609375
35 0.32265625 0.1875 0.02890625 0.0890625
35 0.36171875 0.1921875 0.02890625 0.08515625
35 0.38984375 0.19375 0.02109375 0.07890625
35 0.41953125 0.1953125 0.03046875 0.0765625
35 0.4546875 0.22109375 0.0328125 0.04140625
35 0.46796875 0.1734375 0.040625 0.0484375
28 0.5203125 0.21484375 0.04765625 0.059375
28 0.55703125 0.17890625 0.021875 0.04296875
28 0.61484375 0.2078125 0.04765625 0.06796875
28 0.6546875 0.2 0.02578125 0.07578125
28 0.69375 0.2 0.04453125 0.0796875
8 0.74921875 0.171875 0.05078125 0.07578125
8 0.79921875 0.16796875 0.04140625 0.053125
8 0.8421875 0.20625 0.08359375 0.01875
25 0.7953125 0.22734375 0.12265625 0.0203125
25 0.84296875 0.38984375 0.1203125 0.02734375
9 0.81015625 0.33359375 0.04375 0.07421875
9 0.7671875 0.3359375 0.0375 0.06328125
10 0.7203125 0.35625 0.04609375 0.03046875
24 0.6671875 0.359375 0.0546875 0.025
27 0.58125 0.38984375 0.07109375 0.0328125
25 0.52109375 0.3546875 0.040625 0.06171875
26 0.478125 0.33984375 0.0390625 0.06640625
25 0.4296875 0.35703125 0.03515625 0.06015625
13 0.38671875 0.35234375 0.04296875 0.0671875
13 0.3078125 0.3375 0.03671875 0.05234375
36 0.24609375 0.39140625 0.08515625 0.02734375
25 0.25625 0.35 0.04375 0.04453125
36 0.21328125 0.33125 0.03515625 0.07265625
29 0.16875 0.32265625 0.0390625 0.06796875
29 0.12421875 0.3296875 0.040625 0.05859375
29 0.13984375 0.38359375 0.08671875 0.0375
25 0.128125 0.5390625 0.075 0.0296875
7 0.14296875 0.48828125 0.040625 0.0546875
6 0.2 0.49765625 0.03828125 0.0546875
6 0.2 0.4515625 0.0359375 0.0328125
25 0.19765625 0.55 0.046875 0.04375
11 0.25703125 0.525 0.03515625 0.04140625
11 0.29296875 0.5484375 0.03359375 0.0390625
11 0.29453125 0.49140625 0.0359375 0.0390625
11 0.34453125 0.48828125 0.0234375 0.040625
16 0.4015625 0.50390625 0.03046875 0.0375
17 0.440625 0.49453125 0.03828125 0.04140625
25 0.48671875 0.55 0.0328125 0.040625
31 0.5140625 0.50078125 0.02734375 0.0359375
1 0.590625 0.55859375 0.07578125 0.03125
1 0.5734375 0.52578125 0.04765625 0.0265625
0 0.6765625 0.5515625 0.059375 0.0265625
2 0.71953125 0.50703125 0.0828125 0.04609375
3 0.8421875 0.5234375 0.1296875 0.06875
33 0.7921875 0.7140625 0.07734375 0.03671875
5 0.696875 0.68046875 0.02734375 0.08671875
30 0.64609375 0.67421875 0.02421875 0.1125
12 0.59921875 0.67734375 0.03359375 0.0875
20 0.53984375 0.6953125 0.0265625 0.065625
20 0.51328125 0.65859375 0.025 0.0765625
21 0.45546875 0.67265625 0.0203125 0.0875
21 0.4296875 0.675 0.02890625 0.084375
23 0.37734375 0.7078125 0.04765625 0.0796875
22 0.33671875 0.6703125 0.028125 0.07421875
23 0.37421875 0.62734375 0.03671875 0.053125
19 0.25078125 0.69296875 0.0515625 0.0765625
19 0.25625 0.62578125 0.0375 0.0515625
18 0.18203125 0.6453125 0.0375 0.0703125
18 0.13671875 0.61953125 0.0390625 0.0359375
18 0.1015625 0.6828125 0.0484375 0.084375