34 0.078125 0.23125 0.05078125 0.1171875
34 0.1265625 0.24140625 0.03984375 0.1015625
34 0.171875 0.23671875 0.0453125 0.1015625
34 0.2265625 0.24140625 0.04375 0.096875
34 0.2796875 0.246875 0.04765625 0.07421875
35 0.33125 0.25703125 0.0453125 0.06484375
35 0.3828125 0.25390625 0.0515625 0.04609375
35 0.4375 0.2609375 0.03828125 0.05234375
35 0.4828125 0.25625 0.04453125 0.071875
28 0.55625 0.259375 0.0484375 0.06953125
28 0.61484375 0.2546875 0.05234375 0.0765625
28 0.71875 0.2640625 0.04140625 0.06171875
28 0.79375 0.26171875 0.04296875 0.06328125
8 0.86171875 0.25390625 0.0609375 0.07578125
8 0.93671875 0.2484375 0.0609375 0.08828125
28 0.67578125 0.26875 0.03984375 0.0546875
9 0.90703125 0.4453125 0.0546875 0.0625
9 0.84765625 0.45 0.05703125 0.06015625
24 0.73203125 0.4546875 0.0609375 0.046875
26 0.55703125 0.453125 0.04765625 0.0546875
26 0.50078125 0.45078125 0.04609375 0.06171875
14 0.44140625 0.4484375 0.0375 0.0609375
13 0.378125 0.44609375 0.0484375 0.078125
13 0.3171875 0.45234375 0.04296875 0.078125
36 0.259375 0.45625 0.0484375 0.07734375
36 0.21015625 0.446875 0.0421875 0.06796875
29 0.159375 0.45390625 0.0375 0.0578125
29 0.10390625 0.453125 0.04375 0.0640625
29 0.11484375 0.628125 0.0453125 0.06796875
7 0.1609375 0.6265625 0.034375 0.05546875
6 0.2015625 0.63671875 0.0390625 0.05234375
10 0.246875 0.6375 0.046875 0.05625
10 0.29765625 0.62890625 0.0421875 0.078125
32 0.35390625 0.6390625 0.03671875 0.06953125
32 0.3890625 0.6234375 0.03125 0.03359375
17 0.46484375 0.6515625 0.0421875 0.04140625
17 0.49921875 0.6046875 0.046875 0.03125
4 0.5171875 0.65078125 0.04921875 0.03203125
16 0.5640625 0.64765625 0.040625 0.040625
0 0.61015625 0.64453125 0.04453125 0.04296875
1 0.6578125 0.6484375 0.0453125 0.0421875
1 0.70546875 0.64296875 0.04765625 0.040625
3 0.8078125 0.6328125 0.02578125 0.0578125
3 0.78359375 0.63203125 0.01875 0.0609375
3 0.7625 0.62890625 0.02109375 0.05625
3 0.74140625 0.62734375 0.01953125 0.05625
2 0.834375 0.63515625 0.02421875 0.05703125
2 0.86015625 0.63828125 0.0234375 0.0640625
2 0.88515625 0.63515625 0.0234375 0.06015625
2 0.909375 0.634375 0.01953125 0.05703125
2 0.9328125 0.634375 0.025 0.05234375
5 0.9046875 0.78984375 0.02421875 0.0890625
5 0.87578125 0.78828125 0.0234375 0.08359375
12 0.80625 0.7859375 0.03359375 0.084375
33 0.7375 0.796875 0.02578125 0.08046875
33 0.7109375 0.7859375 0.02265625 0.08203125
30 0.63515625 0.77421875 0.02265625 0.11171875
19 0.5640625 0.803125 0.05703125 0.078125
20 0.4859375 0.80078125 0.0328125 0.08515625
20 0.45078125 0.8015625 0.03046875 0.0828125
23 0.41015625 0.7734375 0.040625 0.0734375
23 0.33515625 0.7953125 0.040625 0.075
19 0.2953125 0.80390625 0.03671875 0.04296875
11 0.2796875 0.75546875 0.03984375 0.03515625
18 0.253125 0.80390625 0.0390625 0.0421875
18 0.2125 0.79609375 0.0390625 0.06328125
6 0.18671875 0.74765625 0.0375 0.0265625
19 0.1265625 0.7953125 0.0375 0.06796875
19 0.16875 0.80703125 0.0390625 0.04609375
31 0.40625 0.65859375 0.05625 0.0328125
27 0.615625 0.45078125 0.0578125 0.05546875