34 0.084375 0.14375 0.03046875 0.07578125
34 0.11796875 0.14609375 0.03125 0.08203125
34 0.14921875 0.15234375 0.02578125 0.06328125
25 0.18046875 0.08828125 0.08828125 0.034375
25 0.203125 0.14765625 0.05078125 0.07578125
29 0.271875 0.153125 0.0546875 0.07265625
35 0.36015625 0.17421875 0.103125 0.0265625
35 0.3296875 0.13359375 0.040625 0.04921875
35 0.37421875 0.14140625 0.03984375 0.034375
35 0.428125 0.1578125 0.02734375 0.06171875
35 0.45859375 0.15859375 0.0265625 0.0578125
22 0.50078125 0.15859375 0.0484375 0.0609375
28 0.565625 0.15390625 0.04609375 0.06484375
12 0.60859375 0.15 0.02890625 0.0796875
28 0.653125 0.1609375 0.04453125 0.05625
28 0.7015625 0.1578125 0.04140625 0.0625
28 0.7546875 0.159375 0.0453125 0.059375
8 0.81328125 0.1421875 0.05859375 0.0921875
25 0.8921875 0.14375 0.0625 0.0875
9 0.88203125 0.32578125 0.04296875 0.06171875
30 0.85 0.30546875 0.01640625 0.1078125
13 0.825 0.31796875 0.02734375 0.08125
25 0.76640625 0.3390625 0.04765625 0.0375
10 0.7171875 0.33984375 0.04375 0.0375
25 0.66796875 0.32421875 0.04921875 0.034375
25 0.60234375 0.33828125 0.04453125 0.05859375
26 0.5546875 0.328125 0.04375 0.0625
26 0.5 0.328125 0.04765625 0.065625
14 0.45625 0.33125 0.03046875 0.05546875
21 0.42890625 0.32109375 0.02265625 0.08203125
7 0.36640625 0.33046875 0.04921875 0.06171875
25 0.30546875 0.32265625 0.05859375 0.07421875
25 0.2265625 0.33203125 0.05859375 0.05234375
36 0.22109375 0.28671875 0.046875 0.03515625
29 0.159375 0.29609375 0.0484375 0.0453125
34 0.1296875 0.33984375 0.10546875 0.0390625
29 0.10234375 0.29765625 0.0546875 0.0421875
6 0.084375 0.4546875 0.07890625 0.025
18 0.078125 0.5 0.0625 0.06015625
11 0.1375 0.5078125 0.0453125 0.0515625
7 0.16953125 0.45234375 0.0359375 0.0421875
6 0.2078125 0.47265625 0.0359375 0.0484375
28 0.2125 0.51328125 0.08984375 0.028125
6 0.296875 0.46875 0.0453125 0.04921875
32 0.34375 0.51015625 0.03984375 0.04375
16 0.43671875 0.49453125 0.0328125 0.025
17 0.4734375 0.51171875 0.0359375 0.03828125
4 0.5125 0.51328125 0.0234375 0.03515625
20 0.54453125 0.5109375 0.0328125 0.046875
25 0.5921875 0.50625 0.04296875 0.0359375
1 0.63984375 0.51015625 0.040625 0.0359375
21 0.678125 0.45546875 0.01875 0.0640625
0 0.68359375 0.5109375 0.028125 0.0265625
2 0.71171875 0.50625 0.01953125 0.0421875
2 0.74140625 0.49609375 0.03359375 0.025
3 0.8640625 0.5046875 0.07421875 0.0484375
2 0.82734375 0.70859375 0.04609375 0.03671875
3 0.84921875 0.66171875 0.03515625 0.0453125
33 0.80078125 0.646875 0.02421875 0.0828125
28 0.74375 0.66953125 0.05234375 0.1109375
30 0.7 0.63359375 0.0234375 0.109375
12 0.65390625 0.64140625 0.02890625 0.0859375
20 0.575 0.65078125 0.02890625 0.0828125
20 0.5453125 0.6359375 0.02578125 0.0578125
25 0.5359375 0.7015625 0.02734375 0.06953125
21 0.50859375 0.64609375 0.0234375 0.08671875
21 0.47421875 0.65546875 0.02109375 0.08984375
23 0.4203125 0.684375 0.04921875 0.06640625
22 0.34921875 0.634375 0.0453125 0.07265625
34 0.26875 0.6015625 0.08359375 0.03671875
19 0.3015625 0.6515625 0.04453125 0.0484375
18 0.25703125 0.65 0.0375 0.04765625
18 0.19921875 0.6859375 0.05 0.05625
18 0.15859375 0.6421875 0.02734375 0.0609375
18 0.1109375 0.67578125 0.05859375 0.05625
19 0.11171875 0.6078125 0.06171875 0.075