34 0.06484375 0.209375 0.0484375 0.1671875
34 0.11875 0.21015625 0.0421875 0.1734375
34 0.16875 0.2140625 0.05390625 0.16796875
34 0.22421875 0.21796875 0.04765625 0.16640625
34 0.27578125 0.228125 0.04375 0.15234375
35 0.32578125 0.23125 0.04921875 0.15390625
35 0.378125 0.234375 0.046875 0.16171875
35 0.43046875 0.23671875 0.05078125 0.153125
35 0.4859375 0.2421875 0.053125 0.1453125
28 0.5453125 0.23671875 0.05234375 0.1578125
28 0.603125 0.23203125 0.05625 0.15859375
28 0.65859375 0.240625 0.04921875 0.1484375
28 0.7140625 0.2296875 0.05234375 0.15390625
28 0.77265625 0.23125 0.05546875 0.16171875
8 0.85234375 0.2328125 0.0765625 0.15234375
8 0.92890625 0.22734375 0.065625 0.16171875
29 0.10625 0.48125 0.04765625 0.11015625
29 0.16328125 0.47578125 0.04375 0.1
36 0.21796875 0.48359375 0.05078125 0.128125
36 0.27265625 0.4921875 0.05 0.12109375
13 0.33125 0.490625 0.04765625 0.11328125
13 0.3859375 0.4890625 0.053125 0.115625
14 0.440625 0.4984375 0.040625 0.1015625
26 0.48984375 0.496875 0.0515625 0.10390625
26 0.54921875 0.5015625 0.0546875 0.1078125
27 0.60859375 0.50703125 0.0546875 0.09453125
15 0.66875 0.5171875 0.05703125 0.08359375
24 0.72890625 0.48984375 0.053125 0.08671875
10 0.78828125 0.5109375 0.05625 0.09296875
9 0.8484375 0.4953125 0.05390625 0.1203125
9 0.91015625 0.49375 0.065625 0.12890625
7 0.13984375 0.6953125 0.0390625 0.10625
7 0.18671875 0.675 0.04140625 0.08125
6 0.22890625 0.6953125 0.034375 0.090625
6 0.2421875 0.625 0.04375 0.05078125
11 0.27265625 0.703125 0.04296875 0.071875
11 0.3234375 0.70546875 0.03984375 0.07890625
32 0.36796875 0.69921875 0.03671875 0.09609375
16 0.41171875 0.70546875 0.03359375 0.07578125
17 0.45625 0.64609375 0.0453125 0.0484375
17 0.453125 0.71015625 0.04140625 0.0671875
4 0.4953125 0.71484375 0.0359375 0.06640625
31 0.53046875 0.7125 0.0296875 0.08125
1 0.57109375 0.7109375 0.0421875 0.07890625
1 0.6171875 0.71171875 0.03984375 0.07421875
0 0.65859375 0.71875 0.0296875 0.05390625
2 0.72890625 0.69140625 0.0984375 0.1109375
3 0.84296875 0.696875 0.11328125 0.1125
18 0.13984375 0.89453125 0.034375 0.09296875
18 0.18046875 0.89296875 0.03828125 0.084375
18 0.22109375 0.8921875 0.0375 0.08515625
18 0.2625 0.89375 0.03828125 0.084375
19 0.3046875 0.8921875 0.040625 0.08515625
22 0.346875 0.88984375 0.0375 0.084375
23 0.38828125 0.8875 0.0375 0.09296875
21 0.440625 0.88671875 0.03046875 0.0921875
21 0.47265625 0.88828125 0.0265625 0.09609375
20 0.51796875 0.88515625 0.02421875 0.0890625
20 0.5453125 0.884375 0.02421875 0.09296875
12 0.59609375 0.8828125 0.028125 0.09453125
30 0.65 0.8734375 0.021875 0.10625
5 0.6984375 0.88359375 0.0234375 0.096875
33 0.75546875 0.89140625 0.02578125 0.09140625