34 0.134375 0.19609375 0.034375 0.06640625
25 0.0921875 0.2015625 0.04296875 0.0609375
25 0.18046875 0.19140625 0.0484375 0.08125
25 0.175 0.1203125 0.096875 0.05625
34 0.2234375 0.19453125 0.02890625 0.05
34 0.28515625 0.20859375 0.02890625 0.05390625
35 0.328125 0.1875 0.04140625 0.04765625
35 0.46171875 0.2 0.0296875 0.07421875
35 0.4984375 0.19140625 0.0375 0.04609375
35 0.41796875 0.18046875 0.0375 0.03984375
13 0.371875 0.1734375 0.0359375 0.05703125
25 0.2546875 0.17890625 0.02421875 0.0984375
25 0.28828125 0.12890625 0.03671875 0.05859375
25 0.38203125 0.2203125 0.0578125 0.0296875
17 0.53671875 0.209375 0.03515625 0.0421875
28 0.5625 0.1640625 0.0453125 0.03515625
28 0.60234375 0.17265625 0.02890625 0.04453125
25 0.59140625 0.21875 0.046875 0.0359375
22 0.6453125 0.12890625 0.04921875 0.07109375
18 0.6453125 0.203125 0.05234375 0.07109375
28 0.696875 0.17890625 0.0421875 0.04453125
10 0.70078125 0.221875 0.05234375 0.02890625
8 0.74765625 0.16640625 0.04921875 0.06875
8 0.8140625 0.18984375 0.0515625 0.08984375
8 0.871875 0.1984375 0.034375 0.07734375
25 0.91875 0.1890625 0.04453125 0.09375
29 0.08046875 0.3890625 0.03828125 0.103125
29 0.14453125 0.38125 0.028125 0.07421875
5 0.1140625 0.39375 0.02421875 0.09921875
36 0.19609375 0.425 0.0640625 0.0421875
36 0.19296875 0.371875 0.05 0.05390625
36 0.25078125 0.4046875 0.03203125 0.06640625
32 0.2484375 0.34140625 0.0328125 0.046875
13 0.28984375 0.384375 0.03671875 0.065625
13 0.36015625 0.36328125 0.04375 0.03359375
25 0.32421875 0.3765625 0.02421875 0.0609375
14 0.40625 0.384375 0.03828125 0.0671875
25 0.35625 0.40546875 0.0328125 0.04296875
26 0.4609375 0.40703125 0.04375 0.03828125
26 0.48828125 0.36796875 0.046875 0.03515625
26 0.5453125 0.39375 0.04140625 0.04609375
26 0.6140625 0.340625 0.04375 0.03828125
27 0.609375 0.3859375 0.04296875 0.03984375
35 0.59921875 0.42578125 0.06875 0.03203125
15 0.66171875 0.40546875 0.0421875 0.03125
13 0.66171875 0.35703125 0.04140625 0.05390625
24 0.70859375 0.41796875 0.040625 0.03984375
9 0.81171875 0.359375 0.04453125 0.05625
9 0.8515625 0.36953125 0.0296875 0.0765625
25 0.8859375 0.371875 0.03515625 0.07890625
25 0.81171875 0.40546875 0.04453125 0.03125
6 0.140625 0.56796875 0.059375 0.04296875
29 0.21875 0.58515625 0.0359375 0.08984375
6 0.26015625 0.5484375 0.03515625 0.0296875
25 0.1140625 0.628125 0.040625 0.05625
25 0.06015625 0.5609375 0.05625 0.0328125
18 0.0515625 0.6203125 0.0625 0.06953125
9 0.2953125 0.5859375 0.028125 0.0921875
20 0.32890625 0.60078125 0.02890625 0.10625
21 0.3609375 0.56484375 0.02265625 0.0828125
16 0.37578125 0.62890625 0.05 0.034375
28 0.425 0.63984375 0.04140625 0.03671875
17 0.39921875 0.546875 0.040625 0.08046875
17 0.48203125 0.5421875 0.034375 0.084375
31 0.5390625 0.5796875 0.06328125 0.02578125
20 0.5265625 0.6234375 0.07578125 0.03671875
5 0.6 0.578125 0.02109375 0.0953125
36 0.64921875 0.5265625 0.03515625 0.059375
28 0.65859375 0.6125 0.0546875 0.0640625
25 0.7296875 0.6265625 0.03125 0.0328125
11 0.80703125 0.58125 0.053125 0.0296875
2 0.76328125 0.6 0.028125 0.08359375
28 0.8796875 0.5875 0.04609375 0.059375
3 0.84609375 0.603125 0.01875 0.0734375
18 0.0640625 0.74609375 0.05234375 0.0953125
19 0.1265625 0.775 0.04609375 0.065625
18 0.078125 0.82578125 0.04375 0.05546875
18 0.178125 0.83125 0.04453125 0.06328125
18 0.2390625 0.84765625 0.0484375 0.065625
18 0.2890625 0.821875 0.04453125 0.08203125
34 0.240625 0.76015625 0.04453125 0.09609375
21 0.328125 0.79921875 0.0265625 0.09765625
23 0.3921875 0.82109375 0.059375 0.08359375
23 0.371875 0.74921875 0.04765625 0.0515625
21 0.4203125 0.746875 0.01875 0.05859375
21 0.44765625 0.7875 0.02421875 0.09453125
21 0.49453125 0.759375 0.03046875 0.08125
21 0.4703125 0.76640625 0.01640625 0.065625
20 0.53515625 0.75234375 0.0265625 0.05234375
20 0.56328125 0.75390625 0.02421875 0.05546875
20 0.5453125 0.80703125 0.0609375 0.04375
30 0.596875 0.76171875 0.015625 0.1265625
30 0.64453125 0.75234375 0.0109375 0.1203125
12 0.62109375 0.7828125 0.02734375 0.1046875
25 0.6796875 0.825 0.03515625 0.0703125
28 0.7359375 0.7921875 0.059375 0.04921875
33 0.809375 0.79765625 0.01484375 0.1
12 0.83515625 0.81171875 0.03046875 0.11015625
3 0.86875 0.821875 0.028125 0.11328125
28 0.9109375 0.828125 0.03984375 0.0890625