34 0.05078125 0.18984375 0.0296875 0.0984375
34 0.08671875 0.18515625 0.0359375 0.10390625
34 0.1171875 0.1921875 0.01875 0.09140625
34 0.21484375 0.16796875 0.028125 0.06484375
12 0.1453125 0.1890625 0.03359375 0.103125
29 0.259375 0.19453125 0.05390625 0.1
35 0.31640625 0.16875 0.0515625 0.07734375
35 0.36328125 0.18125 0.03359375 0.0515625
35 0.334375 0.22578125 0.0875 0.0296875
35 0.3984375 0.17109375 0.0328125 0.0359375
28 0.525 0.18671875 0.05 0.103125
28 0.575 0.19296875 0.04765625 0.096875
28 0.6296875 0.19375 0.05390625 0.084375
28 0.6875 0.19453125 0.05390625 0.08671875
28 0.74921875 0.19765625 0.06328125 0.078125
8 0.82265625 0.17734375 0.075 0.115625
8 0.8828125 0.196875 0.03671875 0.084375
22 0.446875 0.19921875 0.0578125 0.07734375
25 0.18203125 0.18828125 0.0328125 0.10234375
25 0.14921875 0.1125 0.10234375 0.0421875
25 0.92578125 0.1859375 0.04453125 0.1125
9 0.90546875 0.3859375 0.05 0.0890625
30 0.86796875 0.3984375 0.01875 0.06171875
13 0.8375 0.39609375 0.034375 0.06875
9 0.8078125 0.37109375 0.0203125 0.06015625
25 0.76875 0.40703125 0.0546875 0.04609375
10 0.71171875 0.40625 0.0546875 0.05
15 0.63359375 0.4203125 0.05625 0.02890625
25 0.64609375 0.38671875 0.06171875 0.03359375
25 0.57734375 0.40703125 0.05 0.06875
26 0.5390625 0.328125 0.053125 0.0609375
26 0.52265625 0.3984375 0.0515625 0.0734375
26 0.4640625 0.3828125 0.06015625 0.08671875
14 0.4078125 0.396875 0.046875 0.0671875
7 0.34765625 0.40234375 0.05859375 0.07421875
13 0.3015625 0.36640625 0.03046875 0.053125
25 0.26796875 0.39765625 0.0328125 0.09140625
25 0.3015625 0.4171875 0.03125 0.04140625
36 0.1921875 0.35546875 0.04375 0.0484375
25 0.19296875 0.4140625 0.0640625 0.06015625
29 0.07421875 0.359375 0.05078125 0.034375
29 0.1296875 0.371875 0.05390625 0.0453125
34 0.1015625 0.41953125 0.10390625 0.03828125
6 0.0625 0.5453125 0.07734375 0.02578125
7 0.13984375 0.53125 0.0375 0.03359375
11 0.11328125 0.6 0.04609375 0.0578125
18 0.053125 0.59375 0.06484375 0.06484375
6 0.1796875 0.55 0.03515625 0.04765625
28 0.184375 0.59453125 0.0875 0.0328125
6 0.26953125 0.55078125 0.0421875 0.0546875
32 0.3125 0.5890625 0.03671875 0.06640625
21 0.3578125 0.534375 0.028125 0.05078125
21 0.39296875 0.5328125 0.03046875 0.053125
16 0.35859375 0.5953125 0.03984375 0.059375
17 0.43671875 0.5921875 0.0375 0.05
16 0.39765625 0.58203125 0.0328125 0.0375
31 0.48671875 0.5546875 0.03359375 0.028125
4 0.4765625 0.59609375 0.03515625 0.04140625
20 0.51640625 0.5953125 0.03828125 0.04609375
25 0.575 0.584375 0.04765625 0.04609375
1 0.62734375 0.58828125 0.04296875 0.04609375
0 0.6734375 0.57421875 0.03125 0.02421875
21 0.67265625 0.52578125 0.021875 0.06640625
25 0.7296875 0.6 0.03203125 0.02890625
2 0.74453125 0.5640625 0.10390625 0.025
3 0.87734375 0.57890625 0.0921875 0.07109375
2 0.8640625 0.7796875 0.05234375 0.06015625
33 0.80859375 0.728125 0.021875 0.08046875
28 0.740625 0.759375 0.0546875 0.103125
12 0.653125 0.71796875 0.01796875 0.0828125
30 0.63203125 0.72421875 0.01953125 0.1046875
20 0.58671875 0.77421875 0.06015625 0.06328125
20 0.559375 0.70625 0.0265625 0.0640625
20 0.52734375 0.72265625 0.02734375 0.05703125
20 0.51640625 0.79140625 0.02890625 0.06640625
21 0.48984375 0.71015625 0.03359375 0.0765625
21 0.44921875 0.7390625 0.02578125 0.0796875
23 0.40234375 0.7 0.04609375 0.0625
23 0.3921875 0.76875 0.06171875 0.05390625
23 0.3609375 0.69921875 0.02890625 0.0703125
18 0.2484375 0.76015625 0.04609375 0.07890625
18 0.171875 0.7625 0.05 0.07421875
18 0.084375 0.76484375 0.0453125 0.04765625
19 0.08828125 0.69921875 0.0578125 0.0703125
34 0.2328125 0.68984375 0.10390625 0.0484375