34 0.11796875 0.16953125 0.0515625 0.115625
34 0.17265625 0.1703125 0.05234375 0.1140625
34 0.22734375 0.16796875 0.04921875 0.125
34 0.2796875 0.171875 0.0484375 0.10859375
23 0.06015625 0.184375 0.05703125 0.08984375
35 0.33359375 0.1890625 0.05390625 0.08046875
35 0.45234375 0.18828125 0.040625 0.08046875
35 0.49140625 0.165625 0.03359375 0.11875
26 0.39609375 0.18984375 0.065625 0.075
28 0.54609375 0.16640625 0.06953125 0.11171875
28 0.6640625 0.171875 0.06640625 0.10859375
28 0.72890625 0.17421875 0.05703125 0.09453125
28 0.79296875 0.17265625 0.06015625 0.1078125
20 0.6078125 0.16328125 0.0390625 0.1203125
8 0.86796875 0.16875 0.0828125 0.10859375
8 0.95234375 0.1578125 0.07734375 0.128125
9 0.96171875 0.41015625 0.0609375 0.09765625
9 0.89609375 0.4078125 0.065625 0.0875
10 0.82890625 0.42734375 0.0640625 0.05703125
24 0.75859375 0.42265625 0.07421875 0.0625
15 0.684375 0.425 0.0703125 0.06640625
32 0.61328125 0.41640625 0.05390625 0.09140625
26 0.54921875 0.40234375 0.0625 0.1
26 0.48984375 0.40546875 0.05078125 0.0875
14 0.4359375 0.41171875 0.05078125 0.084375
13 0.375 0.403125 0.06484375 0.096875
13 0.309375 0.4046875 0.0609375 0.0953125
36 0.2515625 0.40546875 0.05078125 0.0921875
36 0.19296875 0.40078125 0.05625 0.10546875
29 0.13203125 0.40234375 0.05703125 0.09609375
29 0.0734375 0.3921875 0.05703125 0.09765625
7 0.08984375 0.6109375 0.04453125 0.0734375
7 0.14296875 0.6125 0.053125 0.07890625
6 0.2 0.61875 0.0515625 0.09609375
11 0.253125 0.62734375 0.046875 0.0609375
11 0.246875 0.58125 0.0359375 0.025
11 0.296875 0.5953125 0.03671875 0.07421875
32 0.3359375 0.60625 0.03046875 0.08359375
21 0.37265625 0.60703125 0.03359375 0.1078125
16 0.45390625 0.6359375 0.03515625 0.08125
16 0.4828125 0.62890625 0.01640625 0.0796875
4 0.52578125 0.61328125 0.03671875 0.0640625
31 0.56328125 0.6234375 0.03046875 0.0625
11 0.60703125 0.6375 0.05234375 0.0703125
1 0.6640625 0.63125 0.0546875 0.06328125
0 0.71328125 0.61953125 0.03515625 0.04765625
35 0.78046875 0.61015625 0.04765625 0.0671875
2 0.8265625 0.61328125 0.0375 0.084375
3 0.9328125 0.61953125 0.1015625 0.0875
33 0.89140625 0.81484375 0.02265625 0.08984375
5 0.825 0.80859375 0.02421875 0.0953125
30 0.74453125 0.7921875 0.021875 0.1171875
12 0.66484375 0.76953125 0.03125 0.09296875
20 0.59375 0.81328125 0.03125 0.0921875
20 0.44921875 0.83515625 0.0359375 0.1
12 0.55703125 0.80546875 0.0328125 0.09453125
21 0.50078125 0.8 0.03828125 0.084375
23 0.37890625 0.7875 0.02578125 0.09765625
22 0.33828125 0.83046875 0.04765625 0.1
19 0.28671875 0.8359375 0.04765625 0.1015625
18 0.2359375 0.8375 0.046875 0.1015625
18 0.18515625 0.83984375 0.04921875 0.1015625
18 0.134375 0.84296875 0.04765625 0.09921875
18 0.08203125 0.8453125 0.0515625 0.10546875