25 0.121875 0.196875 0.04375 0.0671875
25 0.32421875 0.17265625 0.0390625 0.078125
25 0.37421875 0.21796875 0.05234375 0.040625
25 0.61796875 0.20390625 0.03671875 0.07890625
25 0.70390625 0.22265625 0.09140625 0.02890625
25 0.77265625 0.21640625 0.03671875 0.03671875
34 0.1765625 0.1609375 0.0234375 0.07734375
34 0.11953125 0.14296875 0.040625 0.03359375
34 0.21640625 0.1625 0.0484375 0.084375
34 0.2640625 0.159375 0.040625 0.0734375
35 0.3609375 0.16328125 0.0296875 0.059375
35 0.390625 0.17109375 0.0234375 0.065625
35 0.41328125 0.175 0.01796875 0.0609375
35 0.43984375 0.17734375 0.03046875 0.0671875
35 0.4765625 0.18203125 0.03671875 0.09765625
28 0.51640625 0.16171875 0.0359375 0.065625
28 0.5546875 0.1625 0.0359375 0.053125
28 0.6265625 0.1390625 0.0578125 0.03828125
28 0.6578125 0.18828125 0.028125 0.0359375
28 0.69453125 0.17265625 0.03828125 0.0640625
8 0.74609375 0.1546875 0.0515625 0.07734375
8 0.81328125 0.17734375 0.04140625 0.0953125
29 0.1375 0.334375 0.0359375 0.06328125
29 0.18515625 0.334375 0.04453125 0.0640625
29 0.14765625 0.3890625 0.0859375 0.03828125
36 0.23359375 0.32578125 0.04375 0.059375
36 0.28125 0.3125 0.04375 0.04296875
25 0.28125 0.3609375 0.04375 0.046875
36 0.26640625 0.40390625 0.09765625 0.02734375
13 0.33515625 0.33359375 0.04296875 0.04375
13 0.39921875 0.3609375 0.04140625 0.07265625
25 0.35625 0.38515625 0.0328125 0.05078125
25 0.43828125 0.35859375 0.03203125 0.0703125
25 0.53359375 0.353125 0.0328125 0.0703125
25 0.70078125 0.3890625 0.04453125 0.0625
25 0.85625 0.3921875 0.06328125 0.06171875
26 0.48359375 0.35234375 0.04375 0.06484375
27 0.5859375 0.34609375 0.040625 0.04765625
27 0.5796875 0.39609375 0.05078125 0.04140625
15 0.6484375 0.4015625 0.05234375 0.03671875
9 0.80703125 0.32578125 0.04296875 0.06171875
7 0.1328125 0.490625 0.034375 0.06015625
7 0.1734375 0.48671875 0.0359375 0.06171875
6 0.2171875 0.4796875 0.03828125 0.0515625
25 0.2125 0.56484375 0.046875 0.046875
25 0.140625 0.559375 0.08046875 0.02890625
11 0.26171875 0.4953125 0.03359375 0.03203125
11 0.309375 0.496875 0.03671875 0.040625
11 0.32265625 0.55546875 0.03671875 0.04609375
25 0.2671875 0.5328125 0.040625 0.02890625
32 0.3640625 0.55234375 0.0375 0.06328125
16 0.39375 0.51484375 0.01640625 0.04453125
16 0.43125 0.50859375 0.025 0.03984375
17 0.46796875 0.49921875 0.03203125 0.0421875
4 0.5015625 0.5125 0.02890625 0.03359375
31 0.53203125 0.50546875 0.0265625 0.04296875
25 0.41640625 0.55625 0.046875 0.03359375
25 0.4984375 0.559375 0.028125 0.0515625
1 0.58515625 0.5609375 0.0609375 0.034375
25 0.65 0.54375 0.028125 0.03203125
2 0.7046875 0.50703125 0.03515625 0.0375
2 0.73828125 0.50078125 0.02578125 0.0359375
2 0.7234375 0.55 0.03203125 0.03125
25 0.61328125 0.52421875 0.0390625 0.03671875
3 0.76953125 0.50859375 0.02734375 0.040625
3 0.8109375 0.50625 0.040625 0.0390625
3 0.84609375 0.55390625 0.0453125 0.05
18 0.1140625 0.703125 0.05078125 0.0796875
19 0.27109375 0.71171875 0.04609375 0.07421875
18 0.19921875 0.6578125 0.040625 0.04296875
19 0.27734375 0.65 0.0390625 0.0375
23 0.396875 0.7171875 0.05625 0.07421875
23 0.3296875 0.6921875 0.05625 0.06640625
21 0.4546875 0.6859375 0.021875 0.07734375
21 0.47734375 0.68359375 0.01796875 0.084375
20 0.5140625 0.69453125 0.0234375 0.08203125
20 0.5375 0.6609375 0.0171875 0.06015625
20 0.5609375 0.68828125 0.025 0.0453125
12 0.61015625 0.6875 0.025 0.08203125
30 0.65078125 0.68359375 0.015625 0.10703125
5 0.69921875 0.6890625 0.021875 0.084375
33 0.78203125 0.72109375 0.0671875 0.0328125