34 0.0609375 0.18984375 0.053125 0.13984375
34 0.1125 0.196875 0.0390625 0.12109375
34 0.16015625 0.190625 0.04765625 0.1328125
34 0.21328125 0.20390625 0.04609375 0.115625
34 0.26796875 0.21171875 0.04609375 0.10234375
35 0.31875 0.22109375 0.04609375 0.0828125
35 0.3703125 0.22109375 0.040625 0.09296875
35 0.4109375 0.22890625 0.034375 0.06171875
35 0.45625 0.2203125 0.046875 0.0859375
28 0.53515625 0.23046875 0.053125 0.06328125
28 0.59921875 0.21875 0.06015625 0.08671875
28 0.66328125 0.23359375 0.04140625 0.06328125
28 0.715625 0.2234375 0.0515625 0.07890625
28 0.79296875 0.225 0.05625 0.08046875
8 0.86171875 0.2109375 0.07109375 0.1015625
8 0.94453125 0.20625 0.0765625 0.10859375
9 0.92109375 0.428125 0.05859375 0.07734375
9 0.85625 0.4421875 0.0609375 0.05078125
9 0.84375 0.3921875 0.05625 0.04296875
27 0.78984375 0.44609375 0.06171875 0.04765625
24 0.68359375 0.44921875 0.07109375 0.04921875
27 0.6125 0.43359375 0.05078125 0.0671875
26 0.54375 0.434375 0.0625 0.0734375
26 0.4765625 0.43125 0.05234375 0.07421875
14 0.4171875 0.4296875 0.046875 0.078125
13 0.359375 0.4390625 0.04921875 0.1078125
13 0.30078125 0.44140625 0.04921875 0.09453125
36 0.24609375 0.44453125 0.04765625 0.10078125
36 0.1921875 0.43828125 0.046875 0.109375
29 0.14296875 0.44296875 0.0421875 0.084375
29 0.09140625 0.43671875 0.05078125 0.09140625
29 0.0921875 0.63671875 0.04609375 0.08359375
7 0.13828125 0.63359375 0.0296875 0.0734375
18 0.17890625 0.6546875 0.04375 0.0765625
10 0.22734375 0.64609375 0.04140625 0.07890625
10 0.27109375 0.6359375 0.03671875 0.08203125
31 0.30703125 0.65625 0.03046875 0.07265625
32 0.33984375 0.6546875 0.02890625 0.0671875
17 0.44375 0.6515625 0.05703125 0.05546875
4 0.4984375 0.65078125 0.046875 0.03671875
16 0.54375 0.65234375 0.03671875 0.04609375
0 0.5875 0.653125 0.0375 0.034375
1 0.63671875 0.65703125 0.0515625 0.04140625
1 0.69375 0.6515625 0.04921875 0.03984375
3 0.734375 0.63125 0.02109375 0.06015625
3 0.75859375 0.63515625 0.01953125 0.0609375
3 0.7796875 0.6359375 0.01875 0.05859375
3 0.803125 0.63828125 0.02109375 0.06015625
2 0.83125 0.63984375 0.021875 0.05703125
2 0.85703125 0.6375 0.021875 0.05859375
2 0.88203125 0.6375 0.0203125 0.0609375
2 0.90546875 0.63359375 0.0171875 0.0609375
2 0.93125 0.6328125 0.02421875 0.05859375
30 0.87734375 0.79921875 0.03046875 0.12265625
12 0.8 0.8015625 0.0359375 0.0953125
33 0.725 0.81328125 0.028125 0.09609375
33 0.6953125 0.803125 0.0265625 0.09140625
5 0.63046875 0.8015625 0.028125 0.09453125
23 0.540625 0.82265625 0.06953125 0.090625
20 0.45859375 0.821875 0.0328125 0.08671875
20 0.42265625 0.821875 0.0328125 0.09140625
22 0.31328125 0.81484375 0.03828125 0.078125
23 0.3515625 0.79296875 0.034375 0.07734375
11 0.25703125 0.7796875 0.03671875 0.053125
19 0.271875 0.82890625 0.0359375 0.04375
18 0.2328125 0.83125 0.03828125 0.046875
18 0.14609375 0.83046875 0.04453125 0.0484375
6 0.1640625 0.77265625 0.0375 0.04296875
18 0.10234375 0.8203125 0.0390625 0.06875