34 0.034375 0.27734375 0.0421875 0.07890625
34 0.08515625 0.27734375 0.05234375 0.08046875
34 0.1390625 0.27421875 0.04375 0.0796875
34 0.190625 0.27734375 0.0453125 0.07890625
34 0.2484375 0.27890625 0.0546875 0.07890625
35 0.30625 0.2828125 0.046875 0.06953125
35 0.36015625 0.28671875 0.04765625 0.06640625
35 0.409375 0.28828125 0.04140625 0.06328125
35 0.45703125 0.28671875 0.04765625 0.0703125
28 0.5203125 0.28671875 0.05078125 0.0625
28 0.5796875 0.284375 0.0515625 0.06796875
28 0.64140625 0.28671875 0.05 0.06015625
28 0.69609375 0.28515625 0.04765625 0.05625
28 0.75234375 0.28359375 0.0515625 0.06796875
8 0.83046875 0.27421875 0.06875 0.07421875
8 0.8953125 0.27109375 0.05390625 0.07578125
9 0.88515625 0.40234375 0.06171875 0.06796875
10 0.771875 0.4015625 0.0578125 0.04765625
24 0.7046875 0.4078125 0.0640625 0.04765625
15 0.64453125 0.4125 0.0484375 0.03671875
27 0.58984375 0.40078125 0.04375 0.05390625
26 0.53671875 0.403125 0.05 0.053125
26 0.4828125 0.409375 0.05078125 0.05390625
14 0.4265625 0.3921875 0.04375 0.059375
13 0.3609375 0.3953125 0.04375 0.0640625
13 0.30546875 0.3984375 0.0484375 0.06015625
36 0.24296875 0.40234375 0.0578125 0.0671875
36 0.1890625 0.4 0.04375 0.06640625
29 0.13984375 0.4015625 0.04453125 0.05546875
29 0.08203125 0.40390625 0.059375 0.06015625
7 0.11171875 0.49765625 0.034375 0.04296875
7 0.1546875 0.50703125 0.03828125 0.04453125
6 0.20234375 0.509375 0.0421875 0.05546875
11 0.25546875 0.496875 0.03984375 0.04453125
11 0.2984375 0.49296875 0.03984375 0.04296875
32 0.33984375 0.509375 0.03515625 0.0453125
16 0.38046875 0.50234375 0.034375 0.05234375
17 0.4265625 0.51953125 0.04453125 0.0515625
4 0.47734375 0.51171875 0.040625 0.059375
31 0.51953125 0.50859375 0.03125 0.0546875
1 0.5640625 0.51484375 0.04765625 0.05390625
1 0.6125 0.51328125 0.04296875 0.053125
0 0.653125 0.51875 0.03125 0.0390625
3 0.70859375 0.52421875 0.021875 0.053125
3 0.734375 0.52421875 0.02109375 0.0515625
3 0.7578125 0.52265625 0.02109375 0.05
3 0.7828125 0.525 0.021875 0.05234375
2 0.81015625 0.52421875 0.02421875 0.05078125
2 0.8765625 0.525 0.10390625 0.0546875
33 0.8296875 0.628125 0.0296875 0.05390625
5 0.7515625 0.625 0.025 0.053125
30 0.70546875 0.6140625 0.0234375 0.06953125
30 0.68671875 0.60390625 0.01171875 0.06171875
12 0.6 0.621875 0.034375 0.0546875
20 0.5546875 0.62421875 0.028125 0.04921875
20 0.52421875 0.62578125 0.02734375 0.05
21 0.48125 0.61484375 0.03359375 0.05234375
21 0.44375 0.61484375 0.0328125 0.05078125
23 0.39140625 0.625 0.0515625 0.04921875
22 0.33515625 0.62265625 0.046875 0.046875
19 0.2828125 0.6234375 0.05078125 0.04609375
18 0.23359375 0.625 0.04296875 0.04765625
18 0.18828125 0.625 0.040625 0.04453125
18 0.1421875 0.6265625 0.0453125 0.046875
18 0.09453125 0.6265625 0.04453125 0.04765625