34 0.0953125 0.16171875 0.04609375 0.04375
34 0.140625 0.1921875 0.03359375 0.08828125
34 0.0984375 0.2296875 0.04609375 0.07890625
34 0.2296875 0.1921875 0.0328125 0.08515625
34 0.26796875 0.19453125 0.0375 0.0796875
34 0.25390625 0.2609375 0.0890625 0.04296875
25 0.1875 0.2109375 0.03515625 0.11484375
25 0.38828125 0.26796875 0.0421875 0.0296875
25 0.7625 0.26015625 0.078125 0.03515625
35 0.328125 0.23203125 0.0390625 0.08671875
35 0.359375 0.20078125 0.01796875 0.09921875
35 0.45 0.215625 0.03671875 0.06640625
28 0.50234375 0.20546875 0.04375 0.0609375
28 0.5859375 0.2171875 0.04765625 0.0625
28 0.6328125 0.2109375 0.0421875 0.05
28 0.67734375 0.23984375 0.04296875 0.0734375
28 0.53125 0.25546875 0.046875 0.0359375
8 0.84140625 0.25078125 0.05390625 0.046875
8 0.7984375 0.20078125 0.0609375 0.0453125
29 0.14921875 0.375 0.03515625 0.07265625
29 0.109375 0.46015625 0.09296875 0.03828125
36 0.19296875 0.3765625 0.03515625 0.09921875
36 0.24296875 0.36171875 0.03984375 0.07109375
25 0.23671875 0.42890625 0.0390625 0.04765625
25 0.31484375 0.42734375 0.075 0.02890625
25 0.390625 0.459375 0.0359375 0.0515625
25 0.47109375 0.428125 0.03984375 0.03671875
25 0.6109375 0.4359375 0.0484375 0.03515625
29 0.0984375 0.4234375 0.06015625 0.028125
13 0.3203125 0.46328125 0.06484375 0.0359375
13 0.29296875 0.3765625 0.046875 0.06171875
13 0.340625 0.3765625 0.040625 0.0609375
14 0.3828125 0.3734375 0.0359375 0.04453125
14 0.39375 0.41640625 0.0328125 0.03828125
14 0.4234375 0.41953125 0.02109375 0.05625
14 0.4375 0.36640625 0.0390625 0.04140625
26 0.4828125 0.37578125 0.03984375 0.059375
26 0.52578125 0.3828125 0.0390625 0.0734375
27 0.55546875 0.4453125 0.05078125 0.0484375
24 0.68046875 0.4265625 0.05703125 0.02109375
10 0.72890625 0.4125 0.0359375 0.046875
24 0.70625 0.459375 0.071875 0.0375
9 0.76953125 0.37578125 0.0390625 0.07109375
9 0.8140625 0.3734375 0.04453125 0.06640625
9 0.8109375 0.42890625 0.09765625 0.03046875
7 0.08203125 0.63671875 0.04765625 0.05625
7 0.125 0.57265625 0.03203125 0.065625
11 0.259375 0.59609375 0.04921875 0.04296875
6 0.171875 0.61015625 0.0375 0.028125
25 0.1796875 0.65390625 0.04140625 0.04609375
25 0.21796875 0.63359375 0.02734375 0.04375
32 0.32421875 0.6296875 0.0328125 0.06015625
16 0.36484375 0.63515625 0.03359375 0.06015625
25 0.41796875 0.61953125 0.034375 0.05078125
4 0.46328125 0.60625 0.0390625 0.03125
31 0.49921875 0.63359375 0.0296875 0.06484375
1 0.55703125 0.64453125 0.0734375 0.0359375
1 0.5546875 0.60390625 0.05 0.0328125
0 0.6484375 0.63671875 0.0578125 0.03125
0 0.83828125 0.60390625 0.115625 0.0921875
2 0.69375 0.57265625 0.03046875 0.0296875
2 0.7515625 0.6296875 0.04140625 0.04609375
18 0.10859375 0.82421875 0.04296875 0.046875
18 0.1125 0.753125 0.04296875 0.0734375
19 0.24296875 0.80546875 0.040625 0.090625
23 0.32109375 0.80234375 0.05546875 0.08046875
19 0.2453125 0.7328125 0.04296875 0.04375
21 0.41875 0.78046875 0.0328125 0.090625
20 0.51953125 0.796875 0.02890625 0.09921875
20 0.4859375 0.8109375 0.02890625 0.0890625
12 0.57734375 0.78203125 0.0296875 0.0984375
5 0.68046875 0.784375 0.0234375 0.09609375
33 0.7484375 0.79375 0.02578125 0.0953125