34 0.08203125 0.1890625 0.05390625 0.0984375
34 0.13671875 0.1875 0.05 0.10625
34 0.1859375 0.1875 0.04140625 0.1125
34 0.23515625 0.18046875 0.04921875 0.1328125
34 0.28984375 0.196875 0.05546875 0.0921875
34 0.3484375 0.21796875 0.0421875 0.0515625
34 0.71484375 0.4109375 0.0515625 0.0984375
35 0.28515625 0.1234375 0.04453125 0.0484375
35 0.340625 0.1640625 0.03984375 0.05
35 0.39765625 0.225 0.0421875 0.04140625
35 0.47109375 0.1984375 0.0390625 0.09765625
28 0.43203125 0.125 0.10859375 0.03203125
32 0.4359375 0.2109375 0.02578125 0.071875
28 0.51953125 0.19765625 0.04921875 0.10390625
28 0.63671875 0.19765625 0.0546875 0.0984375
28 0.7 0.21484375 0.059375 0.07109375
28 0.75859375 0.20234375 0.04921875 0.090625
28 0.80546875 0.1515625 0.03515625 0.08359375
26 0.5765625 0.21328125 0.059375 0.06953125
8 0.71875 0.12890625 0.0703125 0.0421875
8 0.81953125 0.22265625 0.065625 0.05
8 0.896875 0.19375 0.08203125 0.10546875
9 0.90546875 0.40546875 0.0609375 0.0890625
9 0.83984375 0.39609375 0.0609375 0.09765625
18 0.775 0.4203125 0.05859375 0.06484375
10 0.659375 0.3984375 0.053125 0.0421875
15 0.65546875 0.4421875 0.05859375 0.03828125
27 0.59453125 0.43203125 0.05390625 0.05546875
9 0.5390625 0.36953125 0.04921875 0.11484375
25 0.48046875 0.40390625 0.059375 0.10703125
19 0.41796875 0.43359375 0.03984375 0.06171875
13 0.4046875 0.346875 0.05390625 0.07734375
13 0.35234375 0.40859375 0.0421875 0.08046875
13 0.3 0.41484375 0.05703125 0.07578125
14 0.31328125 0.32578125 0.04453125 0.06796875
36 0.24453125 0.3890625 0.05078125 0.06953125
36 0.19609375 0.3796875 0.03984375 0.05625
36 0.11953125 0.33125 0.0796875 0.04375
25 0.2296875 0.44375 0.08828125 0.03125
25 0.15234375 0.390625 0.04140625 0.053125
29 0.09765625 0.41171875 0.06171875 0.06875
7 0.09921875 0.57890625 0.0375 0.0703125
7 0.140625 0.60625 0.03984375 0.0546875
7 0.2046875 0.54609375 0.040625 0.04375
6 0.15625 0.54609375 0.04140625 0.05703125
6 0.19921875 0.60390625 0.03828125 0.0625
11 0.240625 0.5953125 0.0359375 0.04921875
11 0.2890625 0.63125 0.04765625 0.0390625
11 0.3390625 0.56171875 0.0453125 0.05234375
16 0.28828125 0.5875 0.05 0.034375
22 0.34921875 0.628125 0.0625 0.0703125
31 0.40390625 0.578125 0.03828125 0.0375
31 0.46796875 0.57890625 0.03046875 0.0359375
17 0.47109375 0.61328125 0.04765625 0.02109375
17 0.51875 0.58125 0.059375 0.028125
4 0.51484375 0.62265625 0.0328125 0.0453125
1 0.6 0.59453125 0.03671875 0.0484375
31 0.565625 0.590625 0.02578125 0.0390625
3 0.6078125 0.63828125 0.09140625 0.03203125
18 0.72578125 0.615625 0.04453125 0.08359375
2 0.7953125 0.61171875 0.0828125 0.07265625
3 0.89140625 0.61484375 0.09375 0.08046875
24 0.925 0.8234375 0.06875 0.08515625
33 0.875 0.82421875 0.0234375 0.0796875
5 0.796875 0.8140625 0.021875 0.0953125
9 0.765625 0.821875 0.03515625 0.09765625
30 0.7359375 0.790625 0.0171875 0.1234375
28 0.69609375 0.80078125 0.04921875 0.09609375
12 0.65234375 0.7671875 0.02890625 0.08828125
25 0.83984375 0.73984375 0.10546875 0.04453125
35 0.5734375 0.73046875 0.04375 0.0578125
20 0.58125 0.8109375 0.0328125 0.090625
12 0.54921875 0.8125 0.02890625 0.08515625
28 0.48671875 0.7421875 0.04140625 0.08515625
21 0.4671875 0.80703125 0.0296875 0.03515625
21 0.35859375 0.73984375 0.03984375 0.059375
23 0.36484375 0.803125 0.0453125 0.05
25 0.4078125 0.7984375 0.0328125 0.10078125
23 0.30625 0.7578125 0.0390625 0.0796875
19 0.26796875 0.778125 0.034375 0.0484375
21 0.23359375 0.746875 0.02890625 0.04453125
18 0.228125 0.81171875 0.03984375 0.06171875
18 0.1859375 0.8171875 0.03984375 0.053125
18 0.13984375 0.809375 0.0453125 0.0796875
18 0.0984375 0.78828125 0.03359375 0.06953125
36 0.190625 0.74296875 0.0515625 0.06484375
20 0.0640625 0.8203125 0.028125 0.08515625