34 0.09453125 0.23203125 0.05234375 0.10546875
34 0.146875 0.2234375 0.046875 0.125
34 0.19609375 0.228125 0.046875 0.11953125
34 0.246875 0.228125 0.04609375 0.11640625
34 0.296875 0.22578125 0.0484375 0.12578125
35 0.34375 0.2359375 0.0390625 0.103125
35 0.39296875 0.240625 0.053125 0.09453125
35 0.45625 0.240625 0.0640625 0.0828125
35 0.51328125 0.2421875 0.0421875 0.0828125
28 0.5625 0.2421875 0.05078125 0.08359375
28 0.6171875 0.24375 0.0515625 0.08203125
28 0.665625 0.25 0.04296875 0.065625
28 0.71328125 0.24296875 0.0453125 0.07890625
28 0.7640625 0.2453125 0.05234375 0.0796875
8 0.83046875 0.2265625 0.0703125 0.10703125
8 0.89375 0.228125 0.05078125 0.1015625
9 0.89921875 0.43515625 0.05078125 0.075
9 0.84609375 0.43828125 0.04921875 0.07421875
10 0.79375 0.45546875 0.05 0.0390625
24 0.73515625 0.44921875 0.06015625 0.05078125
15 0.67421875 0.44609375 0.0546875 0.05390625
27 0.62421875 0.44453125 0.040625 0.05703125
26 0.571875 0.43984375 0.0578125 0.0734375
26 0.51484375 0.4390625 0.05078125 0.078125
14 0.4671875 0.44609375 0.03828125 0.071875
14 0.4203125 0.440625 0.03515625 0.07734375
13 0.37734375 0.42890625 0.04609375 0.0953125
13 0.325 0.428125 0.053125 0.1015625
36 0.26796875 0.43359375 0.05625 0.1046875
36 0.21171875 0.4265625 0.0515625 0.10078125
29 0.15859375 0.41953125 0.05234375 0.1125
29 0.103125 0.42265625 0.05078125 0.0953125
7 0.10703125 0.60078125 0.03671875 0.07890625
7 0.14765625 0.615625 0.040625 0.07578125
6 0.19375 0.6296875 0.04453125 0.09765625
11 0.24296875 0.6375 0.0484375 0.06953125
11 0.29296875 0.63125 0.04609375 0.0734375
32 0.33828125 0.6328125 0.03828125 0.06953125
16 0.3796875 0.63671875 0.03984375 0.06484375
17 0.421875 0.63359375 0.03828125 0.0734375
17 0.48125 0.640625 0.03984375 0.05859375
17 0.50390625 0.5921875 0.0421875 0.03359375
4 0.52578125 0.6515625 0.03984375 0.03984375
31 0.56796875 0.6421875 0.034375 0.0515625
1 0.6125 0.63828125 0.0421875 0.0515625
1 0.6609375 0.63515625 0.04375 0.05390625
0 0.70703125 0.64140625 0.03203125 0.0375
2 0.77421875 0.62421875 0.09140625 0.059375
3 0.875 0.62578125 0.1 0.075
33 0.8375 0.803125 0.01875 0.08515625
5 0.78671875 0.803125 0.02265625 0.0890625
30 0.73046875 0.7890625 0.0203125 0.11875
12 0.6703125 0.80546875 0.0296875 0.08984375
20 0.5953125 0.80546875 0.02578125 0.08671875
20 0.5671875 0.809375 0.025 0.08046875
21 0.52734375 0.796875 0.03125 0.08125
21 0.49453125 0.79765625 0.028125 0.084375
23 0.45546875 0.803125 0.03125 0.07890625
21 0.42890625 0.7953125 0.01484375 0.0796875
23 0.3859375 0.79765625 0.0421875 0.0921875
22 0.34140625 0.7984375 0.040625 0.08828125
19 0.29609375 0.80078125 0.04375 0.08515625
18 0.25 0.80078125 0.0421875 0.08671875
18 0.2046875 0.7984375 0.04140625 0.09296875
18 0.159375 0.8 0.0421875 0.09140625
18 0.1140625 0.8 0.04453125 0.0890625