34 0.0953125 0.1859375 0.046875 0.0734375
34 0.14765625 0.18046875 0.04375 0.078125
34 0.18984375 0.18828125 0.0390625 0.07109375
34 0.296875 0.19296875 0.03515625 0.0625
35 0.3359375 0.18671875 0.0375 0.05703125
25 0.37734375 0.17578125 0.0390625 0.08125
28 0.52734375 0.16640625 0.034375 0.03671875
28 0.58671875 0.19453125 0.03515625 0.06015625
28 0.55546875 0.190625 0.01953125 0.053125
25 0.6328125 0.190625 0.05234375 0.06640625
28 0.709375 0.19765625 0.0515625 0.0453125
25 0.784375 0.19375 0.07421875 0.03984375
8 0.840625 0.19140625 0.0390625 0.06640625
8 0.89375 0.17734375 0.05859375 0.08984375
34 0.84921875 0.3734375 0.0421875 0.06484375
9 0.7953125 0.36640625 0.0421875 0.05546875
34 0.73125 0.34921875 0.03359375 0.059375
34 0.66328125 0.34765625 0.03984375 0.0328125
24 0.6671875 0.3921875 0.05546875 0.053125
34 0.525 0.340625 0.04140625 0.059375
25 0.46015625 0.3765625 0.05390625 0.06640625
26 0.51328125 0.39921875 0.0453125 0.03671875
14 0.39921875 0.38671875 0.0328125 0.0640625
34 0.3390625 0.37421875 0.03515625 0.09140625
13 0.3 0.375 0.0328125 0.0828125
36 0.25859375 0.38046875 0.034375 0.0734375
25 0.21015625 0.36640625 0.0421875 0.09765625
25 0.15625 0.36953125 0.0453125 0.08359375
25 0.08125 0.36484375 0.04921875 0.1
7 0.1203125 0.5296875 0.0375 0.0296875
7 0.1609375 0.53515625 0.03984375 0.034375
7 0.1 0.55703125 0.05078125 0.02421875
6 0.08203125 0.59375 0.0421875 0.0375
6 0.20078125 0.5390625 0.03671875 0.04375
11 0.23515625 0.55234375 0.02890625 0.0421875
11 0.28359375 0.54453125 0.0421875 0.040625
7 0.22734375 0.6046875 0.06796875 0.03359375
6 0.1671875 0.578125 0.05078125 0.02734375
32 0.34765625 0.5578125 0.03984375 0.03046875
21 0.378125 0.534375 0.0203125 0.078125
17 0.4671875 0.54296875 0.03828125 0.025
32 0.36171875 0.59765625 0.05703125 0.03515625
4 0.4890625 0.58046875 0.03828125 0.03046875
31 0.5375 0.5546875 0.0265625 0.028125
0 0.6625 0.5578125 0.03359375 0.04609375
2 0.75703125 0.56953125 0.134375 0.0171875
0 0.74375 0.58984375 0.04453125 0.01875
3 0.85 0.571875 0.046875 0.06328125
2 0.8953125 0.5671875 0.0359375 0.02109375
2 0.80546875 0.596875 0.0359375 0.03203125
2 0.703125 0.5921875 0.028125 0.02265625
19 0.67578125 0.5921875 0.0265625 0.02421875
1 0.628125 0.57890625 0.03125 0.04453125
1 0.58515625 0.5875 0.0421875 0.03359375
18 0.07265625 0.72265625 0.05234375 0.075
18 0.06953125 0.7953125 0.05703125 0.05625
18 0.13984375 0.78125 0.06171875 0.06953125
18 0.209375 0.78125 0.06328125 0.08359375
19 0.26875 0.76484375 0.05078125 0.0921875
23 0.31875 0.7640625 0.0453125 0.0890625
23 0.37265625 0.771875 0.05 0.08515625
21 0.45 0.74765625 0.02734375 0.08828125
21 0.47890625 0.75078125 0.028125 0.09140625
20 0.5359375 0.771875 0.06640625 0.04140625
20 0.56171875 0.7140625 0.0265625 0.06640625
20 0.5859375 0.7375 0.01953125 0.09375
30 0.609375 0.7375 0.021875 0.121875
12 0.6328125 0.7328125 0.02265625 0.08984375
30 0.653125 0.70703125 0.01796875 0.11484375
5 0.69453125 0.73828125 0.0265625 0.09375
33 0.85859375 0.73984375 0.025 0.08125
5 0.8328125 0.72578125 0.01953125 0.084375