34 0.03515625 0.15859375 0.0171875 0.05546875
34 0.10234375 0.18203125 0.04921875 0.0890625
34 0.20078125 0.18125 0.04765625 0.090625
35 0.296875 0.17734375 0.0578125 0.10390625
35 0.4015625 0.1828125 0.04453125 0.09140625
28 0.51171875 0.16953125 0.04765625 0.11171875
28 0.59921875 0.165625 0.05703125 0.1
28 0.6421875 0.18125 0.02265625 0.08984375
28 0.68046875 0.1984375 0.04375 0.0609375
28 0.70703125 0.1421875 0.04453125 0.040625
28 0.7546875 0.1921875 0.04375 0.07578125
9 0.87578125 0.16953125 0.0390625 0.11796875
9 0.925 0.175 0.05078125 0.11875
25 0.8171875 0.18046875 0.071875 0.1046875
25 0.55234375 0.19140625 0.02890625 0.06796875
25 0.465625 0.17890625 0.03828125 0.0859375
25 0.35234375 0.18359375 0.046875 0.084375
25 0.24765625 0.18125 0.03671875 0.096875
25 0.15234375 0.16640625 0.04453125 0.11953125
25 0.06171875 0.1578125 0.02734375 0.13046875
29 0.096875 0.38671875 0.05078125 0.096875
36 0.23125 0.38046875 0.0421875 0.103125
36 0.18828125 0.37265625 0.03515625 0.053125
13 0.31875 0.39921875 0.0296875 0.096875
13 0.35234375 0.3875 0.03046875 0.09921875
26 0.4453125 0.41640625 0.03671875 0.0625
26 0.4875 0.38671875 0.03984375 0.06875
27 0.59765625 0.396875 0.05703125 0.0375
24 0.74140625 0.40703125 0.07890625 0.05859375
15 0.675 0.38984375 0.046875 0.0328125
9 0.83828125 0.38984375 0.03984375 0.1109375
25 0.8 0.4046875 0.0296875 0.06171875
25 0.91484375 0.42109375 0.05546875 0.053125
25 0.65546875 0.42734375 0.04765625 0.0359375
25 0.53828125 0.40078125 0.053125 0.078125
25 0.39609375 0.41015625 0.05078125 0.065625
25 0.14609375 0.403125 0.03984375 0.07734375
25 0.05625 0.3984375 0.021875 0.071875
7 0.09140625 0.5484375 0.04453125 0.03828125
7 0.0796875 0.5953125 0.05703125 0.0421875
6 0.17109375 0.56640625 0.04140625 0.0921875
6 0.221875 0.58671875 0.0515625 0.0421875
11 0.27890625 0.56640625 0.04140625 0.046875
11 0.28359375 0.6125 0.04453125 0.0359375
16 0.396875 0.6015625 0.07421875 0.04140625
17 0.5 0.56484375 0.05078125 0.03203125
4 0.54921875 0.5875 0.04453125 0.02578125
4 0.51171875 0.603125 0.0265625 0.0296875
1 0.62109375 0.5953125 0.071875 0.04296875
25 0.69609375 0.6 0.03671875 0.0328125
2 0.796875 0.59296875 0.1375 0.01875
2 0.734375 0.62734375 0.02734375 0.0328125
2 0.796875 0.5671875 0.06796875 0.02578125
2 0.809375 0.62421875 0.0796875 0.0328125
3 0.87890625 0.62578125 0.0484375 0.0375
3 0.934375 0.6046875 0.05078125 0.040625
33 0.8671875 0.81015625 0.02578125 0.09453125
5 0.8015625 0.8046875 0.02109375 0.10078125
30 0.7296875 0.78515625 0.02109375 0.125
12 0.65703125 0.79375 0.03359375 0.0984375
20 0.57734375 0.8046875 0.0359375 0.09140625
20 0.540625 0.8015625 0.034375 0.090625
21 0.50390625 0.7703125 0.02890625 0.0890625
21 0.471875 0.79453125 0.02734375 0.1
21 0.446875 0.79609375 0.01875 0.09453125
21 0.41015625 0.76796875 0.02265625 0.08046875
23 0.35625 0.80078125 0.04921875 0.10703125
22 0.30703125 0.71796875 0.04375 0.0640625
19 0.25625 0.80078125 0.046875 0.103125
18 0.1953125 0.72890625 0.04375 0.0578125
18 0.1609375 0.80859375 0.046875 0.090625
18 0.11484375 0.7265625 0.04609375 0.05546875
18 0.06171875 0.80078125 0.05 0.09296875