34 0.08046875 0.171875 0.046875 0.121875
34 0.12265625 0.17421875 0.034375 0.11484375
34 0.20546875 0.17421875 0.01875 0.07109375
29 0.24453125 0.19140625 0.0546875 0.10390625
34 0.25703125 0.09921875 0.06953125 0.059375
35 0.30234375 0.16875 0.053125 0.0640625
13 0.3484375 0.16796875 0.03359375 0.06328125
22 0.41171875 0.21796875 0.05859375 0.06875
28 0.496875 0.20546875 0.04921875 0.0859375
28 0.5484375 0.18515625 0.0375 0.03984375
28 0.6671875 0.19296875 0.04765625 0.0375
28 0.7265625 0.21953125 0.0625 0.0640625
18 0.5953125 0.225 0.05 0.05390625
10 0.66328125 0.23359375 0.05234375 0.040625
8 0.796875 0.20234375 0.075 0.10390625
8 0.85234375 0.2140625 0.03125 0.07421875
25 0.8921875 0.203125 0.04375 0.09140625
25 0.54609375 0.2296875 0.04375 0.04296875
25 0.16796875 0.18359375 0.05234375 0.1015625
25 0.1625 0.09609375 0.08984375 0.03671875
34 0.090625 0.4234375 0.090625 0.0328125
29 0.0765625 0.36484375 0.034375 0.0703125
29 0.12109375 0.35625 0.0484375 0.0296875
35 0.1203125 0.3890625 0.0484375 0.0296875
35 0.17421875 0.37109375 0.05546875 0.03046875
36 0.23046875 0.35625 0.03828125 0.01640625
17 0.2515625 0.40546875 0.04140625 0.07265625
13 0.2890625 0.378125 0.02421875 0.07265625
36 0.32578125 0.39375 0.04296875 0.0828125
14 0.38203125 0.41171875 0.0359375 0.0609375
32 0.4234375 0.41875 0.04140625 0.059375
26 0.47421875 0.403125 0.05390625 0.06953125
26 0.425 0.36953125 0.0390625 0.03203125
26 0.5296875 0.3625 0.053125 0.0421875
15 0.603125 0.42890625 0.05859375 0.028125
24 0.7140625 0.41796875 0.10234375 0.04453125
24 0.8 0.3734375 0.05078125 0.040625
24 0.8609375 0.40546875 0.06328125 0.06640625
25 0.790625 0.41796875 0.0421875 0.04140625
25 0.6234375 0.3984375 0.0640625 0.03125
25 0.53828125 0.4203125 0.0625 0.0640625
25 0.18828125 0.41875 0.07734375 0.0453125
6 0.05859375 0.54375 0.06875 0.02578125
6 0.1359375 0.53984375 0.06484375 0.021875
6 0.1859375 0.5328125 0.03046875 0.0265625
6 0.25078125 0.5328125 0.0453125 0.025
11 0.253125 0.5765625 0.0375 0.05546875
34 0.1609375 0.57265625 0.065625 0.0359375
11 0.1015625 0.603125 0.040625 0.06484375
18 0.05 0.5953125 0.05703125 0.0671875
25 0.1875 0.60859375 0.08671875 0.02734375
20 0.2875 0.58125 0.025 0.08671875
16 0.328125 0.6015625 0.03671875 0.04765625
21 0.33125 0.54140625 0.0171875 0.065625
5 0.35859375 0.5671875 0.01640625 0.08515625
25 0.3953125 0.6046875 0.0515625 0.04296875
20 0.4796875 0.60703125 0.0828125 0.03359375
31 0.49140625 0.5640625 0.07265625 0.0125
5 0.559375 0.56328125 0.021875 0.08046875
36 0.61328125 0.52421875 0.03984375 0.065625
28 0.625 0.596875 0.053125 0.06328125
21 0.6484375 0.53203125 0.02265625 0.06015625
2 0.721875 0.57109375 0.09609375 0.03046875
25 0.6953125 0.6078125 0.034375 0.03046875
3 0.815625 0.584375 0.021875 0.06484375
28 0.85546875 0.56796875 0.05078125 0.05078125
28 0.87890625 0.77578125 0.04609375 0.0734375
2 0.83671875 0.7953125 0.03125 0.0453125
12 0.80078125 0.7640625 0.03203125 0.0875
33 0.775 0.75390625 0.0140625 0.078125
28 0.71640625 0.74765625 0.0390625 0.03828125
30 0.684375 0.7421875 0.0203125 0.1078125
25 0.65078125 0.775 0.04296875 0.05703125
12 0.6109375 0.72734375 0.03125 0.07578125
20 0.54609375 0.78515625 0.0546875 0.06015625
20 0.49453125 0.72265625 0.02578125 0.06484375
30 0.5203125 0.709375 0.02265625 0.0828125
21 0.453125 0.72109375 0.03359375 0.06953125
21 0.40625 0.746875 0.0296875 0.07890625
23 0.33984375 0.7109375 0.0390625 0.053125
23 0.34296875 0.7734375 0.040625 0.04921875
21 0.2828125 0.75 0.02421875 0.07890625
18 0.24765625 0.7625 0.0375 0.07421875
18 0.20390625 0.7921875 0.040625 0.05390625
18 0.1546875 0.77734375 0.03671875 0.053125
18 0.07109375 0.77265625 0.03828125 0.05
19 0.11328125 0.7375 0.040625 0.0703125
34 0.21171875 0.71640625 0.02890625 0.084375