34 0.12265625 0.16171875 0.04453125 0.08515625
34 0.1625 0.1578125 0.02890625 0.0859375
34 0.23671875 0.1640625 0.03984375 0.0765625
34 0.2734375 0.1625 0.02890625 0.084375
34 0.35546875 0.1796875 0.065625 0.0703125
28 0.4234375 0.18203125 0.05859375 0.075
28 0.48203125 0.1765625 0.05234375 0.07578125
28 0.6046875 0.1890625 0.0390625 0.0625
28 0.578125 0.134375 0.08671875 0.04140625
8 0.73515625 0.171875 0.07421875 0.09609375
25 0.66171875 0.17890625 0.06875 0.07734375
25 0.815625 0.178125 0.078125 0.07578125
25 0.546875 0.18828125 0.0703125 0.059375
25 0.3046875 0.1859375 0.02734375 0.0671875
25 0.196875 0.1578125 0.03515625 0.08203125
25 0.078125 0.16015625 0.03828125 0.0859375
29 0.10078125 0.3453125 0.04609375 0.0640625
29 0.13984375 0.3328125 0.02578125 0.0546875
36 0.17890625 0.31484375 0.0390625 0.02890625
36 0.221875 0.33984375 0.0421875 0.06875
13 0.2578125 0.34140625 0.02265625 0.0640625
26 0.37578125 0.36640625 0.0546875 0.05703125
26 0.44765625 0.34296875 0.06015625 0.065625
27 0.4984375 0.3375 0.03359375 0.02890625
15 0.57109375 0.36875 0.06328125 0.03515625
10 0.7140625 0.3671875 0.0546875 0.04609375
9 0.7703125 0.34921875 0.05 0.08125
9 0.8265625 0.34296875 0.05625 0.09140625
25 0.64609375 0.36796875 0.07734375 0.05859375
25 0.50859375 0.36875 0.0546875 0.0265625
14 0.28828125 0.35 0.03359375 0.065625
14 0.3265625 0.35234375 0.0375 0.0765625
25 0.17578125 0.36015625 0.03984375 0.05390625
7 0.10078125 0.47109375 0.0375 0.03671875
7 0.109375 0.51796875 0.0578125 0.0484375
6 0.17109375 0.465625 0.0359375 0.03515625
25 0.1625 0.5171875 0.04296875 0.059375
11 0.2109375 0.50390625 0.03359375 0.03203125
11 0.2421875 0.51015625 0.0203125 0.03984375
25 0.28125 0.51015625 0.04609375 0.0484375
17 0.33984375 0.4953125 0.04765625 0.04765625
4 0.38046875 0.5203125 0.0296875 0.04375
31 0.41640625 0.5109375 0.03828125 0.05625
1 0.4734375 0.50078125 0.04765625 0.0453125
1 0.5265625 0.52421875 0.04921875 0.0609375
0 0.57421875 0.5296875 0.0359375 0.0375
2 0.60859375 0.51328125 0.025 0.07578125
2 0.66796875 0.53046875 0.03359375 0.0328125
2 0.7078125 0.49453125 0.03203125 0.04140625
3 0.80234375 0.521875 0.1015625 0.0703125
33 0.715625 0.69296875 0.02578125 0.08125
5 0.62734375 0.690625 0.028125 0.0859375
30 0.5734375 0.6703125 0.021875 0.1109375
12 0.51171875 0.659375 0.0328125 0.08671875
12 0.478125 0.65078125 0.02890625 0.078125
20 0.43828125 0.6875 0.03359375 0.08203125
20 0.39921875 0.68828125 0.0359375 0.08125
21 0.35625 0.65078125 0.0203125 0.0796875
21 0.3328125 0.67109375 0.0234375 0.0828125
21 0.290625 0.69140625 0.03515625 0.08828125
23 0.25390625 0.66875 0.03046875 0.06640625
19 0.22265625 0.69375 0.0234375 0.07265625
18 0.190625 0.70390625 0.03828125 0.084375
18 0.14296875 0.6953125 0.03984375 0.08515625
18 0.0953125 0.71015625 0.0515625 0.08125