25 0.06328125 0.16875 0.0421875 0.0828125
25 0.1109375 0.15234375 0.03828125 0.11171875
25 0.15703125 0.15390625 0.0390625 0.1109375
25 0.2078125 0.1515625 0.04921875 0.11796875
25 0.27578125 0.15859375 0.04765625 0.10390625
25 0.3203125 0.171875 0.0296875 0.078125
25 0.36015625 0.16015625 0.046875 0.10078125
25 0.41953125 0.1640625 0.05 0.084375
25 0.4640625 0.16328125 0.0234375 0.09140625
25 0.49921875 0.1703125 0.0359375 0.0921875
25 0.54609375 0.1625 0.046875 0.10234375
25 0.596875 0.1640625 0.04453125 0.103125
25 0.65546875 0.16328125 0.0484375 0.1046875
25 0.71171875 0.1640625 0.04921875 0.1078125
25 0.7671875 0.17421875 0.05390625 0.0859375
25 0.83203125 0.1703125 0.06640625 0.09296875
25 0.90546875 0.16015625 0.06328125 0.11484375
25 0.91484375 0.3921875 0.0671875 0.07109375
25 0.84765625 0.3859375 0.05390625 0.07890625
25 0.79453125 0.396875 0.0421875 0.053125
25 0.73828125 0.3984375 0.05859375 0.06171875
25 0.67109375 0.4109375 0.05 0.04765625
25 0.62109375 0.39140625 0.04609375 0.06484375
25 0.55546875 0.3828125 0.04765625 0.0859375
25 0.4921875 0.38359375 0.0484375 0.09296875
25 0.44765625 0.38203125 0.034375 0.090625
25 0.40390625 0.39453125 0.04609375 0.065625
25 0.34609375 0.38515625 0.05546875 0.08203125
25 0.2859375 0.378125 0.053125 0.08984375
25 0.22890625 0.3953125 0.0515625 0.0703125
25 0.16953125 0.38671875 0.05078125 0.08828125
25 0.11640625 0.38125 0.04609375 0.08671875
25 0.06796875 0.359375 0.0453125 0.1015625
25 0.0671875 0.58515625 0.05 0.06875
25 0.1265625 0.584375 0.0453125 0.0671875
25 0.1796875 0.584375 0.04296875 0.0953125
25 0.23125 0.5921875 0.04296875 0.059375
25 0.28046875 0.58515625 0.04609375 0.06484375
25 0.3296875 0.59453125 0.040625 0.08046875
25 0.3703125 0.5953125 0.0328125 0.0609375
25 0.42109375 0.59609375 0.0515625 0.06796875
25 0.48203125 0.596875 0.04140625 0.0609375
25 0.5296875 0.59921875 0.03671875 0.05625
25 0.56875 0.59921875 0.0296875 0.05625
25 0.6171875 0.6 0.04765625 0.05078125
25 0.66875 0.59609375 0.0453125 0.05078125
25 0.7078125 0.59140625 0.02578125 0.0421875
2 0.7390625 0.59765625 0.021875 0.06953125
2 0.7640625 0.60078125 0.0203125 0.0734375
2 0.78671875 0.59375 0.01875 0.0671875
2 0.809375 0.5953125 0.0203125 0.08046875
2 0.83203125 0.59453125 0.01953125 0.078125
3 0.859375 0.59921875 0.02421875 0.07734375
3 0.88671875 0.59921875 0.02421875 0.0765625
3 0.9328125 0.5953125 0.0625 0.07421875
33 0.88125 0.8109375 0.028125 0.109375
5 0.8171875 0.809375 0.02578125 0.109375
30 0.74375 0.7875 0.0234375 0.14140625
12 0.6625 0.7984375 0.034375 0.11328125
20 0.5953125 0.815625 0.03046875 0.11015625
20 0.5640625 0.8078125 0.028125 0.11015625
21 0.50234375 0.8078125 0.025 0.11875
21 0.46171875 0.80390625 0.02578125 0.11484375
21 0.42578125 0.8046875 0.028125 0.11640625
21 0.40234375 0.76875 0.015625 0.10078125
23 0.3609375 0.80625 0.0515625 0.08984375
22 0.309375 0.809375 0.0484375 0.08671875
19 0.2578125 0.8140625 0.04765625 0.090625
18 0.20390625 0.8046875 0.04609375 0.1
18 0.15390625 0.80390625 0.04140625 0.103125
18 0.1078125 0.8171875 0.04453125 0.090625
18 0.059375 0.80703125 0.04609375 0.10390625