34 0.0546875 0.1953125 0.0421875 0.10703125
34 0.2546875 0.20703125 0.03984375 0.08515625
13 0.2078125 0.19609375 0.04453125 0.10625
28 0.16484375 0.1890625 0.0328125 0.07890625
36 0.34140625 0.1046875 0.06875 0.03984375
28 0.3875 0.14296875 0.0875 0.03046875
35 0.35625 0.2171875 0.04765625 0.07578125
35 0.49296875 0.209375 0.0421875 0.08671875
32 0.4125 0.225 0.0515625 0.0609375
26 0.56640625 0.2390625 0.0609375 0.0375
28 0.58359375 0.18125 0.04765625 0.04609375
28 0.70859375 0.2359375 0.08125 0.04375
28 0.6765625 0.1859375 0.040625 0.0390625
8 0.7921875 0.23984375 0.0671875 0.040625
8 0.8578125 0.19296875 0.053125 0.0796875
28 0.79375 0.19921875 0.0546875 0.03515625
2 0.8828125 0.2515625 0.08984375 0.02109375
25 0.63125 0.20234375 0.04375 0.10625
25 0.30234375 0.2125 0.05 0.084375
36 0.1015625 0.32421875 0.0734375 0.04453125
36 0.18828125 0.3796875 0.03203125 0.06640625
29 0.0609375 0.38828125 0.040625 0.0390625
25 0.13046875 0.390625 0.0703125 0.059375
25 0.21171875 0.446875 0.07734375 0.0375
33 0.23125 0.38984375 0.02109375 0.06796875
14 0.2984375 0.41484375 0.0359375 0.06484375
13 0.3375 0.396875 0.0375 0.0703125
13 0.3796875 0.36953125 0.04296875 0.0515625
19 0.38671875 0.4328125 0.053125 0.06484375
9 0.5296875 0.41875 0.06171875 0.06484375
9 0.8078125 0.3875 0.0359375 0.0875
9 0.88203125 0.40078125 0.0453125 0.0765625
21 0.653125 0.4015625 0.03359375 0.090625
26 0.703125 0.33828125 0.03828125 0.04296875
18 0.7546875 0.4125 0.05546875 0.0640625
2 0.84375 0.396875 0.021875 0.09375
34 0.7 0.409375 0.04375 0.0859375
6 0.06875 0.61015625 0.04453125 0.0671875
18 0.11953125 0.6125 0.0453125 0.07109375
6 0.18046875 0.58203125 0.0359375 0.05703125
4 0.22109375 0.60546875 0.03203125 0.06328125
11 0.16171875 0.53203125 0.05546875 0.03046875
7 0.1390625 0.5625 0.04140625 0.0203125
16 0.27109375 0.5875 0.040625 0.04375
11 0.31796875 0.546875 0.046875 0.05546875
22 0.32734375 0.6171875 0.06171875 0.06875
20 0.3828125 0.6203125 0.0265625 0.06640625
31 0.4078125 0.5609375 0.03046875 0.04453125
17 0.45390625 0.57421875 0.0375 0.0515625
1 0.46953125 0.6234375 0.05625 0.0375
31 0.5 0.54765625 0.034375 0.03359375
3 0.58203125 0.621875 0.13984375 0.02421875
31 0.55859375 0.5703125 0.02890625 0.0515625
18 0.72109375 0.60078125 0.0421875 0.071875
9 0.8171875 0.56328125 0.1046875 0.04609375
3 0.878125 0.61484375 0.03203125 0.04609375
36 0.096875 0.71875 0.04453125 0.06484375
20 0.1359375 0.75078125 0.02421875 0.0734375
7 0.0984375 0.8234375 0.07109375 0.046875
18 0.171875 0.7921875 0.04140625 0.0859375
18 0.21875 0.80703125 0.04140625 0.08046875
20 0.2734375 0.79296875 0.02421875 0.10078125
23 0.3390625 0.78515625 0.04296875 0.0609375
25 0.3328125 0.7140625 0.05234375 0.05859375
21 0.39140625 0.75625 0.02890625 0.090625
28 0.4625 0.76171875 0.04375 0.11875
12 0.52890625 0.7828125 0.03203125 0.1
20 0.57109375 0.7578125 0.0234375 0.07734375
35 0.6078125 0.7796875 0.0390625 0.1421875
25 0.68515625 0.8125 0.096875 0.06015625
30 0.71015625 0.73046875 0.0171875 0.10078125
5 0.76796875 0.790625 0.02421875 0.07734375
33 0.8375 0.7671875 0.02109375 0.0796875
24 0.89296875 0.79296875 0.07578125 0.10390625
25 0.803125 0.740625 0.03515625 0.0859375