34 0.125 0.1296875 0.04296875 0.09609375
34 0.17109375 0.13046875 0.03828125 0.0984375
25 0.23515625 0.134375 0.0453125 0.090625
34 0.30234375 0.14296875 0.03984375 0.07578125
35 0.35 0.14375 0.04296875 0.0765625
35 0.396875 0.14921875 0.04140625 0.06640625
35 0.43671875 0.1484375 0.028125 0.06328125
35 0.47421875 0.1484375 0.03515625 0.0609375
35 0.5171875 0.15078125 0.034375 0.0578125
28 0.57421875 0.14296875 0.03984375 0.0671875
12 0.615625 0.1421875 0.0296875 0.0796875
28 0.6609375 0.1515625 0.040625 0.059375
28 0.70546875 0.146875 0.04140625 0.06953125
28 0.75625 0.15078125 0.0421875 0.06015625
8 0.8171875 0.134375 0.05625 0.0953125
25 0.8921875 0.1375 0.05 0.08203125
9 0.8796875 0.31796875 0.04921875 0.0625
9 0.81796875 0.3125 0.040625 0.07265625
25 0.771875 0.33359375 0.046875 0.0390625
10 0.725 0.3359375 0.0390625 0.0375
25 0.67265625 0.315625 0.04765625 0.03515625
25 0.609375 0.33203125 0.0421875 0.059375
26 0.5640625 0.31875 0.0421875 0.06328125
26 0.50859375 0.31875 0.04609375 0.06953125
14 0.4671875 0.32265625 0.02890625 0.0609375
21 0.4390625 0.31484375 0.02265625 0.08359375
13 0.38046875 0.31796875 0.046875 0.0703125
13 0.33359375 0.30625 0.0421875 0.0828125
36 0.28671875 0.31875 0.04140625 0.0734375
25 0.2375 0.31484375 0.04609375 0.08046875
29 0.1796875 0.30625 0.05 0.08515625
34 0.12265625 0.29921875 0.0453125 0.1015625
18 0.0984375 0.50234375 0.05625 0.06015625
11 0.15546875 0.5109375 0.04140625 0.05078125
28 0.22421875 0.5125 0.07890625 0.03515625
6 0.22578125 0.46796875 0.0390625 0.04765625
11 0.30625 0.51171875 0.04609375 0.0421875
6 0.31328125 0.4640625 0.0421875 0.0453125
25 0.3609375 0.4984375 0.04140625 0.06953125
16 0.43984375 0.5046875 0.0296875 0.028125
17 0.47265625 0.50859375 0.0296875 0.053125
17 0.5015625 0.46796875 0.03515625 0.021875
4 0.52109375 0.51640625 0.03984375 0.040625
31 0.56171875 0.5109375 0.0265625 0.0453125
1 0.6015625 0.50546875 0.03671875 0.046875
1 0.646875 0.51015625 0.04140625 0.0421875
0 0.69296875 0.5125 0.0265625 0.02734375
2 0.71875 0.5078125 0.0171875 0.05078125
2 0.74140625 0.50546875 0.0203125 0.05625
2 0.8125 0.4984375 0.109375 0.01484375
33 0.803125 0.459375 0.02265625 0.059375
3 0.8796875 0.52265625 0.078125 0.02578125
3 0.88046875 0.7046875 0.05546875 0.09453125
33 0.81171875 0.6609375 0.025 0.0921875
28 0.7546875 0.6890625 0.04375 0.12578125
30 0.709375 0.66640625 0.02421875 0.12578125
12 0.65546875 0.65078125 0.03046875 0.0875
20 0.63203125 0.7203125 0.06953125 0.046875
20 0.578125 0.6609375 0.025 0.08671875
20 0.5515625 0.64765625 0.025 0.05859375
25 0.53984375 0.7203125 0.03203125 0.07734375
21 0.503125 0.6765625 0.0234375 0.09921875
21 0.47578125 0.66875 0.025 0.09140625
23 0.42265625 0.67578125 0.0484375 0.0828125
22 0.36171875 0.67734375 0.04609375 0.08359375
19 0.31171875 0.7015625 0.0453125 0.08515625
18 0.265625 0.68046875 0.040625 0.08671875
34 0.2734375 0.61171875 0.09375 0.0375
18 0.21953125 0.6796875 0.0453125 0.08359375
18 0.12734375 0.67890625 0.05390625 0.0890625