34 0.05546875 0.165625 0.04609375 0.07890625
34 0.1125 0.15234375 0.04296875 0.046875
34 0.1453125 0.14609375 0.0140625 0.05546875
28 0.1625 0.16875 0.01796875 0.08125
13 0.196875 0.16328125 0.0484375 0.0921875
35 0.2484375 0.1734375 0.04609375 0.075
25 0.30703125 0.18125 0.04921875 0.06015625
35 0.3484375 0.18125 0.0296875 0.05625
28 0.371875 0.10546875 0.0640625 0.04375
32 0.396875 0.175 0.05078125 0.0390625
28 0.49296875 0.0953125 0.05 0.0375
35 0.51796875 0.15546875 0.04140625 0.04921875
21 0.55234375 0.175 0.02578125 0.08984375
28 0.609375 0.15234375 0.046875 0.0453125
26 0.59921875 0.19609375 0.0578125 0.03828125
25 0.6625 0.16484375 0.05546875 0.10859375
28 0.70625 0.15078125 0.028125 0.03984375
28 0.75 0.190625 0.06328125 0.040625
8 0.87890625 0.15859375 0.05234375 0.08046875
8 0.8203125 0.19609375 0.06171875 0.03125
2 0.871875 0.37109375 0.02421875 0.0921875
9 0.90546875 0.3828125 0.0421875 0.08203125
9 0.8359375 0.36640625 0.04140625 0.09453125
18 0.78359375 0.390625 0.05703125 0.07578125
26 0.73046875 0.3265625 0.03828125 0.071875
21 0.6828125 0.378125 0.03515625 0.09609375
9 0.571875 0.384375 0.0640625 0.04921875
34 0.50234375 0.375 0.05 0.0890625
34 0.434375 0.35078125 0.04921875 0.03984375
19 0.39140625 0.4015625 0.06015625 0.0578125
13 0.38125 0.34375 0.04375 0.04453125
13 0.33671875 0.371875 0.0390625 0.05546875
14 0.2984375 0.3890625 0.03046875 0.0578125
13 0.28046875 0.34921875 0.04140625 0.01796875
33 0.22890625 0.3625 0.02109375 0.07109375
36 0.18828125 0.3609375 0.03125 0.059375
36 0.1 0.3078125 0.05703125 0.0390625
29 0.059375 0.38046875 0.04453125 0.0625
7 0.08984375 0.55234375 0.04609375 0.03984375
6 0.14375 0.528125 0.03671875 0.04296875
18 0.12265625 0.609375 0.05078125 0.06640625
6 0.18359375 0.571875 0.0359375 0.071875
4 0.2328125 0.59765625 0.034375 0.05859375
16 0.27578125 0.57421875 0.04296875 0.053125
11 0.32421875 0.540625 0.03671875 0.05546875
22 0.3546875 0.61875 0.04375 0.0734375
31 0.41796875 0.559375 0.02890625 0.04140625
20 0.5 0.61015625 0.0609375 0.0390625
31 0.5390625 0.5484375 0.0390625 0.0328125
31 0.5703125 0.55078125 0.021875 0.0265625
31 0.59296875 0.56171875 0.0203125 0.034375
3 0.6 0.59765625 0.06328125 0.03671875
18 0.73359375 0.58671875 0.0515625 0.07890625
9 0.853125 0.55703125 0.1078125 0.04375
3 0.91015625 0.6046875 0.034375 0.0453125
3 0.86015625 0.60546875 0.03046875 0.0328125
3 0.64609375 0.5609375 0.025 0.075
24 0.92265625 0.8015625 0.0609375 0.08671875
33 0.86796875 0.76953125 0.025 0.07890625
5 0.8015625 0.78828125 0.0234375 0.09140625
30 0.74140625 0.728125 0.0234375 0.11328125
35 0.646875 0.7703125 0.0421875 0.1234375
28 0.7109375 0.7484375 0.03515625 0.040625
25 0.71953125 0.8125 0.09296875 0.046875
20 0.61171875 0.75234375 0.0265625 0.0875
12 0.5734375 0.7703125 0.0328125 0.09765625
28 0.5140625 0.75546875 0.040625 0.1078125
21 0.4859375 0.74375 0.01328125 0.09140625
13 0.46875 0.75078125 0.01875 0.10078125
21 0.4203125 0.7828125 0.028125 0.1015625
23 0.36640625 0.8046875 0.0453125 0.10234375
17 0.30703125 0.828125 0.0359375 0.1234375
18 0.23828125 0.85 0.05078125 0.07578125
18 0.18046875 0.83359375 0.0484375 0.07421875
36 0.18828125 0.74921875 0.053125 0.08359375
20 0.13984375 0.76875 0.02734375 0.09296875
7 0.1046875 0.8453125 0.078125 0.0484375