34 0.15 0.20625 0.04140625 0.040625
34 0.246875 0.2453125 0.040625 0.07578125
35 0.46171875 0.2359375 0.05390625 0.08203125
28 0.5125 0.1984375 0.04296875 0.04296875
28 0.56015625 0.20078125 0.04375 0.0453125
28 0.6796875 0.24296875 0.03984375 0.05703125
28 0.73359375 0.22265625 0.0484375 0.053125
28 0.65390625 0.18515625 0.075 0.05078125
8 0.796875 0.1984375 0.0578125 0.0734375
8 0.86640625 0.2203125 0.06015625 0.10546875
9 0.8625 0.371875 0.0484375 0.078125
9 0.815625 0.384375 0.0421875 0.06171875
10 0.79453125 0.44375 0.06015625 0.0546875
25 0.72890625 0.44296875 0.0609375 0.0609375
27 0.60078125 0.39453125 0.04453125 0.05234375
27 0.58984375 0.4515625 0.06328125 0.0421875
25 0.53515625 0.4046875 0.04765625 0.06015625
26 0.484375 0.39765625 0.04296875 0.05625
25 0.4359375 0.40234375 0.04375 0.0625
13 0.384375 0.4078125 0.04609375 0.07421875
36 0.3078125 0.36796875 0.04296875 0.04609375
36 0.25625 0.3703125 0.04375 0.05703125
29 0.20625 0.3765625 0.0453125 0.05625
29 0.15546875 0.3765625 0.04140625 0.05703125
29 0.12578125 0.4421875 0.059375 0.0421875
25 0.1953125 0.4265625 0.0703125 0.0421875
25 0.3046875 0.42890625 0.0625 0.0515625
26 0.50390625 0.4578125 0.0609375 0.04296875
3 0.865625 0.56171875 0.0203125 0.0421875
3 0.81875 0.5640625 0.02578125 0.04375
2 0.75 0.56875 0.03984375 0.06953125
2 0.78828125 0.55234375 0.0234375 0.046875
0 0.675 0.58984375 0.02734375 0.04765625
1 0.59140625 0.58203125 0.03984375 0.05859375
31 0.540625 0.55078125 0.03125 0.04375
4 0.49140625 0.60625 0.03984375 0.04375
4 0.5078125 0.5609375 0.028125 0.034375
17 0.46796875 0.5453125 0.03828125 0.04140625
17 0.4421875 0.5921875 0.0453125 0.02890625
16 0.42578125 0.55 0.03125 0.040625
11 0.325 0.521875 0.04296875 0.0296875
11 0.278125 0.5234375 0.03828125 0.02734375
6 0.23515625 0.5375 0.0375 0.06640625
7 0.18828125 0.53671875 0.0375 0.053125
7 0.14609375 0.521875 0.03359375 0.0546875
25 0.14140625 0.59296875 0.0796875 0.0359375
25 0.2234375 0.6015625 0.04609375 0.06015625
25 0.284375 0.55546875 0.034375 0.03359375
25 0.39609375 0.596875 0.04140625 0.0390625
33 0.790625 0.71484375 0.02578125 0.07109375
5 0.72890625 0.74296875 0.025 0.06640625
30 0.67421875 0.74296875 0.021875 0.09453125
12 0.61796875 0.7125 0.0296875 0.07734375
20 0.5609375 0.7203125 0.03203125 0.08125
20 0.52734375 0.709375 0.03125 0.07265625
21 0.47578125 0.71875 0.0390625 0.0703125
23 0.39921875 0.74921875 0.04765625 0.0625
22 0.35 0.7625 0.03984375 0.07421875
19 0.2828125 0.74296875 0.05546875 0.06796875
18 0.20859375 0.68359375 0.04765625 0.04921875
18 0.16953125 0.771875 0.05390625 0.0828125
18 0.11484375 0.73359375 0.03828125 0.0875
21 0.4390625 0.73828125 0.028125 0.0796875
23 0.40625 0.6734375 0.04375 0.03984375
19 0.2890625 0.67890625 0.04765625 0.0421875
25 0.62578125 0.25390625 0.0609375 0.07421875
25 0.29609375 0.24140625 0.05 0.07734375
25 0.2015625 0.23671875 0.04609375 0.09609375
35 0.37109375 0.2140625 0.0390625 0.05234375