34 0.09375 0.13203125 0.04375 0.08671875
34 0.13828125 0.13671875 0.0375 0.0734375
34 0.1796875 0.1328125 0.03671875 0.06953125
34 0.2234375 0.13984375 0.0375 0.0609375
34 0.26796875 0.14140625 0.0375 0.06171875
35 0.31015625 0.1484375 0.0390625 0.0484375
35 0.35859375 0.1453125 0.0359375 0.05546875
35 0.403125 0.15234375 0.02890625 0.0515625
35 0.46796875 0.1421875 0.03984375 0.0625
35 0.43359375 0.14921875 0.02265625 0.04765625
11 0.53203125 0.14921875 0.04375 0.0609375
11 0.5875 0.14296875 0.0484375 0.065625
28 0.68125 0.1484375 0.0375 0.059375
28 0.75078125 0.1515625 0.04140625 0.0546875
8 0.81328125 0.14140625 0.0578125 0.078125
8 0.88203125 0.1359375 0.0640625 0.08203125
28 0.64140625 0.14921875 0.03515625 0.05859375
29 0.0890625 0.325 0.046875 0.078125
29 0.1515625 0.3265625 0.0421875 0.06171875
36 0.1984375 0.32578125 0.04140625 0.07421875
36 0.24609375 0.32578125 0.04453125 0.0625
13 0.29921875 0.3234375 0.04609375 0.065625
13 0.35234375 0.32421875 0.0453125 0.06953125
14 0.39765625 0.33125 0.02890625 0.06484375
14 0.43046875 0.3328125 0.02890625 0.05703125
26 0.4796875 0.33046875 0.04453125 0.06953125
26 0.53046875 0.33515625 0.04921875 0.0546875
27 0.59375 0.33828125 0.0484375 0.05390625
24 0.69765625 0.3421875 0.0625 0.0421875
10 0.75625 0.34765625 0.046875 0.0484375
9 0.80859375 0.33359375 0.0546875 0.065625
9 0.86484375 0.32890625 0.05078125 0.0703125
3 0.86875 0.53046875 0.09140625 0.0640625
2 0.76171875 0.534375 0.11484375 0.06328125
1 0.6796875 0.5421875 0.046875 0.04453125
1 0.6296875 0.54375 0.04375 0.0421875
0 0.58203125 0.53984375 0.040625 0.03515625
16 0.5359375 0.54140625 0.040625 0.0375
4 0.48984375 0.54296875 0.0453125 0.04140625
17 0.44296875 0.5375 0.03828125 0.04609375
17 0.47890625 0.4984375 0.03828125 0.03203125
31 0.38515625 0.5484375 0.03671875 0.0453125
32 0.3359375 0.52734375 0.0421875 0.06171875
11 0.27421875 0.51328125 0.04453125 0.0546875
11 0.2296875 0.51484375 0.03984375 0.0515625
6 0.18046875 0.521875 0.03828125 0.0640625
7 0.1375 0.50859375 0.04765625 0.0609375
7 0.0984375 0.5 0.02890625 0.059375
5 0.8875 0.71171875 0.025 0.1
5 0.8578125 0.7140625 0.02109375 0.10390625
12 0.78671875 0.7046875 0.0359375 0.10234375
33 0.715625 0.7171875 0.02578125 0.10234375
33 0.6875 0.7046875 0.028125 0.0984375
30 0.60859375 0.68828125 0.02890625 0.128125
23 0.53515625 0.721875 0.059375 0.0875
20 0.4546875 0.7171875 0.03828125 0.1046875
20 0.41796875 0.71640625 0.02890625 0.1109375
23 0.3625 0.69453125 0.04375 0.0984375
23 0.315625 0.7203125 0.0453125 0.09453125
19 0.26875 0.72890625 0.04453125 0.06171875
11 0.25546875 0.6671875 0.05 0.053125
18 0.22109375 0.73046875 0.0453125 0.06640625
18 0.17421875 0.72421875 0.04609375 0.08046875
6 0.1484375 0.6578125 0.0484375 0.04296875
18 0.125 0.734375 0.046875 0.0703125
18 0.0765625 0.7234375 0.04296875 0.0921875