34 0.08984375 0.1828125 0.0390625 0.0921875
34 0.14140625 0.17734375 0.04765625 0.103125
34 0.19296875 0.178125 0.0421875 0.10234375
34 0.240625 0.17578125 0.04609375 0.10625
34 0.29453125 0.178125 0.05 0.103125
35 0.3453125 0.18828125 0.04453125 0.0796875
1 0.40703125 0.196875 0.0609375 0.06796875
35 0.47890625 0.17109375 0.046875 0.0984375
28 0.5421875 0.16875 0.046875 0.10078125
28 0.5953125 0.17578125 0.04453125 0.0875
28 0.646875 0.175 0.04765625 0.09140625
24 0.725 0.17734375 0.07109375 0.09140625
8 0.8125 0.17265625 0.0625 0.1015625
8 0.88515625 0.16484375 0.0671875 0.1125
9 0.90703125 0.3953125 0.06171875 0.1
9 0.84140625 0.3953125 0.06015625 0.0890625
10 0.775 0.39765625 0.04765625 0.04609375
24 0.72109375 0.403125 0.05078125 0.0375
15 0.6609375 0.4125 0.05390625 0.0546875
27 0.60546875 0.39609375 0.04609375 0.06875
26 0.54765625 0.39765625 0.05 0.0765625
26 0.490625 0.4 0.04765625 0.0796875
13 0.39296875 0.39609375 0.059375 0.0890625
13 0.328125 0.3953125 0.05703125 0.08203125
14 0.26796875 0.39765625 0.0484375 0.0921875
36 0.21484375 0.38828125 0.05 0.09453125
29 0.15703125 0.3875 0.0484375 0.08515625
29 0.10234375 0.3796875 0.05 0.08828125
23 0.10625 0.60078125 0.05703125 0.08984375
7 0.16875 0.5859375 0.040625 0.08046875
6 0.21796875 0.59609375 0.04375 0.09296875
11 0.26796875 0.60234375 0.04609375 0.06015625
11 0.3140625 0.5734375 0.0375 0.0625
11 0.26796875 0.55546875 0.03984375 0.028125
32 0.3640625 0.6 0.0453125 0.0796875
16 0.4109375 0.6 0.040625 0.06796875
17 0.4796875 0.59453125 0.0421875 0.07265625
20 0.53515625 0.6078125 0.03359375 0.10390625
31 0.56640625 0.6078125 0.025 0.06171875
1 0.603125 0.61484375 0.04140625 0.06875
10 0.65234375 0.6109375 0.05 0.06953125
0 0.6984375 0.609375 0.0296875 0.0453125
2 0.7265625 0.603125 0.021875 0.0734375
2 0.74921875 0.6046875 0.01796875 0.07421875
2 0.77109375 0.60390625 0.01875 0.0703125
2 0.7921875 0.6 0.0171875 0.07109375
2 0.8140625 0.6015625 0.01875 0.07421875
3 0.8890625 0.609375 0.1171875 0.07421875
33 0.8671875 0.8109375 0.02578125 0.10546875
5 0.80625 0.81015625 0.0265625 0.11015625
30 0.73125 0.78828125 0.0265625 0.13671875
12 0.6546875 0.79609375 0.03203125 0.1078125
20 0.59140625 0.8109375 0.0296875 0.10234375
20 0.5609375 0.78515625 0.0265625 0.09375
21 0.5015625 0.796875 0.03359375 0.0984375
21 0.46875 0.7765625 0.028125 0.09921875
22 0.35 0.80703125 0.05 0.1015625
19 0.29921875 0.8078125 0.0453125 0.096875
21 0.25625 0.82890625 0.03671875 0.1140625
18 0.2 0.809375 0.0484375 0.0984375
18 0.15078125 0.81328125 0.04609375 0.10078125
18 0.09765625 0.81484375 0.0515625 0.10546875