34 0.09453125 0.2515625 0.04375 0.10390625
34 0.14140625 0.2578125 0.040625 0.08671875
34 0.17578125 0.2484375 0.02578125 0.10078125
34 0.20390625 0.25625 0.01953125 0.08359375
35 0.228125 0.26328125 0.0265625 0.06640625
35 0.275 0.2734375 0.06484375 0.0578125
35 0.34375 0.2625 0.059375 0.06640625
28 0.42578125 0.25703125 0.053125 0.08671875
28 0.48828125 0.25390625 0.06015625 0.096875
28 0.62890625 0.26484375 0.0578125 0.078125
28 0.709375 0.25703125 0.05078125 0.0890625
28 0.6703125 0.2515625 0.02109375 0.059375
13 0.5484375 0.28203125 0.05078125 0.0421875
8 0.796875 0.259375 0.075 0.084375
8 0.87890625 0.246875 0.07578125 0.10625
9 0.884375 0.4578125 0.05625 0.07578125
9 0.81171875 0.45859375 0.0546875 0.0734375
10 0.72890625 0.4734375 0.0578125 0.0421875
24 0.65859375 0.47265625 0.075 0.046875
15 0.57734375 0.4765625 0.059375 0.034375
27 0.50625 0.46953125 0.0625 0.05859375
26 0.43046875 0.46875 0.053125 0.05859375
26 0.3390625 0.465625 0.05859375 0.06328125
14 0.2859375 0.46953125 0.03984375 0.05859375
36 0.2140625 0.46015625 0.02734375 0.07421875
36 0.17890625 0.459375 0.0359375 0.06953125
29 0.11875 0.46015625 0.03671875 0.06328125
29 0.071875 0.465625 0.04140625 0.0546875
7 0.0671875 0.62421875 0.028125 0.04296875
7 0.125 0.60390625 0.02578125 0.0328125
7 0.09296875 0.59140625 0.03046875 0.01953125
7 0.175 0.6609375 0.05859375 0.0296875
11 0.1640625 0.62109375 0.03046875 0.04375
11 0.21640625 0.646875 0.02578125 0.03828125
25 0.0921875 0.659375 0.06953125 0.02578125
21 0.290625 0.609375 0.04140625 0.07421875
17 0.346875 0.628125 0.05625 0.03828125
1 0.5 0.62734375 0.03984375 0.02578125
1 0.4796875 0.653125 0.0703125 0.0203125
1 0.55703125 0.6625 0.04765625 0.03359375
1 0.5609375 0.63046875 0.0484375 0.021875
0 0.60859375 0.66796875 0.04296875 0.02265625
3 0.85859375 0.64921875 0.121875 0.06484375
2 0.7328125 0.65078125 0.12109375 0.05703125
33 0.83671875 0.84921875 0.02890625 0.05546875
33 0.8015625 0.8234375 0.0390625 0.03359375
30 0.7515625 0.80859375 0.05234375 0.0421875
30 0.6828125 0.834375 0.08359375 0.03203125
30 0.5953125 0.77890625 0.025 0.10234375
30 0.56328125 0.80625 0.02890625 0.11015625
20 0.525 0.81015625 0.03984375 0.0796875
20 0.45390625 0.83984375 0.09296875 0.03984375
20 0.46953125 0.78515625 0.0359375 0.0625
20 0.4328125 0.78828125 0.034375 0.0578125
21 0.371875 0.8125 0.034375 0.0875
21 0.3375 0.8015625 0.0328125 0.08359375
19 0.21328125 0.80703125 0.05390625 0.07578125
18 0.1609375 0.809375 0.04453125 0.05078125
18 0.10625 0.80546875 0.03984375 0.0546875
18 0.06015625 0.81796875 0.0421875 0.05