34 0.10234375 0.10625 0.0515625 0.090625
34 0.15703125 0.11328125 0.04375 0.07578125
34 0.19609375 0.1046875 0.03046875 0.096875
34 0.2390625 0.11328125 0.03984375 0.08046875
34 0.28359375 0.11328125 0.04375 0.0703125
35 0.33515625 0.12109375 0.04765625 0.07265625
35 0.38828125 0.12265625 0.04296875 0.071875
35 0.4375 0.1296875 0.04140625 0.0484375
35 0.5 0.1328125 0.04609375 0.06328125
28 0.565625 0.128125 0.03125 0.0703125
28 0.60546875 0.1234375 0.03828125 0.0921875
28 0.703125 0.13359375 0.03828125 0.0796875
28 0.7625 0.12890625 0.03828125 0.09296875
28 0.73359375 0.13203125 0.015625 0.04921875
8 0.81875 0.13203125 0.05078125 0.071875
8 0.8765625 0.128125 0.05 0.0859375
9 0.8046875 0.3421875 0.0421875 0.059375
9 0.859375 0.3265625 0.0390625 0.053125
24 0.70546875 0.3453125 0.0640625 0.0359375
27 0.61015625 0.34296875 0.0421875 0.05078125
26 0.565625 0.328125 0.02890625 0.04453125
25 0.53203125 0.34453125 0.03359375 0.065625
26 0.49453125 0.3390625 0.02734375 0.0609375
25 0.4671875 0.33125 0.02421875 0.08359375
14 0.42890625 0.31015625 0.0234375 0.0421875
14 0.40390625 0.3328125 0.025 0.0671875
13 0.35 0.32890625 0.03671875 0.0703125
13 0.3125 0.30546875 0.03359375 0.05078125
13 0.28203125 0.3109375 0.0203125 0.0515625
36 0.23359375 0.31640625 0.03125 0.06015625
36 0.1984375 0.3203125 0.03203125 0.07109375
25 0.13125 0.32109375 0.04296875 0.0875
29 0.08125 0.33046875 0.03359375 0.06640625
7 0.07421875 0.5171875 0.03359375 0.0578125
7 0.11015625 0.475 0.0328125 0.01953125
7 0.15078125 0.4890625 0.021875 0.04375
11 0.19140625 0.51328125 0.03671875 0.05390625
7 0.209375 0.5640625 0.06484375 0.03359375
11 0.25703125 0.5375 0.03046875 0.046875
25 0.30234375 0.546875 0.04453125 0.065625
32 0.340625 0.5203125 0.03046875 0.0703125
21 0.378125 0.4671875 0.02890625 0.05703125
21 0.45546875 0.48046875 0.0140625 0.05078125
17 0.49375 0.5125 0.0296875 0.03046875
1 0.58515625 0.54453125 0.0484375 0.0234375
1 0.684375 0.53671875 0.0421875 0.021875
0 0.6828125 0.56796875 0.03515625 0.03046875
1 0.65 0.52578125 0.0234375 0.02890625
31 0.51796875 0.54453125 0.059375 0.02265625
3 0.725 0.55390625 0.02265625 0.0703125
0 0.7609375 0.54375 0.04296875 0.02578125
2 0.80625 0.54921875 0.04609375 0.06953125
3 0.8640625 0.546875 0.0625 0.06796875
2 0.90859375 0.54765625 0.0203125 0.053125
33 0.87734375 0.7921875 0.02109375 0.05546875
33 0.8203125 0.75078125 0.02578125 0.1109375
5 0.77734375 0.7515625 0.025 0.06484375
5 0.725 0.7625 0.0375 0.04609375
30 0.67265625 0.70234375 0.0203125 0.13046875
30 0.63984375 0.7375 0.0234375 0.14140625
20 0.61015625 0.7421875 0.03046875 0.10546875
20 0.56953125 0.715625 0.03046875 0.0640625
20 0.53828125 0.7203125 0.028125 0.07734375
20 0.55 0.78125 0.08046875 0.0421875
21 0.48671875 0.7421875 0.03515625 0.103125
21 0.4546875 0.73359375 0.025 0.1046875
21 0.4296875 0.67265625 0.0234375 0.06796875
23 0.39921875 0.7609375 0.05703125 0.1
19 0.2640625 0.7671875 0.0515625 0.12109375
18 0.19765625 0.7671875 0.06875 0.0890625
18 0.12421875 0.66328125 0.05234375 0.0640625
18 0.06875 0.78203125 0.0578125 0.0921875
25 0.1234375 0.5546875 0.0625 0.04765625