34 0.06875 0.2421875 0.0453125 0.08359375
29 0.121875 0.19609375 0.0484375 0.03671875
13 0.21875 0.24140625 0.046875 0.0921875
34 0.27109375 0.2484375 0.0421875 0.07734375
25 0.32265625 0.2546875 0.05 0.06796875
36 0.35546875 0.17890625 0.06015625 0.0515625
34 0.3765625 0.25390625 0.04765625 0.0671875
32 0.41875 0.25703125 0.02890625 0.059375
34 0.48828125 0.22734375 0.0453125 0.10546875
21 0.5265625 0.2203125 0.025 0.0796875
26 0.575 0.25859375 0.06640625 0.03828125
25 0.6421875 0.225 0.05625 0.11015625
28 0.73125 0.25625 0.0890625 0.04765625
8 0.73984375 0.20625 0.0703125 0.04453125
14 0.7703125 0.15 0.05234375 0.06328125
8 0.88828125 0.209375 0.06171875 0.0921875
2 0.9265625 0.26796875 0.090625 0.01796875
2 0.8765625 0.4375 0.02421875 0.09140625
9 0.91953125 0.440625 0.05546875 0.078125
25 0.8375 0.45234375 0.0484375 0.0625
18 0.78515625 0.45234375 0.0484375 0.071875
26 0.7125 0.390625 0.0375 0.0671875
34 0.72421875 0.45703125 0.0390625 0.06171875
21 0.67734375 0.44140625 0.0296875 0.096875
30 0.6484375 0.46484375 0.021875 0.0546875
26 0.61484375 0.40625 0.046875 0.0421875
9 0.5609375 0.4625 0.0796875 0.05703125
25 0.48046875 0.44140625 0.05078125 0.09296875
19 0.415625 0.45859375 0.0515625 0.065625
13 0.41015625 0.4046875 0.046875 0.03671875
13 0.3640625 0.43046875 0.0375 0.06484375
14 0.321875 0.4421875 0.0390625 0.05234375
25 0.36640625 0.37265625 0.0671875 0.02265625
33 0.24140625 0.41484375 0.01953125 0.05390625
36 0.26328125 0.403125 0.0203125 0.08515625
25 0.215625 0.4640625 0.06953125 0.0359375
36 0.2109375 0.4140625 0.03359375 0.0578125
25 0.0875 0.43671875 0.05859375 0.0375
6 0.09140625 0.63046875 0.04921875 0.06875
18 0.1453125 0.63984375 0.0515625 0.0671875
18 0.22265625 0.56484375 0.04921875 0.06875
22 0.21796875 0.63359375 0.04921875 0.06171875
4 0.26171875 0.63359375 0.02734375 0.05390625
16 0.30546875 0.61328125 0.04375 0.034375
11 0.35546875 0.57890625 0.04765625 0.0453125
22 0.3671875 0.646875 0.065625 0.06875
17 0.48671875 0.62265625 0.03671875 0.04609375
1 0.51484375 0.6671875 0.0453125 0.03671875
31 0.52421875 0.60390625 0.02578125 0.04140625
20 0.43515625 0.6515625 0.03828125 0.0671875
20 0.5625 0.6140625 0.03125 0.0734375
3 0.621875 0.6671875 0.15 0.02265625
25 0.609375 0.6171875 0.0328125 0.06015625
2 0.64140625 0.625 0.01875 0.05703125
18 0.76484375 0.64296875 0.05625 0.06796875
9 0.85546875 0.61171875 0.10078125 0.0484375
3 0.92890625 0.65625 0.03671875 0.0453125
24 0.94140625 0.83125 0.075 0.08203125
33 0.88125 0.80859375 0.0234375 0.0578125
25 0.84140625 0.765625 0.0515625 0.0609375
5 0.8171875 0.83203125 0.02578125 0.059375
30 0.75234375 0.76953125 0.02109375 0.1015625
25 0.73515625 0.84375 0.103125 0.04140625
35 0.65703125 0.80390625 0.0359375 0.12734375
12 0.68671875 0.7890625 0.01875 0.04765625
20 0.61640625 0.78984375 0.02265625 0.05078125
12 0.58046875 0.81015625 0.03359375 0.0890625
25 0.59609375 0.7390625 0.06015625 0.03671875
28 0.51640625 0.79375 0.04140625 0.1078125
21 0.4859375 0.78671875 0.015625 0.08125
21 0.44609375 0.80078125 0.0328125 0.09765625
23 0.3875 0.8328125 0.0515625 0.06796875
25 0.38515625 0.759375 0.059375 0.06171875
25 0.34375 0.83046875 0.03046875 0.0734375
21 0.31328125 0.83359375 0.02578125 0.10859375
25 0.2875 0.796875 0.021875 0.12890625
18 0.24921875 0.85 0.046875 0.08828125
18 0.19921875 0.85078125 0.04921875 0.09609375
20 0.1625 0.78828125 0.01875 0.08203125
36 0.11875 0.75234375 0.0515625 0.07578125
7 0.11875 0.859375 0.07578125 0.05