34 0.14140625 0.11640625 0.0515625 0.09140625
34 0.18828125 0.115625 0.03671875 0.0828125
34 0.27421875 0.1140625 0.03984375 0.09296875
35 0.31796875 0.1171875 0.03984375 0.0859375
35 0.40859375 0.1265625 0.03046875 0.07578125
35 0.45234375 0.11328125 0.0484375 0.08671875
28 0.50859375 0.10703125 0.05625 0.0890625
28 0.56640625 0.109375 0.0515625 0.0859375
28 0.68359375 0.11328125 0.0421875 0.0734375
28 0.7390625 0.1046875 0.059375 0.09609375
25 0.81328125 0.103125 0.08203125 0.09375
25 0.89375 0.0984375 0.06953125 0.09609375
25 0.62734375 0.10859375 0.06328125 0.0796875
25 0.36640625 0.11796875 0.05078125 0.0828125
25 0.2296875 0.115625 0.04296875 0.08671875
25 0.08828125 0.11640625 0.04921875 0.0859375
29 0.0984375 0.31171875 0.053125 0.071875
29 0.1515625 0.30703125 0.04921875 0.07265625
36 0.20390625 0.30234375 0.0484375 0.07578125
36 0.25390625 0.3078125 0.04296875 0.06953125
13 0.29765625 0.3171875 0.0390625 0.06484375
13 0.35234375 0.31484375 0.0625 0.0640625
36 0.325 0.25078125 0.084375 0.03671875
14 0.409375 0.3125 0.04609375 0.06953125
26 0.48828125 0.32109375 0.05078125 0.06484375
26 0.54453125 0.31171875 0.0546875 0.06796875
27 0.60625 0.29609375 0.05 0.0234375
27 0.60390625 0.334375 0.0546875 0.046875
15 0.66171875 0.31796875 0.05390625 0.0546875
10 0.79609375 0.32734375 0.05625 0.04453125
9 0.8515625 0.3140625 0.046875 0.071875
9 0.90859375 0.30078125 0.0578125 0.0984375
25 0.72890625 0.32421875 0.07265625 0.0625
7 0.0875 0.48515625 0.025 0.05625
7 0.1234375 0.465625 0.040625 0.0484375
6 0.203125 0.49453125 0.0375 0.06875
6 0.19296875 0.4390625 0.03984375 0.03515625
11 0.2453125 0.48984375 0.0359375 0.04609375
11 0.2875 0.4890625 0.03671875 0.0421875
11 0.29140625 0.4390625 0.04140625 0.03984375
32 0.33203125 0.50390625 0.04453125 0.07421875
16 0.37421875 0.4984375 0.034375 0.05234375
17 0.41015625 0.49453125 0.028125 0.05234375
17 0.45 0.490625 0.04453125 0.05625
4 0.4953125 0.4859375 0.03828125 0.04375
31 0.5328125 0.50390625 0.03046875 0.0546875
1 0.57578125 0.49609375 0.04140625 0.05234375
1 0.6265625 0.5 0.05078125 0.0578125
0 0.67265625 0.51015625 0.03046875 0.0296875
2 0.7015625 0.48828125 0.0203125 0.0734375
2 0.7265625 0.4890625 0.0234375 0.07421875
2 0.82109375 0.4703125 0.09609375 0.02421875
33 0.80078125 0.66953125 0.02578125 0.0859375
5 0.7453125 0.66640625 0.0234375 0.0875
30 0.6765625 0.65 0.02421875 0.10625
12 0.615625 0.63515625 0.03203125 0.0796875
12 0.5859375 0.63203125 0.0234375 0.08125
20 0.5546875 0.6703125 0.0296875 0.08671875
20 0.52265625 0.6640625 0.028125 0.08515625
21 0.471875 0.671875 0.03359375 0.08984375
21 0.4328125 0.665625 0.02421875 0.0875
21 0.4078125 0.68125 0.0171875 0.09609375
23 0.36640625 0.6875 0.046875 0.0953125
22 0.31796875 0.68828125 0.0453125 0.09375
19 0.26875 0.6890625 0.0453125 0.08984375
18 0.2203125 0.6890625 0.04375 0.0921875
18 0.17265625 0.69296875 0.0421875 0.0921875
18 0.1234375 0.690625 0.04921875 0.09296875
18 0.0734375 0.6890625 0.0421875 0.09453125