34 0.06328125 0.13359375 0.02734375 0.096875
34 0.11328125 0.13359375 0.0578125 0.096875
34 0.17890625 0.13125 0.04453125 0.1125
34 0.23046875 0.125 0.046875 0.12890625
34 0.28203125 0.13515625 0.0484375 0.11171875
35 0.33359375 0.134375 0.04765625 0.10703125
35 0.384375 0.1375 0.04453125 0.11171875
35 0.4390625 0.14921875 0.05390625 0.08984375
35 0.4953125 0.1640625 0.04375 0.08125
28 0.54765625 0.1515625 0.04296875 0.09765625
28 0.60234375 0.1578125 0.05 0.09375
28 0.65703125 0.16171875 0.046875 0.0875
28 0.71171875 0.1625 0.05625 0.0984375
28 0.76640625 0.16171875 0.0421875 0.09765625
8 0.821875 0.1578125 0.059375 0.10078125
8 0.89375 0.153125 0.071875 0.1078125
29 0.0890625 0.35234375 0.05390625 0.10859375
34 0.15703125 0.36875 0.04765625 0.103125
36 0.20703125 0.36640625 0.04375 0.10625
28 0.2609375 0.3625 0.053125 0.134375
34 0.32265625 0.36171875 0.0546875 0.12734375
34 0.6703125 0.38828125 0.0421875 0.09921875
35 0.3859375 0.36796875 0.05 0.128125
35 0.553125 0.38125 0.05 0.11015625
35 0.734375 0.390625 0.0484375 0.10234375
8 0.44140625 0.3734375 0.04453125 0.10625
26 0.49453125 0.390625 0.03984375 0.07265625
28 0.6125 0.3890625 0.0546875 0.10078125
28 0.79609375 0.39765625 0.06015625 0.08828125
8 0.86796875 0.3765625 0.0609375 0.11953125
9 0.9296875 0.38203125 0.0515625 0.1
7 0.11015625 0.584375 0.0375 0.0765625
7 0.15703125 0.57890625 0.04296875 0.0734375
6 0.21640625 0.5875 0.0390625 0.10390625
11 0.265625 0.5953125 0.04453125 0.06328125
11 0.31484375 0.578125 0.04453125 0.07734375
32 0.36484375 0.590625 0.03671875 0.0890625
16 0.40703125 0.59140625 0.034375 0.08125
17 0.4453125 0.58046875 0.0328125 0.08515625
17 0.4859375 0.58125 0.0390625 0.07734375
4 0.528125 0.60390625 0.03359375 0.0546875
31 0.5703125 0.6046875 0.02890625 0.04453125
1 0.61484375 0.59921875 0.04140625 0.06796875
1 0.6625 0.5953125 0.046875 0.05859375
0 0.7046875 0.59296875 0.03046875 0.03984375
2 0.778125 0.59140625 0.1046875 0.08125
3 0.90390625 0.596875 0.115625 0.09609375
18 0.109375 0.81875 0.04765625 0.10703125
18 0.1609375 0.815625 0.0453125 0.10625
18 0.209375 0.815625 0.0453125 0.11015625
18 0.259375 0.81171875 0.0453125 0.1078125
19 0.30625 0.8125 0.0390625 0.11171875
22 0.35390625 0.80546875 0.0453125 0.109375
23 0.40546875 0.80703125 0.046875 0.11484375
21 0.4671875 0.79921875 0.02734375 0.10859375
21 0.5015625 0.79609375 0.02890625 0.0984375
20 0.55703125 0.8109375 0.02890625 0.103125
20 0.5890625 0.8109375 0.025 0.10234375
12 0.66484375 0.7921875 0.03046875 0.109375
30 0.7421875 0.78828125 0.02265625 0.1375
5 0.81171875 0.8078125 0.0265625 0.10546875
33 0.875 0.815625 0.02578125 0.103125