34 0.16796875 0.109375 0.046875 0.0359375
34 0.2640625 0.1546875 0.0390625 0.0796875
34 0.3453125 0.11640625 0.04140625 0.05703125
35 0.3921875 0.15390625 0.03984375 0.08359375
35 0.4546875 0.14609375 0.0328125 0.06953125
35 0.49609375 0.13515625 0.04375 0.09375
28 0.53984375 0.1015625 0.0390625 0.05703125
28 0.57890625 0.15 0.08671875 0.021875
28 0.58359375 0.10625 0.04296875 0.04765625
28 0.67109375 0.0890625 0.078125 0.0453125
28 0.696875 0.1546875 0.03203125 0.06640625
28 0.7359375 0.1296875 0.040625 0.0640625
8 0.7921875 0.11015625 0.05703125 0.0875
25 0.846875 0.14453125 0.046875 0.03125
25 0.89375 0.1421875 0.03515625 0.096875
25 0.7625 0.17890625 0.090625 0.025
25 0.6515625 0.15546875 0.05 0.07734375
25 0.30390625 0.15234375 0.03359375 0.084375
25 0.3453125 0.171875 0.0421875 0.05
25 0.21796875 0.14453125 0.04453125 0.09296875
25 0.1609375 0.16015625 0.053125 0.05546875
29 0.153125 0.35625 0.06171875 0.040625
29 0.17734375 0.28828125 0.0390625 0.059375
29 0.22265625 0.2890625 0.04609375 0.05390625
36 0.2703125 0.2921875 0.04140625 0.08125
36 0.31796875 0.27890625 0.04765625 0.03125
13 0.42578125 0.3125 0.03359375 0.08671875
14 0.4671875 0.315625 0.04140625 0.07265625
26 0.51328125 0.3109375 0.04375 0.08046875
26 0.5546875 0.3234375 0.028125 0.046875
26 0.56640625 0.2828125 0.0421875 0.0296875
27 0.61328125 0.29921875 0.04453125 0.0359375
15 0.66328125 0.3171875 0.046875 0.0328125
15 0.6765625 0.35703125 0.0578125 0.03671875
10 0.80390625 0.3546875 0.04765625 0.05390625
9 0.81015625 0.296875 0.046875 0.0359375
9 0.85625 0.28671875 0.03828125 0.0640625
25 0.88828125 0.3546875 0.08984375 0.06015625
25 0.74375 0.35390625 0.06875 0.0703125
25 0.61328125 0.34453125 0.04921875 0.04609375
25 0.53203125 0.3671875 0.078125 0.0234375
25 0.3796875 0.32890625 0.05 0.08203125
25 0.3234375 0.33203125 0.0578125 0.065625
25 0.2171875 0.34296875 0.059375 0.0375
7 0.175 0.44609375 0.03515625 0.06484375
7 0.215625 0.46640625 0.040625 0.0515625
6 0.25859375 0.4578125 0.0375 0.06484375
11 0.30078125 0.48046875 0.0390625 0.0453125
32 0.38671875 0.5015625 0.0359375 0.05625
16 0.4453125 0.471875 0.0328125 0.04140625
17 0.4859375 0.4640625 0.040625 0.04140625
17 0.46171875 0.51328125 0.05546875 0.0296875
4 0.5265625 0.47734375 0.03203125 0.028125
4 0.51484375 0.521875 0.04140625 0.04609375
31 0.559375 0.47109375 0.025 0.04375
1 0.60546875 0.49921875 0.03671875 0.053125
3 0.88984375 0.51953125 0.04296875 0.0640625
2 0.76328125 0.5109375 0.03828125 0.04375
25 0.68828125 0.5109375 0.03515625 0.03515625
25 0.64765625 0.49921875 0.0421875 0.0453125
25 0.4203125 0.51640625 0.02421875 0.05078125
25 0.3453125 0.48125 0.040625 0.0421875
25 0.25703125 0.521875 0.04140625 0.04921875
25 0.17265625 0.51640625 0.07734375 0.03359375
18 0.1484375 0.66875 0.04609375 0.07890625
18 0.20234375 0.69921875 0.05546875 0.09375
18 0.2390625 0.61796875 0.03828125 0.04921875
19 0.3171875 0.609375 0.03671875 0.03671875
19 0.3109375 0.6765625 0.06015625 0.0796875
23 0.3671875 0.6203125 0.04453125 0.05
22 0.375 0.69296875 0.05234375 0.0796875
23 0.42421875 0.678125 0.040625 0.0765625
21 0.46015625 0.671875 0.0265625 0.0890625
21 0.49609375 0.65 0.0328125 0.0765625
20 0.54609375 0.64140625 0.02421875 0.075
20 0.5765625 0.64921875 0.03046875 0.08046875
12 0.63046875 0.63984375 0.028125 0.0828125
30 0.68046875 0.6734375 0.02578125 0.10234375
5 0.73515625 0.67109375 0.034375 0.07265625
33 0.7890625 0.63828125 0.02421875 0.07890625