34 0.1234375 0.11953125 0.0359375 0.08203125
34 0.1609375 0.17421875 0.07421875 0.02421875
34 0.16328125 0.12109375 0.03125 0.07890625
34 0.19921875 0.11875 0.0328125 0.08125
34 0.23828125 0.11953125 0.034375 0.065625
34 0.2671875 0.175 0.08359375 0.0359375
34 0.28046875 0.1171875 0.03671875 0.07421875
35 0.3328125 0.15234375 0.0359375 0.06640625
35 0.3640625 0.128125 0.0234375 0.08125
35 0.40859375 0.13359375 0.028125 0.06953125
28 0.45390625 0.121875 0.04375 0.05625
28 0.53828125 0.140625 0.040625 0.09921875
25 0.5859375 0.165625 0.04296875 0.046875
28 0.65078125 0.153125 0.0453125 0.0734375
25 0.73359375 0.178125 0.09453125 0.03359375
8 0.81328125 0.16796875 0.05390625 0.04140625
9 0.8359375 0.35859375 0.0609375 0.05078125
25 0.76875 0.29921875 0.05 0.07890625
9 0.71015625 0.28125 0.0453125 0.075
10 0.71171875 0.35234375 0.05859375 0.0546875
24 0.640625 0.328125 0.059375 0.05703125
25 0.56953125 0.3453125 0.040625 0.0421875
27 0.51875 0.36328125 0.04765625 0.04609375
26 0.47265625 0.27890625 0.04453125 0.0671875
25 0.44296875 0.34375 0.06171875 0.03125
14 0.3875 0.28046875 0.03046875 0.0703125
13 0.35234375 0.27734375 0.03125 0.07734375
13 0.3125 0.278125 0.0375 0.07265625
25 0.328125 0.3375 0.0671875 0.0328125
29 0.1765625 0.2765625 0.0421875 0.071875
25 0.1671875 0.33671875 0.04453125 0.03671875
29 0.1171875 0.36171875 0.04609375 0.0359375
7 0.11015625 0.528125 0.04453125 0.05859375
7 0.1546875 0.46015625 0.040625 0.06015625
6 0.20859375 0.4953125 0.03671875 0.05703125
11 0.2734375 0.50234375 0.04765625 0.05078125
17 0.3578125 0.5296875 0.03984375 0.059375
4 0.42734375 0.53359375 0.04140625 0.06171875
31 0.48203125 0.54140625 0.0359375 0.05234375
1 0.52890625 0.48984375 0.04453125 0.05234375
25 0.61015625 0.5390625 0.0375 0.0546875
2 0.67421875 0.51015625 0.025 0.1015625
2 0.6390625 0.471875 0.0390625 0.04453125
3 0.79140625 0.5140625 0.0265625 0.09453125
3 0.76484375 0.4796875 0.021875 0.05
33 0.7140625 0.7046875 0.03046875 0.10546875
5 0.63984375 0.6921875 0.02890625 0.1046875
12 0.5296875 0.6890625 0.0359375 0.10546875
20 0.46875 0.7046875 0.03203125 0.103125
21 0.36015625 0.68046875 0.034375 0.096875
19 0.284375 0.71015625 0.05234375 0.11015625
18 0.209375 0.67578125 0.05 0.10390625
18 0.14375 0.7140625 0.0515625 0.103125