34 0.12578125 0.1578125 0.04375 0.1015625
34 0.2109375 0.1609375 0.03984375 0.0890625
34 0.25546875 0.15859375 0.0390625 0.0703125
34 0.296875 0.1625 0.0390625 0.07734375
34 0.2796875 0.22265625 0.0875 0.0359375
35 0.35078125 0.1890625 0.04296875 0.0640625
35 0.38828125 0.1640625 0.025 0.09296875
35 0.44296875 0.15703125 0.04921875 0.06328125
25 0.43046875 0.21640625 0.04609375 0.0421875
28 0.49375 0.1453125 0.04375 0.06875
28 0.57890625 0.17265625 0.04453125 0.10859375
28 0.62734375 0.15390625 0.0421875 0.071875
28 0.6796875 0.16953125 0.04375 0.10390625
28 0.53671875 0.2 0.03046875 0.04921875
25 0.63203125 0.21171875 0.04140625 0.0390625
9 0.8203125 0.21484375 0.09453125 0.046875
29 0.18046875 0.31640625 0.0453125 0.065625
25 0.175 0.3796875 0.0421875 0.05078125
25 0.26171875 0.3609375 0.0671875 0.0390625
25 0.3390625 0.38203125 0.07421875 0.0328125
13 0.325 0.32109375 0.03984375 0.07578125
13 0.36953125 0.321875 0.0375 0.07265625
14 0.4015625 0.3234375 0.01953125 0.0703125
14 0.43203125 0.39609375 0.0484375 0.05078125
14 0.4484375 0.3203125 0.03671875 0.07109375
26 0.53203125 0.31875 0.04140625 0.08046875
25 0.51171875 0.390625 0.0609375 0.0375
25 0.63515625 0.3828125 0.0359375 0.0453125
25 0.80859375 0.33671875 0.05 0.08671875
27 0.58203125 0.40625 0.05078125 0.05078125
24 0.68984375 0.38125 0.05703125 0.0375
10 0.75546875 0.3921875 0.0515625 0.0640625
9 0.75234375 0.31640625 0.053125 0.0765625
9 0.86796875 0.4 0.053125 0.06171875
7 0.12109375 0.55703125 0.04375 0.05390625
7 0.16171875 0.49296875 0.04453125 0.0546875
6 0.21171875 0.5265625 0.03671875 0.05234375
11 0.278125 0.5328125 0.05703125 0.0515625
32 0.36484375 0.55078125 0.0828125 0.06015625
17 0.45234375 0.553125 0.05546875 0.06015625
4 0.5171875 0.55546875 0.03671875 0.059375
31 0.56796875 0.5625 0.03984375 0.05078125
1 0.60703125 0.51875 0.03125 0.05390625
25 0.675 0.56171875 0.034375 0.04921875
2 0.7109375 0.53046875 0.0296875 0.09375
3 0.82890625 0.5359375 0.0265625 0.0921875
3 0.86171875 0.565625 0.03125 0.040625
18 0.1484375 0.71015625 0.04765625 0.0765625
19 0.28046875 0.70859375 0.04375 0.0875
23 0.3578125 0.7078125 0.05390625 0.07421875
21 0.4796875 0.6765625 0.0328125 0.075
20 0.57109375 0.69296875 0.02890625 0.07890625
12 0.61953125 0.67734375 0.028125 0.07421875
5 0.70703125 0.6796875 0.0203125 0.078125
33 0.76953125 0.68828125 0.01953125 0.075