34 0.05703125 0.15703125 0.04921875 0.11015625
34 0.11328125 0.15546875 0.04765625 0.11796875
34 0.16171875 0.1578125 0.0359375 0.11484375
34 0.20703125 0.153125 0.05078125 0.125
34 0.26328125 0.15546875 0.0515625 0.11875
35 0.32734375 0.17421875 0.05 0.0859375
35 0.3828125 0.17265625 0.0515625 0.08828125
35 0.42890625 0.16953125 0.03359375 0.0953125
35 0.46484375 0.16640625 0.034375 0.1015625
35 0.5171875 0.17265625 0.05 0.08671875
28 0.57578125 0.15859375 0.05 0.11328125
28 0.640625 0.1671875 0.04609375 0.10546875
28 0.69296875 0.175 0.0484375 0.09140625
28 0.7484375 0.178125 0.0546875 0.08203125
8 0.82265625 0.1671875 0.06484375 0.10625
8 0.89609375 0.1703125 0.0671875 0.10078125
9 0.915625 0.39921875 0.05859375 0.0859375
9 0.85703125 0.39765625 0.05 0.0875
10 0.796875 0.415625 0.05625 0.0515625
13 0.7296875 0.40859375 0.059375 0.07734375
15 0.6578125 0.41171875 0.06015625 0.0625
14 0.5890625 0.3984375 0.05 0.09140625
26 0.53125 0.40078125 0.05546875 0.08203125
26 0.47109375 0.3984375 0.05078125 0.090625
14 0.415625 0.3984375 0.04375 0.0859375
13 0.36328125 0.40078125 0.05390625 0.08984375
13 0.30390625 0.4 0.05390625 0.0921875
36 0.2453125 0.40234375 0.05390625 0.09765625
36 0.1828125 0.39453125 0.05625 0.11015625
29 0.1234375 0.3890625 0.0546875 0.1
29 0.05625 0.4 0.06171875 0.096875
7 0.08984375 0.59609375 0.0421875 0.07578125
7 0.14609375 0.615625 0.0421875 0.0796875
6 0.1984375 0.621875 0.04765625 0.10078125
21 0.24609375 0.61875 0.040625 0.10859375
11 0.3046875 0.62890625 0.0484375 0.05859375
11 0.29609375 0.578125 0.04453125 0.0328125
32 0.3546875 0.62265625 0.0421875 0.0875
16 0.3984375 0.63515625 0.03828125 0.07109375
17 0.4625 0.60546875 0.0359375 0.07265625
4 0.50859375 0.61640625 0.03828125 0.06171875
31 0.5484375 0.61796875 0.0296875 0.06171875
1 0.5921875 0.6234375 0.0484375 0.06875
1 0.64765625 0.6265625 0.05234375 0.06328125
0 0.69375 0.615625 0.0328125 0.04765625
2 0.74921875 0.6078125 0.02109375 0.0875
2 0.77421875 0.61015625 0.02421875 0.08046875
2 0.8 0.60625 0.0203125 0.0765625
2 0.825 0.61328125 0.0234375 0.06875
3 0.896875 0.61015625 0.103125 0.08359375
33 0.8734375 0.8234375 0.0265625 0.1078125
5 0.8046875 0.8203125 0.02734375 0.1109375
30 0.734375 0.796875 0.02578125 0.13828125
2 0.6953125 0.8421875 0.04453125 0.11328125
12 0.65 0.8125 0.03515625 0.1109375
20 0.5765625 0.82734375 0.0328125 0.1046875
20 0.5421875 0.82578125 0.03125 0.10703125
21 0.48359375 0.81328125 0.03671875 0.10390625
21 0.45234375 0.79375 0.02109375 0.10390625
21 0.42734375 0.81171875 0.0234375 0.10625
23 0.375 0.83671875 0.05 0.1015625
22 0.32578125 0.83515625 0.04453125 0.10078125
19 0.2765625 0.83984375 0.046875 0.10078125
18 0.2265625 0.84453125 0.0484375 0.09921875
18 0.178125 0.84375 0.04453125 0.10390625
18 0.128125 0.85 0.04765625 0.10234375
18 0.0765625 0.853125 0.0484375 0.103125