34 0.1328125 0.15078125 0.04140625 0.0921875
34 0.1734375 0.15234375 0.034375 0.09609375
34 0.2546875 0.14296875 0.0375 0.065625
34 0.29375 0.13984375 0.03515625 0.06953125
34 0.27890625 0.19609375 0.084375 0.03515625
34 0.196875 0.1546875 0.00859375 0.0859375
35 0.33046875 0.13984375 0.03046875 0.0640625
35 0.334375 0.1890625 0.02265625 0.0296875
35 0.36328125 0.159375 0.02890625 0.084375
35 0.39609375 0.1515625 0.03046875 0.071875
35 0.43828125 0.16015625 0.046875 0.09375
28 0.4828125 0.13046875 0.03828125 0.0375
28 0.48984375 0.18515625 0.05078125 0.0609375
28 0.525 0.13515625 0.0375 0.02734375
28 0.540625 0.1953125 0.046875 0.04296875
28 0.56953125 0.1421875 0.04453125 0.034375
28 0.5890625 0.190625 0.04453125 0.05390625
28 0.63125 0.1703125 0.03359375 0.08046875
28 0.67265625 0.16875 0.04296875 0.08125
8 0.72421875 0.14296875 0.05390625 0.071875
25 0.7578125 0.19921875 0.109375 0.03125
25 0.21875 0.16015625 0.028125 0.0953125
29 0.14296875 0.30546875 0.04140625 0.0671875
29 0.1859375 0.30078125 0.0390625 0.07890625
29 0.16015625 0.365625 0.08515625 0.0375
36 0.2296875 0.3015625 0.04140625 0.08203125
36 0.27265625 0.27734375 0.0390625 0.05234375
36 0.26328125 0.371875 0.0875 0.028125
13 0.31953125 0.3234375 0.0390625 0.07109375
13 0.36875 0.3203125 0.03046875 0.075
14 0.41796875 0.296875 0.0359375 0.03671875
26 0.459375 0.3125 0.040625 0.07109375
27 0.5484375 0.3703125 0.0625 0.0421875
15 0.61015625 0.36328125 0.05625 0.046875
10 0.7078125 0.3328125 0.04296875 0.04140625
9 0.74453125 0.2984375 0.02578125 0.06640625
9 0.78203125 0.290625 0.04296875 0.0515625
9 0.7984375 0.35234375 0.06875 0.06640625
25 0.66328125 0.3609375 0.04296875 0.046875
25 0.4984375 0.32421875 0.03125 0.07421875
25 0.4109375 0.33984375 0.04765625 0.0421875
25 0.275 0.33046875 0.04609375 0.046875
7 0.16796875 0.46484375 0.03984375 0.053125
7 0.1359375 0.51953125 0.05078125 0.05234375
11 0.309375 0.46484375 0.034375 0.0421875
11 0.27109375 0.503125 0.03515625 0.05
11 0.30859375 0.5265625 0.0375 0.04375
16 0.38671875 0.47421875 0.03046875 0.04296875
17 0.42578125 0.465625 0.03828125 0.04140625
4 0.4640625 0.5234375 0.04296875 0.05078125
31 0.4984375 0.47265625 0.02890625 0.040625
1 0.55078125 0.50546875 0.046875 0.034375
1 0.5625 0.53828125 0.06953125 0.028125
0 0.64609375 0.5296875 0.0609375 0.02734375
2 0.6609375 0.48984375 0.046875 0.0296875
3 0.75546875 0.48828125 0.05 0.034375
3 0.81953125 0.51328125 0.07109375 0.0328125
25 0.225 0.53515625 0.04921875 0.04609375
18 0.159375 0.67265625 0.046875 0.0765625
18 0.21171875 0.67734375 0.0453125 0.09140625
19 0.275 0.684375 0.05 0.07890625
19 0.27265625 0.6078125 0.034375 0.04765625
23 0.31875 0.653125 0.03046875 0.07734375
23 0.35625 0.68125 0.03828125 0.08125
23 0.36171875 0.6046875 0.03515625 0.03984375
21 0.43515625 0.64453125 0.02109375 0.08515625
20 0.4953125 0.63046875 0.021875 0.0671875
20 0.5203125 0.6671875 0.021875 0.07109375
12 0.57421875 0.65078125 0.03125 0.08359375
30 0.62109375 0.64609375 0.015625 0.1015625
5 0.66953125 0.653125 0.02109375 0.08125
33 0.7609375 0.68828125 0.071875 0.034375