34 0.07890625 0.2609375 0.05390625 0.11640625
34 0.128125 0.259375 0.0375 0.11015625
34 0.171875 0.25625 0.04375 0.125
34 0.221875 0.2609375 0.05234375 0.121875
34 0.27421875 0.2671875 0.046875 0.10859375
35 0.32421875 0.27578125 0.04609375 0.09921875
35 0.375 0.27578125 0.0484375 0.09609375
35 0.41328125 0.2796875 0.0203125 0.084375
35 0.4390625 0.24296875 0.02421875 0.08359375
35 0.47421875 0.23828125 0.03828125 0.08984375
35 0.50546875 0.228125 0.01875 0.05625
28 0.540625 0.23671875 0.0453125 0.0859375
28 0.59609375 0.23515625 0.0578125 0.09921875
28 0.65390625 0.22421875 0.0515625 0.121875
28 0.70859375 0.2375 0.0515625 0.0859375
28 0.76015625 0.22734375 0.04921875 0.103125
8 0.82578125 0.2296875 0.07421875 0.09609375
8 0.89765625 0.22109375 0.06171875 0.109375
9 0.87265625 0.41796875 0.06015625 0.0984375
10 0.8109375 0.41875 0.05703125 0.09921875
24 0.7484375 0.425 0.06328125 0.0890625
15 0.68125 0.42421875 0.0625 0.090625
27 0.621875 0.42578125 0.04921875 0.0875
26 0.56484375 0.4296875 0.0578125 0.08125
26 0.50390625 0.4265625 0.0578125 0.09453125
14 0.45 0.42734375 0.04296875 0.09296875
14 0.40546875 0.46796875 0.03984375 0.08828125
13 0.35859375 0.4703125 0.04765625 0.09453125
13 0.30390625 0.46875 0.05078125 0.09453125
36 0.25234375 0.46953125 0.046875 0.09765625
36 0.20078125 0.4625 0.04765625 0.10390625
29 0.14921875 0.4609375 0.0515625 0.10546875
29 0.096875 0.46640625 0.04921875 0.10078125
7 0.1015625 0.63984375 0.04296875 0.08828125
7 0.14453125 0.63984375 0.0375 0.08515625
6 0.18671875 0.64140625 0.03984375 0.08359375
11 0.2328125 0.64765625 0.0453125 0.06796875
11 0.28046875 0.65078125 0.04140625 0.06796875
32 0.32421875 0.63046875 0.03671875 0.103125
16 0.36171875 0.63984375 0.0328125 0.08046875
17 0.40234375 0.646875 0.040625 0.0703125
17 0.45625 0.61640625 0.05625 0.07890625
4 0.509375 0.60546875 0.0421875 0.08125
31 0.55078125 0.6015625 0.0328125 0.090625
1 0.59375 0.61015625 0.04375 0.078125
1 0.64609375 0.60234375 0.0484375 0.0890625
0 0.6859375 0.6015625 0.025 0.0609375
3 0.715625 0.6109375 0.021875 0.0734375
3 0.73984375 0.6171875 0.02109375 0.0703125
3 0.76328125 0.61796875 0.0203125 0.0640625
3 0.7875 0.61640625 0.0203125 0.07578125
2 0.86328125 0.61484375 0.11796875 0.075
33 0.8484375 0.7859375 0.02421875 0.078125
5 0.78203125 0.7796875 0.02109375 0.08515625
30 0.7046875 0.76640625 0.021875 0.1015625
12 0.65078125 0.7765625 0.0296875 0.08515625
20 0.59609375 0.784375 0.0265625 0.0734375
20 0.565625 0.78671875 0.0265625 0.06796875
21 0.5234375 0.7765625 0.02890625 0.078125
21 0.4890625 0.775 0.0328125 0.07890625
23 0.45078125 0.778125 0.03515625 0.0796875
21 0.4078125 0.79609375 0.0265625 0.065625
23 0.36953125 0.79453125 0.03984375 0.06796875
22 0.32578125 0.79453125 0.040625 0.065625
19 0.2828125 0.79609375 0.0390625 0.07109375
18 0.240625 0.80078125 0.0359375 0.065625
18 0.20078125 0.79921875 0.0375 0.06875
18 0.159375 0.79765625 0.0390625 0.0703125
18 0.11875 0.7984375 0.0375 0.06953125