34 0.1390625 0.17734375 0.0390625 0.07890625
34 0.18515625 0.18203125 0.03828125 0.065625
34 0.21875 0.17734375 0.02578125 0.0765625
34 0.25625 0.1859375 0.03515625 0.0640625
34 0.29609375 0.18359375 0.0390625 0.0640625
35 0.34296875 0.18984375 0.04140625 0.0578125
35 0.39140625 0.190625 0.0375 0.04921875
35 0.4421875 0.1859375 0.03671875 0.05078125
35 0.50078125 0.17890625 0.0453125 0.06484375
28 0.56640625 0.171875 0.03671875 0.08125
28 0.61171875 0.16796875 0.03984375 0.0875
28 0.7234375 0.178125 0.04375 0.07265625
28 0.7890625 0.171875 0.03671875 0.08515625
28 0.75703125 0.17109375 0.02109375 0.0484375
8 0.853125 0.17109375 0.05625 0.06953125
8 0.915625 0.165625 0.05625 0.08515625
9 0.82734375 0.3625 0.05390625 0.04921875
9 0.903125 0.34296875 0.05625 0.028125
27 0.6390625 0.3609375 0.02578125 0.01796875
27 0.603125 0.37265625 0.028125 0.0625
26 0.56484375 0.378125 0.034375 0.0421875
26 0.52109375 0.3828125 0.040625 0.05390625
14 0.39765625 0.36875 0.02265625 0.05625
25 0.35625 0.35703125 0.04609375 0.08125
25 0.4796875 0.3671875 0.0203125 0.0859375
13 0.3234375 0.34609375 0.01796875 0.0484375
36 0.271875 0.35703125 0.03671875 0.06484375
36 0.22109375 0.35546875 0.03359375 0.065625
25 0.1765625 0.34375 0.03671875 0.08359375
29 0.11015625 0.36875 0.028125 0.034375
29 0.13984375 0.36328125 0.02578125 0.06015625
7 0.10078125 0.5296875 0.03046875 0.03515625
7 0.13125 0.49765625 0.0328125 0.02578125
7 0.1703125 0.5046875 0.02109375 0.0328125
11 0.21328125 0.53046875 0.03125 0.03515625
7 0.2265625 0.5703125 0.065625 0.02734375
25 0.13125 0.56953125 0.10078125 0.02890625
11 0.2671875 0.53984375 0.02734375 0.02890625
32 0.34921875 0.5359375 0.03359375 0.06328125
21 0.390625 0.50703125 0.0234375 0.07265625
21 0.45234375 0.5125 0.02421875 0.0484375
17 0.5 0.53671875 0.034375 0.025
1 0.5984375 0.5609375 0.0390625 0.021875
1 0.66640625 0.54375 0.0265625 0.0203125
31 0.53359375 0.5625 0.0453125 0.0265625
0 0.7046875 0.58359375 0.0375 0.0328125
0 0.775 0.5625 0.046875 0.02265625
3 0.74296875 0.5703125 0.015625 0.0625
2 0.82578125 0.56796875 0.04921875 0.065625
3 0.89140625 0.5671875 0.07109375 0.0671875
2 0.94921875 0.57421875 0.03125 0.05
33 0.903125 0.78203125 0.0296875 0.0546875
33 0.846875 0.74453125 0.028125 0.090625
5 0.79609375 0.7390625 0.0296875 0.05390625
5 0.74921875 0.75625 0.0390625 0.0375
30 0.69140625 0.7 0.02109375 0.1109375
30 0.66328125 0.73203125 0.0234375 0.121875
20 0.634375 0.7359375 0.03125 0.08984375
20 0.5875 0.70703125 0.02890625 0.0546875
20 0.559375 0.71015625 0.0265625 0.06171875
20 0.57109375 0.76640625 0.059375 0.046875
21 0.51015625 0.73359375 0.0359375 0.08046875
21 0.47578125 0.725 0.02578125 0.08125
23 0.4078125 0.7640625 0.0546875 0.09296875
19 0.28125 0.76953125 0.0484375 0.10390625
18 0.21953125 0.775 0.06484375 0.08828125
18 0.09296875 0.78125 0.05234375 0.0859375
18 0.14921875 0.6796875 0.06640625 0.0765625
15 0.65703125 0.38984375 0.0453125 0.03125
25 0.71171875 0.38515625 0.0484375 0.05625