34 0.034375 0.17109375 0.05078125 0.09296875
34 0.0921875 0.17109375 0.0546875 0.09765625
34 0.1546875 0.1625 0.046875 0.1078125
34 0.2125 0.1625 0.04453125 0.109375
34 0.26796875 0.16640625 0.0453125 0.0953125
35 0.321875 0.1828125 0.0453125 0.07890625
35 0.37421875 0.178125 0.04765625 0.08515625
35 0.421875 0.1828125 0.04140625 0.0875
35 0.46953125 0.18046875 0.0484375 0.07421875
28 0.5328125 0.184375 0.0484375 0.065625
28 0.5875 0.18125 0.040625 0.07890625
28 0.6515625 0.178125 0.04453125 0.08125
28 0.70703125 0.1828125 0.04453125 0.07734375
28 0.75859375 0.190625 0.0453125 0.06875
8 0.82265625 0.18046875 0.06015625 0.07109375
8 0.89921875 0.175 0.05390625 0.0984375
25 0.903125 0.4046875 0.05546875 0.078125
25 0.84453125 0.38984375 0.046875 0.078125
25 0.79140625 0.4 0.0453125 0.05
25 0.73515625 0.396875 0.0546875 0.06015625
25 0.66328125 0.4203125 0.04765625 0.053125
25 0.609375 0.4 0.0546875 0.0609375
25 0.534375 0.39140625 0.053125 0.075
25 0.46953125 0.38984375 0.06015625 0.08125
25 0.41015625 0.41953125 0.040625 0.0734375
25 0.34453125 0.41171875 0.03671875 0.09140625
25 0.2890625 0.40625 0.05234375 0.10078125
25 0.23203125 0.42109375 0.05234375 0.078125
25 0.1703125 0.41171875 0.05546875 0.078125
25 0.1125 0.41171875 0.05625 0.07578125
25 0.05859375 0.38671875 0.0453125 0.10390625
36 0.234375 0.36484375 0.0453125 0.0296875
7 0.0875 0.60625 0.0453125 0.059375
25 0.14375 0.6109375 0.03671875 0.06953125
25 0.18828125 0.6078125 0.04140625 0.0984375
11 0.24375 0.62109375 0.0421875 0.059375
11 0.2921875 0.61171875 0.040625 0.06015625
32 0.34375 0.621875 0.0390625 0.071875
16 0.3875 0.61953125 0.0390625 0.05859375
16 0.44140625 0.5859375 0.03984375 0.04453125
17 0.496875 0.56328125 0.04921875 0.0390625
4 0.51953125 0.61015625 0.04296875 0.03984375
31 0.5640625 0.6046875 0.034375 0.04765625
1 0.61796875 0.56796875 0.0375 0.0265625
1 0.66171875 0.60859375 0.0453125 0.04765625
1 0.6671875 0.571875 0.0421875 0.01640625
25 0.60625 0.61328125 0.04765625 0.04296875
0 0.70625 0.59921875 0.03203125 0.05078125
2 0.734375 0.6 0.0203125 0.07890625
2 0.759375 0.60078125 0.02109375 0.08359375
2 0.7828125 0.60234375 0.021875 0.07109375
2 0.80625 0.59765625 0.02421875 0.07734375
2 0.82890625 0.60078125 0.01875 0.07421875
3 0.909375 0.60546875 0.06796875 0.0828125
33 0.87890625 0.81796875 0.028125 0.1046875
5 0.8125 0.815625 0.02265625 0.109375
3 0.765625 0.81875 0.0234375 0.13828125
30 0.7375 0.7625 0.02109375 0.13125
30 0.69296875 0.77265625 0.0234375 0.13203125
12 0.66171875 0.8 0.0328125 0.10703125
20 0.57734375 0.8125 0.03515625 0.10234375
20 0.53046875 0.80625 0.034375 0.10859375
21 0.484375 0.7984375 0.040625 0.0921875
21 0.4375 0.803125 0.03359375 0.10625
23 0.37578125 0.81328125 0.046875 0.096875
22 0.32734375 0.8140625 0.03828125 0.09609375
19 0.28125 0.82265625 0.0421875 0.09609375
18 0.23203125 0.83828125 0.05 0.06328125
18 0.18203125 0.821875 0.04453125 0.09765625
18 0.13828125 0.7875 0.0390625 0.075
18 0.08828125 0.821875 0.04296875 0.09609375