34 0.0421875 0.1734375 0.05390625 0.13828125
34 0.1015625 0.1734375 0.05390625 0.12734375
34 0.159375 0.18359375 0.0515625 0.11171875
34 0.215625 0.184375 0.05078125 0.10625
34 0.271875 0.18984375 0.05234375 0.1046875
35 0.3328125 0.18671875 0.05546875 0.10234375
35 0.38359375 0.190625 0.0375 0.0859375
35 0.42578125 0.1921875 0.03984375 0.078125
35 0.475 0.19609375 0.04609375 0.07421875
28 0.540625 0.18984375 0.05078125 0.08046875
28 0.6078125 0.1984375 0.05390625 0.07578125
17 0.6671875 0.19921875 0.0515625 0.071875
17 0.7296875 0.19765625 0.0578125 0.08046875
17 0.79453125 0.20234375 0.06015625 0.0703125
8 0.87265625 0.17890625 0.07109375 0.1109375
8 0.94453125 0.18046875 0.0640625 0.10859375
9 0.93828125 0.41015625 0.0625 0.06953125
9 0.86953125 0.40859375 0.06015625 0.07421875
10 0.80625 0.42421875 0.0546875 0.04140625
24 0.73984375 0.42265625 0.0640625 0.04375
25 0.6734375 0.40234375 0.06171875 0.0390625
27 0.61328125 0.41640625 0.0453125 0.0640625
26 0.53984375 0.41328125 0.0609375 0.07421875
26 0.47421875 0.40703125 0.0546875 0.07421875
35 0.49375 0.34453125 0.103125 0.0328125
14 0.42421875 0.4125 0.0359375 0.06875
13 0.36953125 0.41171875 0.0515625 0.08984375
13 0.30859375 0.4140625 0.05625 0.0875
36 0.246875 0.41328125 0.05859375 0.09140625
36 0.1828125 0.4125 0.05703125 0.0921875
29 0.12421875 0.4109375 0.05546875 0.0953125
34 0.05390625 0.39765625 0.05625 0.12734375
11 0.10078125 0.63359375 0.04765625 0.0546875
7 0.0625 0.60703125 0.025 0.05703125
6 0.17421875 0.60390625 0.04296875 0.0796875
6 0.2515625 0.60390625 0.03671875 0.06640625
11 0.2875 0.63125 0.03046875 0.0453125
16 0.33359375 0.615625 0.04296875 0.05546875
16 0.37109375 0.609375 0.02734375 0.02734375
17 0.4359375 0.625 0.04140625 0.04609375
4 0.4828125 0.634375 0.03828125 0.0359375
4 0.51328125 0.60078125 0.03125 0.0234375
31 0.53203125 0.63203125 0.03828125 0.03515625
1 0.6 0.60078125 0.04453125 0.04140625
1 0.64375 0.61953125 0.0375 0.03984375
25 0.68984375 0.6265625 0.0484375 0.03515625
2 0.7390625 0.61171875 0.0234375 0.05390625
2 0.7640625 0.6140625 0.01953125 0.05390625
2 0.7859375 0.61171875 0.01953125 0.053125
2 0.8078125 0.61171875 0.01875 0.053125
2 0.8328125 0.6140625 0.021875 0.0578125
3 0.8796875 0.61015625 0.02265625 0.059375
3 0.9078125 0.6109375 0.02578125 0.059375
3 0.94296875 0.6109375 0.0390625 0.05703125
3 0.915625 0.80703125 0.06484375 0.096875
33 0.84296875 0.78828125 0.02734375 0.09375
5 0.7859375 0.7890625 0.02734375 0.09609375
30 0.71953125 0.77421875 0.028125 0.12421875
12 0.65 0.78671875 0.03671875 0.096875
20 0.56328125 0.78984375 0.03359375 0.08671875
20 0.52890625 0.790625 0.03125 0.0875
21 0.4875 0.78515625 0.0375 0.09296875
21 0.45546875 0.7671875 0.02265625 0.08671875
23 0.3765625 0.7921875 0.0484375 0.084375
22 0.3265625 0.7921875 0.04765625 0.0765625
19 0.27734375 0.79375 0.046875 0.07734375
34 0.234375 0.73515625 0.1 0.03515625
18 0.22734375 0.796875 0.04609375 0.07578125
18 0.17890625 0.7953125 0.046875 0.08046875
18 0.13046875 0.79609375 0.04375 0.0765625
18 0.08046875 0.796875 0.0484375 0.07890625