34 0.05625 0.18203125 0.0453125 0.09453125
34 0.12109375 0.16328125 0.04453125 0.05703125
25 0.1125 0.21484375 0.05859375 0.03671875
13 0.20625 0.18359375 0.05625 0.10859375
34 0.2671875 0.19609375 0.0515625 0.08125
35 0.2640625 0.12578125 0.04375 0.04765625
35 0.31484375 0.16875 0.03515625 0.05078125
34 0.32734375 0.21875 0.046875 0.04375
32 0.40703125 0.2140625 0.0265625 0.06015625
28 0.39140625 0.1296875 0.0609375 0.059375
28 0.46171875 0.128125 0.0609375 0.053125
25 0.45546875 0.20234375 0.046875 0.0734375
21 0.52109375 0.1984375 0.03203125 0.0875
26 0.56640625 0.2125 0.04765625 0.05859375
25 0.62109375 0.1953125 0.05546875 0.096875
8 0.71015625 0.159375 0.04453125 0.071875
28 0.75234375 0.2046875 0.03515625 0.08046875
8 0.8046875 0.221875 0.06328125 0.040625
8 0.8671875 0.19609375 0.05703125 0.09453125
2 0.865625 0.43203125 0.13984375 0.0203125
9 0.88984375 0.38359375 0.059375 0.06953125
9 0.82578125 0.384375 0.05703125 0.06796875
18 0.76171875 0.40625 0.05625 0.06953125
34 0.70390625 0.39453125 0.0453125 0.09453125
30 0.628125 0.37578125 0.0234375 0.1234375
10 0.65859375 0.3890625 0.03359375 0.05
9 0.53984375 0.4046875 0.08359375 0.07890625
25 0.4609375 0.3890625 0.0515625 0.096875
13 0.39296875 0.35703125 0.03984375 0.0484375
13 0.35234375 0.38671875 0.0375 0.06953125
14 0.31328125 0.40078125 0.03671875 0.05859375
36 0.24453125 0.3640625 0.04296875 0.0671875
25 0.209375 0.421875 0.08515625 0.040625
25 0.2 0.36796875 0.03671875 0.06328125
25 0.11875 0.38828125 0.06796875 0.07265625
36 0.1046875 0.31796875 0.071875 0.05234375
29 0.0578125 0.39375 0.04453125 0.07109375
7 0.090625 0.5640625 0.0453125 0.06796875
6 0.15 0.52578125 0.040625 0.0546875
7 0.13828125 0.58125 0.03984375 0.04765625
7 0.2046875 0.51953125 0.05 0.05703125
6 0.19296875 0.58515625 0.040625 0.0625
4 0.2390625 0.59453125 0.03125 0.0546875
16 0.2875 0.56875 0.040625 0.03671875
11 0.33671875 0.5375 0.04609375 0.04921875
22 0.34453125 0.61015625 0.06640625 0.0640625
20 0.44140625 0.615625 0.07578125 0.0453125
17 0.4421875 0.571875 0.05 0.03828125
31 0.4859375 0.5578125 0.03046875 0.034375
17 0.50703125 0.59921875 0.04140625 0.04296875
3 0.571875 0.61484375 0.0734375 0.03671875
25 0.58359375 0.56015625 0.03515625 0.059375
18 0.7078125 0.5984375 0.04609375 0.08359375
2 0.74296875 0.596875 0.01953125 0.078125
2 0.78359375 0.590625 0.0234375 0.075
2 0.8078125 0.59296875 0.02109375 0.071875
9 0.84296875 0.5875 0.04375 0.0609375
3 0.88046875 0.596875 0.0203125 0.0734375
3 0.90859375 0.59609375 0.03046875 0.0703125
25 0.825 0.72265625 0.11015625 0.0625
24 0.915625 0.81171875 0.06484375 0.09140625
33 0.86171875 0.8140625 0.025 0.08125
5 0.78046875 0.8 0.02578125 0.08984375
30 0.715625 0.74140625 0.02109375 0.11328125
25 0.68828125 0.82578125 0.10859375 0.05078125
12 0.6390625 0.74453125 0.02578125 0.08671875
35 0.6046875 0.77109375 0.03359375 0.08203125
25 0.54765625 0.7078125 0.059375 0.04609375
20 0.56796875 0.77421875 0.028125 0.08046875
12 0.52421875 0.78828125 0.0359375 0.10625
28 0.45390625 0.76953125 0.03828125 0.128125
21 0.41328125 0.78671875 0.03125 0.109375
23 0.36484375 0.7734375 0.046875 0.0921875
22 0.3203125 0.74453125 0.0359375 0.0828125
21 0.28671875 0.7859375 0.02734375 0.1
18 0.23828125 0.8109375 0.04765625 0.0796875
36 0.18984375 0.73125 0.05 0.07265625
18 0.18359375 0.80703125 0.04765625 0.0640625
18 0.13359375 0.79140625 0.04375 0.09140625
18 0.07890625 0.79375 0.05546875 0.08828125