34 0.0984375 0.1765625 0.059375 0.1
34 0.1546875 0.18046875 0.05 0.09140625
34 0.20234375 0.16953125 0.0359375 0.121875
34 0.240625 0.1859375 0.03359375 0.08984375
34 0.2875 0.1890625 0.05078125 0.09296875
35 0.33984375 0.19296875 0.0484375 0.0765625
35 0.39375 0.1984375 0.05078125 0.0734375
35 0.44765625 0.19765625 0.04921875 0.05625
35 0.50546875 0.196875 0.06171875 0.071875
28 0.56171875 0.18984375 0.03984375 0.08203125
28 0.61015625 0.1875 0.04765625 0.09921875
28 0.71328125 0.2 0.0515625 0.07265625
28 0.77265625 0.19140625 0.0578125 0.08359375
8 0.83984375 0.190625 0.06875 0.0859375
8 0.90546875 0.1859375 0.05390625 0.09375
9 0.89921875 0.409375 0.0609375 0.04765625
9 0.89140625 0.36640625 0.0515625 0.0296875
9 0.8390625 0.38671875 0.0453125 0.075
9 0.79765625 0.3890625 0.03203125 0.04765625
10 0.7640625 0.41328125 0.03125 0.040625
15 0.6515625 0.415625 0.06484375 0.034375
27 0.5953125 0.39609375 0.03984375 0.0734375
26 0.56015625 0.4015625 0.0265625 0.0640625
26 0.515625 0.3953125 0.05625 0.0703125
14 0.40703125 0.39453125 0.0578125 0.08046875
13 0.3140625 0.38671875 0.03203125 0.096875
36 0.25234375 0.38828125 0.06171875 0.0875
36 0.2 0.38359375 0.0359375 0.103125
29 0.109375 0.38515625 0.03984375 0.08828125
29 0.0703125 0.39921875 0.0328125 0.0609375
25 0.15625 0.37578125 0.04453125 0.10703125
25 0.35390625 0.3859375 0.04296875 0.09375
25 0.4625 0.3890625 0.04375 0.08515625
25 0.71484375 0.409375 0.0578125 0.05078125
2 0.83828125 0.6046875 0.040625 0.05
3 0.89921875 0.5984375 0.0640625 0.059375
0 0.78359375 0.59375 0.04296875 0.02109375
25 0.64453125 0.59921875 0.04609375 0.04609375
25 0.53359375 0.6171875 0.06796875 0.0296875
31 0.5296875 0.584375 0.0640625 0.02734375
21 0.43828125 0.54296875 0.0234375 0.05
25 0.46953125 0.59375 0.05078125 0.040625
16 0.41171875 0.59921875 0.05234375 0.04453125
21 0.37890625 0.5359375 0.02421875 0.06875
25 0.365625 0.603125 0.03359375 0.0546875
25 0.32734375 0.60234375 0.03671875 0.0546875
11 0.28515625 0.55859375 0.04140625 0.040625
7 0.21484375 0.62265625 0.08125 0.034375
6 0.16328125 0.5734375 0.04375 0.05078125
6 0.09453125 0.61484375 0.08203125 0.0546875
7 0.11171875 0.54609375 0.053125 0.05859375
6 0.20078125 0.5609375 0.025 0.078125
25 0.28125 0.609375 0.0453125 0.04609375
18 0.06796875 0.81875 0.059375 0.08515625
18 0.1359375 0.7265625 0.065625 0.0796875
18 0.134375 0.81328125 0.0640625 0.0796875
18 0.20703125 0.81484375 0.071875 0.0890625
19 0.28046875 0.8046875 0.06484375 0.1125
23 0.34296875 0.79140625 0.05078125 0.09296875
23 0.3984375 0.80390625 0.05 0.10546875
21 0.4640625 0.76328125 0.0296875 0.090625
21 0.496875 0.775 0.02734375 0.0875
21 0.52265625 0.75 0.01796875 0.084375
20 0.5703125 0.80234375 0.07265625 0.0453125
20 0.5921875 0.74765625 0.02734375 0.0578125
20 0.6234375 0.76484375 0.028125 0.09453125
12 0.65390625 0.73984375 0.01640625 0.08671875
12 0.6796875 0.7828125 0.02890625 0.0984375
5 0.7109375 0.775 0.01953125 0.09296875
5 0.7328125 0.76328125 0.01640625 0.09609375
33 0.89375 0.7578125 0.02265625 0.0703125
33 0.8609375 0.79453125 0.03828125 0.04140625