34 0.046875 0.17890625 0.04609375 0.0953125
34 0.09765625 0.175 0.0421875 0.09140625
34 0.14765625 0.1703125 0.04375 0.10234375
34 0.19921875 0.175 0.0453125 0.09921875
34 0.2515625 0.1859375 0.0484375 0.07734375
35 0.2984375 0.165625 0.03828125 0.0546875
35 0.24765625 0.1046875 0.03984375 0.04609375
35 0.40078125 0.190625 0.0421875 0.08359375
34 0.33203125 0.184375 0.02421875 0.05
35 0.46171875 0.1984375 0.046875 0.06875
28 0.51875 0.19609375 0.04296875 0.0796875
28 0.575 0.2046875 0.0546875 0.06953125
28 0.63125 0.20234375 0.0453125 0.06484375
28 0.6890625 0.209375 0.0453125 0.05703125
28 0.740625 0.19921875 0.03828125 0.06796875
28 0.39296875 0.1109375 0.05625 0.0515625
8 0.70546875 0.14140625 0.05078125 0.05078125
11 0.78671875 0.15625 0.04609375 0.0546875
8 0.8703125 0.19375 0.0453125 0.0796875
8 0.790625 0.21796875 0.0484375 0.05
9 0.875 0.3984375 0.0390625 0.08515625
9 0.8109375 0.390625 0.040625 0.0703125
10 0.75546875 0.3984375 0.0390625 0.0484375
24 0.70390625 0.39453125 0.0515625 0.0734375
15 0.64140625 0.4171875 0.04921875 0.040625
27 0.58671875 0.409375 0.0453125 0.0453125
26 0.5328125 0.40234375 0.04765625 0.059375
26 0.47578125 0.39453125 0.04609375 0.05703125
9 0.54765625 0.33828125 0.04375 0.05546875
26 0.4265625 0.40546875 0.03515625 0.06875
13 0.371875 0.33046875 0.0390625 0.065625
14 0.37578125 0.40703125 0.0375 0.05859375
13 0.32421875 0.4015625 0.04609375 0.0796875
14 0.2828125 0.315625 0.02890625 0.0625
13 0.27109375 0.396875 0.0484375 0.06484375
36 0.21484375 0.39765625 0.04609375 0.07265625
36 0.16640625 0.39296875 0.04296875 0.07265625
29 0.1859375 0.32109375 0.040625 0.05234375
29 0.1171875 0.38828125 0.0390625 0.06875
29 0.05703125 0.396875 0.0390625 0.065625
29 0.09765625 0.31875 0.00078125 0.0015625
36 0.090625 0.321875 0.053125 0.04765625
7 0.08046875 0.546875 0.0390625 0.02578125
7 0.10625 0.58515625 0.03828125 0.04140625
6 0.13046875 0.528125 0.03125 0.040625
6 0.16796875 0.584375 0.04453125 0.0609375
7 0.18125 0.525 0.04296875 0.04140625
11 0.2125 0.57734375 0.03125 0.04375
11 0.3046875 0.53359375 0.0375 0.0375
32 0.3046875 0.6 0.03359375 0.046875
16 0.2578125 0.571875 0.04765625 0.03359375
16 0.34296875 0.5828125 0.03125 0.0421875
31 0.371875 0.56015625 0.025 0.0375
4 0.425 0.609375 0.01875 0.04453125
31 0.46171875 0.5546875 0.03046875 0.03359375
4 0.50078125 0.6078125 0.040625 0.040625
1 0.590625 0.57421875 0.02421875 0.05078125
3 0.58046875 0.61640625 0.096875 0.02890625
1 0.66640625 0.57421875 0.0421875 0.03828125
31 0.55546875 0.57265625 0.0328125 0.04140625
2 0.73203125 0.5921875 0.02890625 0.0796875
2 0.75703125 0.590625 0.01875 0.0671875
2 0.77734375 0.5875 0.0171875 0.0765625
2 0.80234375 0.590625 0.02578125 0.0734375
3 0.86796875 0.59296875 0.06953125 0.07734375
33 0.8515625 0.80703125 0.02734375 0.10546875
5 0.775 0.80078125 0.028125 0.109375
30 0.71484375 0.77734375 0.02421875 0.1390625
12 0.63828125 0.75234375 0.03125 0.10078125
12 0.5328125 0.79296875 0.03046875 0.10703125
20 0.565625 0.80234375 0.03046875 0.10625
21 0.48203125 0.76484375 0.03359375 0.09375
21 0.44609375 0.7671875 0.03125 0.096875
21 0.4125 0.7578125 0.028125 0.0828125
21 0.38046875 0.7578125 0.0328125 0.0828125
23 0.33125 0.790625 0.04140625 0.065625
21 0.328125 0.72421875 0.03125 0.0625
22 0.2859375 0.7734375 0.040625 0.08203125
19 0.24296875 0.7875 0.03984375 0.0796875
21 0.22578125 0.72265625 0.065625 0.03203125
18 0.20078125 0.78359375 0.04140625 0.0671875
18 0.15703125 0.7796875 0.03828125 0.07109375
18 0.11328125 0.78515625 0.040625 0.075
18 0.06796875 0.78828125 0.0375 0.0671875
20 0.10859375 0.7234375 0.06640625 0.03671875