34 0.08984375 0.20390625 0.05859375 0.09375
34 0.15078125 0.20625 0.04609375 0.084375
34 0.19609375 0.1984375 0.03984375 0.10546875
34 0.2453125 0.20703125 0.0453125 0.08515625
34 0.2984375 0.20703125 0.04609375 0.0890625
35 0.36171875 0.2125 0.05 0.0796875
35 0.42109375 0.21328125 0.0484375 0.07265625
35 0.459375 0.21015625 0.0203125 0.07109375
35 0.4984375 0.21640625 0.03671875 0.06171875
35 0.55 0.2140625 0.0453125 0.07265625
28 0.61640625 0.19921875 0.03828125 0.10078125
28 0.66015625 0.19296875 0.0390625 0.1046875
28 0.70859375 0.22265625 0.03828125 0.05234375
28 0.7640625 0.2015625 0.04296875 0.0859375
28 0.79609375 0.19453125 0.01796875 0.06015625
28 0.83046875 0.203125 0.04453125 0.0828125
8 0.8921875 0.2 0.05390625 0.0921875
8 0.953125 0.190625 0.059375 0.1078125
9 0.95 0.40625 0.04296875 0.0828125
9 0.8953125 0.40703125 0.04453125 0.0765625
10 0.83203125 0.4234375 0.0390625 0.05078125
24 0.7734375 0.42578125 0.05 0.05
15 0.71953125 0.43046875 0.04609375 0.0421875
27 0.671875 0.41796875 0.04609375 0.05546875
26 0.61015625 0.41953125 0.04375 0.053125
26 0.54375 0.415625 0.0453125 0.0625
14 0.50390625 0.425 0.0234375 0.0609375
13 0.4609375 0.4203125 0.02578125 0.0734375
13 0.39765625 0.4171875 0.04765625 0.08046875
13 0.33828125 0.4140625 0.05390625 0.07109375
36 0.26875 0.409375 0.05234375 0.06640625
36 0.21171875 0.41484375 0.0484375 0.08125
29 0.13984375 0.41328125 0.04921875 0.075
29 0.07890625 0.41796875 0.05078125 0.05546875
7 0.07578125 0.59375 0.03984375 0.04296875
7 0.10859375 0.56015625 0.034375 0.0265625
7 0.15234375 0.56796875 0.034375 0.03359375
25 0.11484375 0.63125 0.10390625 0.0296875
7 0.2203125 0.62734375 0.07890625 0.0296875
11 0.20390625 0.58984375 0.046875 0.03671875
11 0.27578125 0.61015625 0.034375 0.04921875
25 0.31875 0.6125 0.04140625 0.05078125
32 0.35859375 0.6 0.034375 0.07421875
21 0.40234375 0.56171875 0.03359375 0.07890625
21 0.5046875 0.565625 0.03359375 0.08203125
17 0.553125 0.58125 0.0390625 0.03359375
1 0.6375 0.60703125 0.06171875 0.021875
1 0.703125 0.58515625 0.0359375 0.02578125
32 0.46796875 0.58203125 0.03359375 0.0484375
3 0.7765625 0.6125 0.01953125 0.06484375
0 0.809375 0.6015625 0.0390625 0.01953125
2 0.85078125 0.60703125 0.0390625 0.0625
3 0.91171875 0.60546875 0.06171875 0.06484375
2 0.9609375 0.60625 0.0296875 0.0515625
0 0.7390625 0.625 0.034375 0.03203125
33 0.8640625 0.77734375 0.02890625 0.090625
33 0.91640625 0.803125 0.03046875 0.0359375
5 0.81796875 0.7796875 0.02890625 0.053125
5 0.77578125 0.79296875 0.03984375 0.04140625
30 0.725 0.73828125 0.0171875 0.1109375
30 0.6984375 0.76796875 0.025 0.11796875
20 0.6703125 0.77265625 0.02890625 0.08359375
20 0.63046875 0.74765625 0.02421875 0.05078125
20 0.6046875 0.753125 0.0234375 0.06171875
20 0.61484375 0.80859375 0.06328125 0.046875
21 0.559375 0.771875 0.03515625 0.08046875
21 0.52890625 0.765625 0.02265625 0.08359375
23 0.4828125 0.7859375 0.05625 0.07734375
23 0.4140625 0.77890625 0.05859375 0.07734375
19 0.27890625 0.7921875 0.04375 0.08671875
18 0.215625 0.796875 0.0640625 0.0640625
18 0.1375 0.7203125 0.071875 0.059375
18 0.08984375 0.80234375 0.07109375 0.059375