34 0.0703125 0.19296875 0.05625 0.1203125
34 0.13046875 0.19921875 0.0578125 0.11875
34 0.20078125 0.19296875 0.0578125 0.1125
34 0.26328125 0.1984375 0.0546875 0.1234375
34 0.32734375 0.21015625 0.0609375 0.1015625
35 0.396875 0.21015625 0.053125 0.10625
35 0.45859375 0.2078125 0.04375 0.0890625
35 0.50078125 0.215625 0.0328125 0.0953125
35 0.528125 0.21015625 0.01953125 0.07109375
28 0.56015625 0.2171875 0.0421875 0.0828125
28 0.6203125 0.21796875 0.05078125 0.08125
28 0.68046875 0.22265625 0.0453125 0.07890625
28 0.7328125 0.21328125 0.0484375 0.078125
28 0.78359375 0.21484375 0.03671875 0.0765625
8 0.84921875 0.209375 0.0578125 0.07890625
8 0.89921875 0.19921875 0.0328125 0.09375
9 0.91171875 0.409375 0.04921875 0.10703125
10 0.8015625 0.40234375 0.04375 0.07734375
24 0.7484375 0.421875 0.04765625 0.0765625
15 0.69453125 0.41953125 0.04453125 0.0609375
27 0.64765625 0.4109375 0.04140625 0.0734375
26 0.58515625 0.41484375 0.04765625 0.07890625
26 0.53515625 0.4203125 0.04453125 0.0734375
14 0.48828125 0.41171875 0.0390625 0.078125
13 0.4328125 0.415625 0.04609375 0.08828125
13 0.36953125 0.415625 0.0484375 0.08984375
36 0.303125 0.42578125 0.0515625 0.10234375
36 0.24765625 0.415625 0.04453125 0.08671875
29 0.17578125 0.4265625 0.046875 0.071875
29 0.11171875 0.4234375 0.05234375 0.0890625
7 0.12890625 0.59375 0.0390625 0.0734375
7 0.17421875 0.60625 0.03671875 0.07421875
6 0.2203125 0.62109375 0.0484375 0.08984375
11 0.2796875 0.61171875 0.05078125 0.06875
11 0.32734375 0.6109375 0.03828125 0.06328125
32 0.3765625 0.6203125 0.04375 0.08203125
16 0.43515625 0.6203125 0.0390625 0.07421875
17 0.484375 0.621875 0.046875 0.06953125
4 0.52890625 0.6203125 0.03515625 0.06328125
4 0.55078125 0.5671875 0.03671875 0.03125
17 0.525 0.5328125 0.040625 0.01875
17 0.50703125 0.5640625 0.04140625 0.0265625
31 0.58828125 0.6125 0.03046875 0.08984375
1 0.63046875 0.62109375 0.0421875 0.06640625
1 0.6765625 0.62421875 0.040625 0.06328125
1 0.67734375 0.571875 0.0390625 0.02578125
1 0.63125 0.5703125 0.03125 0.028125
0 0.71953125 0.615625 0.03515625 0.07109375
3 0.75390625 0.609375 0.02734375 0.115625
3 0.78203125 0.60625 0.0203125 0.10625
3 0.80390625 0.61015625 0.01796875 0.0953125
3 0.83125 0.621875 0.028125 0.08984375
2 0.89609375 0.61015625 0.096875 0.11640625
33 0.875 0.7921875 0.028125 0.0953125
5 0.79765625 0.7859375 0.02734375 0.09375
30 0.75546875 0.77109375 0.0265625 0.1234375
12 0.6515625 0.78125 0.0375 0.096875
20 0.6078125 0.7921875 0.03359375 0.0953125
20 0.57265625 0.79765625 0.03046875 0.0953125
21 0.53984375 0.765625 0.0296875 0.08515625
21 0.503125 0.7671875 0.0328125 0.08125
23 0.446875 0.77890625 0.04921875 0.09765625
22 0.3890625 0.7828125 0.040625 0.08828125
19 0.33046875 0.784375 0.04609375 0.07890625
18 0.2765625 0.78515625 0.04609375 0.0875
18 0.23046875 0.790625 0.03828125 0.08984375
18 0.18125 0.78125 0.05 0.07734375
18 0.12890625 0.7796875 0.04609375 0.07890625