34 0.05390625 0.22890625 0.03203125 0.09921875
34 0.09140625 0.228125 0.03671875 0.0953125
34 0.13515625 0.24765625 0.0375 0.06484375
34 0.203125 0.2265625 0.02578125 0.05625
34 0.24609375 0.16953125 0.07421875 0.05078125
29 0.25 0.2375 0.06328125 0.078125
35 0.32890625 0.225 0.084375 0.053125
35 0.40078125 0.2453125 0.05078125 0.0734375
35 0.440625 0.246875 0.0234375 0.06796875
18 0.49921875 0.25703125 0.04140625 0.0546875
28 0.5578125 0.24921875 0.03203125 0.065625
28 0.59765625 0.2296875 0.0421875 0.03125
18 0.63671875 0.2609375 0.0328125 0.04140625
28 0.68359375 0.253125 0.040625 0.06015625
28 0.73125 0.2546875 0.0484375 0.0578125
8 0.78828125 0.24140625 0.059375 0.08046875
8 0.8359375 0.25078125 0.03046875 0.059375
25 0.8734375 0.24453125 0.0390625 0.0734375
25 0.59765625 0.26484375 0.040625 0.03515625
25 0.171875 0.2375 0.03203125 0.08828125
25 0.14375 0.1609375 0.10078125 0.02890625
29 0.05859375 0.4 0.0453125 0.05546875
29 0.1125 0.39921875 0.0578125 0.04375
34 0.084375 0.4453125 0.10234375 0.0296875
13 0.1765625 0.3984375 0.06328125 0.0453125
36 0.2296875 0.3890625 0.0390625 0.0265625
17 0.2625 0.43515625 0.04296875 0.06015625
13 0.2859375 0.38828125 0.0515625 0.03046875
36 0.340625 0.42578125 0.05234375 0.0734375
14 0.40078125 0.43515625 0.0625 0.06484375
14 0.44921875 0.40625 0.02578125 0.07109375
32 0.48203125 0.41875 0.0359375 0.0484375
26 0.48515625 0.378125 0.03359375 0.02734375
26 0.525 0.4046875 0.0390625 0.065625
26 0.56875 0.37109375 0.04453125 0.03671875
15 0.62890625 0.42890625 0.0484375 0.0296875
10 0.69453125 0.41875 0.04375 0.04296875
9 0.77734375 0.38125 0.02109375 0.03984375
13 0.803125 0.40234375 0.02578125 0.0796875
30 0.82890625 0.41015625 0.01640625 0.05859375
9 0.85859375 0.40625 0.0375 0.071875
25 0.74140625 0.41875 0.0453125 0.04140625
25 0.64140625 0.4 0.0515625 0.02109375
25 0.57421875 0.421875 0.05390625 0.05703125
25 0.1890625 0.44296875 0.09609375 0.0375
6 0.0484375 0.56484375 0.06796875 0.02578125
7 0.12734375 0.5578125 0.0390625 0.0328125
6 0.16953125 0.57890625 0.04140625 0.0421875
6 0.26171875 0.57578125 0.04609375 0.046875
11 0.1015625 0.61796875 0.05234375 0.05390625
18 0.03828125 0.61328125 0.0671875 0.0640625
25 0.20546875 0.62265625 0.11328125 0.0359375
32 0.31015625 0.58671875 0.0453125 0.06484375
16 0.36015625 0.615625 0.034375 0.04453125
21 0.353125 0.5625 0.03046875 0.05
17 0.39140625 0.6078125 0.02421875 0.046875
17 0.42421875 0.60078125 0.03359375 0.0515625
4 0.46171875 0.60546875 0.028125 0.034375
31 0.48359375 0.55546875 0.0296875 0.0296875
20 0.50078125 0.59921875 0.04296875 0.0421875
1 0.55390625 0.56875 0.021875 0.04609375
5 0.578125 0.5609375 0.01875 0.08203125
1 0.6109375 0.59296875 0.0390625 0.0578125
0 0.65078125 0.578125 0.0265625 0.02890625
36 0.6234375 0.521875 0.034375 0.078125
21 0.65625 0.5296875 0.01875 0.0640625
2 0.71171875 0.565625 0.071875 0.02890625
11 0.77421875 0.56484375 0.0421875 0.025
3 0.81015625 0.584375 0.0203125 0.0671875
28 0.85 0.56875 0.0515625 0.0578125
25 0.7 0.6078125 0.034375 0.034375
28 0.88203125 0.8125 0.04296875 0.09921875
2 0.840625 0.8359375 0.03359375 0.0625
12 0.8046875 0.7921875 0.03203125 0.1171875
33 0.77578125 0.7765625 0.01953125 0.10546875
5 0.728125 0.75234375 0.01953125 0.10078125
28 0.6921875 0.7609375 0.040625 0.06796875
12 0.61796875 0.74375 0.01796875 0.0984375
30 0.59375 0.75 0.02421875 0.12890625
20 0.54453125 0.8125 0.05390625 0.07265625
20 0.5265625 0.72890625 0.028125 0.0796875
20 0.48828125 0.75546875 0.03046875 0.09296875
21 0.45546875 0.73046875 0.03046875 0.084375
21 0.41171875 0.7609375 0.0296875 0.08671875
23 0.36484375 0.72578125 0.04765625 0.0703125
21 0.309375 0.76484375 0.02734375 0.08203125
18 0.26875 0.7796875 0.046875 0.07421875
34 0.221875 0.73671875 0.04140625 0.075
18 0.21953125 0.80859375 0.0453125 0.05
18 0.15859375 0.79375 0.04375 0.053125
19 0.10625 0.75234375 0.05546875 0.0625
18 0.05625 0.78828125 0.0390625 0.05