34 0.0640625 0.1265625 0.0515625 0.10625
34 0.11875 0.11953125 0.046875 0.11484375
34 0.1671875 0.13046875 0.0359375 0.1
34 0.21484375 0.1296875 0.0484375 0.10078125
34 0.26640625 0.1171875 0.04375 0.11171875
35 0.32734375 0.14296875 0.0515625 0.06796875
35 0.38515625 0.13828125 0.0453125 0.07421875
35 0.4390625 0.1390625 0.04296875 0.0640625
35 0.48671875 0.128125 0.025 0.05625
13 0.5265625 0.14375 0.04296875 0.06640625
28 0.58359375 0.1296875 0.0515625 0.09609375
28 0.640625 0.1359375 0.040625 0.090625
28 0.69296875 0.14296875 0.040625 0.09140625
28 0.74609375 0.14609375 0.040625 0.07109375
8 0.81484375 0.13671875 0.046875 0.0953125
8 0.88046875 0.14296875 0.05 0.0828125
9 0.8953125 0.37109375 0.04765625 0.08203125
9 0.83515625 0.3671875 0.034375 0.0703125
10 0.78125 0.39296875 0.0421875 0.04609375
24 0.72265625 0.384375 0.05234375 0.06171875
15 0.6609375 0.3828125 0.0453125 0.06015625
0 0.59765625 0.40078125 0.04609375 0.04453125
27 0.5984375 0.35 0.04609375 0.03828125
26 0.53828125 0.3671875 0.046875 0.06640625
26 0.48828125 0.3734375 0.034375 0.08125
26 0.46171875 0.36484375 0.015625 0.05078125
4 0.42734375 0.39765625 0.0375 0.06640625
13 0.36484375 0.375 0.0375 0.08046875
13 0.31953125 0.37890625 0.0484375 0.06796875
36 0.24375 0.3734375 0.05 0.0765625
36 0.19296875 0.3671875 0.04609375 0.07265625
7 0.128125 0.39296875 0.05 0.06015625
29 0.06953125 0.3734375 0.0484375 0.0859375
29 0.13125 0.34140625 0.046875 0.02265625
7 0.09453125 0.56484375 0.03984375 0.08125
7 0.140625 0.56640625 0.0390625 0.06328125
6 0.19765625 0.59609375 0.03984375 0.08046875
11 0.246875 0.60703125 0.04296875 0.05546875
11 0.29453125 0.60390625 0.0390625 0.0515625
11 0.2890625 0.55234375 0.03671875 0.03359375
11 0.24375 0.5546875 0.03671875 0.0296875
32 0.3359375 0.5828125 0.03828125 0.078125
16 0.390625 0.61015625 0.0359375 0.0640625
17 0.43671875 0.60546875 0.0390625 0.0515625
17 0.4796875 0.58984375 0.02734375 0.046875
32 0.515625 0.59765625 0.03984375 0.06875
31 0.56015625 0.590625 0.0390625 0.0609375
1 0.60078125 0.596875 0.0375 0.071875
1 0.64921875 0.59765625 0.03984375 0.059375
0 0.696875 0.57734375 0.03203125 0.0453125
2 0.76484375 0.5828125 0.10390625 0.0953125
3 0.87109375 0.58671875 0.0890625 0.0875
33 0.86015625 0.79765625 0.025 0.1046875
5 0.79765625 0.7953125 0.025 0.11171875
30 0.7296875 0.771875 0.02578125 0.14609375
12 0.6515625 0.78984375 0.034375 0.11640625
20 0.5828125 0.80703125 0.03203125 0.10390625
20 0.55078125 0.80859375 0.028125 0.10703125
21 0.49453125 0.79375 0.0328125 0.1109375
21 0.43125 0.8015625 0.03671875 0.1
23 0.3671875 0.80859375 0.0390625 0.08671875
22 0.32109375 0.8109375 0.040625 0.08984375
19 0.27265625 0.809375 0.03984375 0.09453125
18 0.2265625 0.809375 0.0390625 0.09375
18 0.17890625 0.81171875 0.04296875 0.08515625
18 0.13046875 0.8171875 0.0421875 0.08984375
18 0.08125 0.81796875 0.04140625 0.09296875