34 0.07109375 0.16328125 0.03984375 0.10546875
34 0.11484375 0.16328125 0.03125 0.10703125
25 0.15625 0.14921875 0.04296875 0.13515625
34 0.20390625 0.1578125 0.04453125 0.1171875
34 0.25546875 0.16171875 0.046875 0.10625
25 0.30703125 0.16015625 0.04765625 0.11171875
35 0.35546875 0.175 0.040625 0.0859375
35 0.4015625 0.17109375 0.04375 0.08984375
35 0.46484375 0.17265625 0.0390625 0.09375
25 0.5234375 0.17265625 0.05859375 0.09453125
28 0.5796875 0.18359375 0.04375 0.0765625
28 0.63203125 0.1734375 0.0453125 0.09296875
28 0.68515625 0.1828125 0.0484375 0.078125
28 0.73984375 0.18359375 0.05078125 0.08125
8 0.79453125 0.18046875 0.0484375 0.08828125
8 0.86796875 0.17734375 0.07109375 0.0921875
9 0.89140625 0.375 0.0515625 0.08828125
9 0.83359375 0.378125 0.05546875 0.07578125
10 0.778125 0.3984375 0.0515625 0.04296875
24 0.7109375 0.39375 0.06328125 0.05390625
15 0.646875 0.39140625 0.05625 0.05078125
27 0.590625 0.3890625 0.04375 0.06328125
26 0.5328125 0.3765625 0.0484375 0.08515625
26 0.4671875 0.37265625 0.05 0.08359375
14 0.38984375 0.375 0.040625 0.08515625
13 0.34140625 0.375 0.05078125 0.09140625
13 0.28828125 0.375 0.0484375 0.08828125
36 0.2359375 0.3796875 0.04609375 0.08359375
36 0.1828125 0.37109375 0.04296875 0.09140625
29 0.12890625 0.365625 0.04296875 0.09140625
29 0.07734375 0.371875 0.046875 0.0984375
7 0.0859375 0.571875 0.03828125 0.0640625
7 0.1421875 0.54296875 0.0359375 0.0796875
6 0.19140625 0.56796875 0.04140625 0.0921875
11 0.2359375 0.5828125 0.03984375 0.0546875
11 0.28125 0.58046875 0.04296875 0.059375
32 0.328125 0.58046875 0.04140625 0.07734375
16 0.36796875 0.584375 0.03203125 0.06484375
17 0.40234375 0.578125 0.02890625 0.0671875
17 0.45 0.578125 0.04609375 0.065625
4 0.49921875 0.5828125 0.0359375 0.05625
31 0.53984375 0.5796875 0.02890625 0.0578125
1 0.58359375 0.58203125 0.04609375 0.065625
1 0.63515625 0.5828125 0.04921875 0.05703125
0 0.68359375 0.58984375 0.03203125 0.03828125
2 0.71171875 0.5671875 0.01875 0.07109375
2 0.734375 0.5703125 0.01875 0.0765625
2 0.7578125 0.57265625 0.02109375 0.065625
2 0.7796875 0.56875 0.01796875 0.071875
2 0.80234375 0.56953125 0.02265625 0.06796875
3 0.875 0.571875 0.10625 0.0765625
33 0.85234375 0.76953125 0.02734375 0.1
5 0.78515625 0.76640625 0.02578125 0.10625
30 0.715625 0.74765625 0.02265625 0.13203125
12 0.63359375 0.7609375 0.03359375 0.10625
20 0.5625 0.77578125 0.0296875 0.0984375
20 0.52890625 0.775 0.0296875 0.10078125
21 0.46953125 0.76171875 0.0359375 0.09765625
21 0.4328125 0.7625 0.0359375 0.10234375
21 0.39765625 0.765625 0.015625 0.09765625
23 0.34609375 0.76640625 0.0421875 0.0921875
22 0.3015625 0.76328125 0.03984375 0.090625
19 0.2578125 0.76796875 0.04140625 0.090625
18 0.2140625 0.7703125 0.040625 0.0875
18 0.17109375 0.771875 0.03828125 0.0875
18 0.12734375 0.7734375 0.04140625 0.0859375
18 0.08203125 0.7765625 0.0421875 0.090625