25 0.0671875 0.2234375 0.0546875 0.08515625
34 0.1203125 0.20390625 0.03828125 0.13046875
25 0.16875 0.21015625 0.03671875 0.12421875
34 0.23984375 0.24921875 0.084375 0.0421875
34 0.2140625 0.18671875 0.0328125 0.07578125
34 0.25703125 0.190625 0.04453125 0.07109375
35 0.303125 0.19765625 0.034375 0.0828125
17 0.37578125 0.24375 0.05546875 0.0671875
17 0.42890625 0.221875 0.0421875 0.10859375
28 0.48515625 0.24375 0.06015625 0.07421875
28 0.54453125 0.2046875 0.04375 0.06015625
28 0.61875 0.2421875 0.05859375 0.07890625
28 0.73046875 0.2125 0.0546875 0.0609375
28 0.71640625 0.26484375 0.10078125 0.0359375
8 0.80390625 0.20234375 0.06015625 0.09375
25 0.8484375 0.26953125 0.134375 0.0296875
8 0.86953125 0.19375 0.05234375 0.05859375
8 0.89921875 0.2390625 0.09453125 0.02578125
25 0.8953125 0.46484375 0.13046875 0.03046875
9 0.87578125 0.3984375 0.04609375 0.08671875
9 0.82265625 0.4046875 0.0546875 0.0796875
10 0.76875 0.43046875 0.0453125 0.0421875
24 0.71015625 0.43359375 0.06171875 0.03984375
27 0.5703125 0.46015625 0.07734375 0.02890625
25 0.58359375 0.43046875 0.08203125 0.02421875
25 0.50546875 0.421875 0.04609375 0.07265625
26 0.4546875 0.40078125 0.04765625 0.0828125
25 0.3875 0.41953125 0.04453125 0.075
13 0.3390625 0.41953125 0.03125 0.08828125
13 0.27734375 0.4109375 0.03359375 0.0796875
25 0.3078125 0.42734375 0.0234375 0.0875
25 0.22265625 0.42109375 0.040625 0.0546875
36 0.2125 0.46328125 0.0953125 0.02578125
36 0.18046875 0.39296875 0.0375 0.0859375
29 0.1328125 0.38828125 0.03984375 0.07265625
29 0.08515625 0.39296875 0.04296875 0.0640625
29 0.0984375 0.45625 0.0875 0.03671875
6 0.16640625 0.553125 0.0359375 0.06171875
25 0.159375 0.6390625 0.04765625 0.04609375
7 0.10703125 0.58359375 0.0578125 0.0390625
11 0.20859375 0.578125 0.03515625 0.040625
11 0.25234375 0.578125 0.03828125 0.0453125
11 0.2515625 0.64140625 0.053125 0.0421875
32 0.3078125 0.63046875 0.03671875 0.059375
16 0.36796875 0.5890625 0.0390625 0.040625
17 0.42109375 0.5796875 0.04375 0.0421875
25 0.45703125 0.6359375 0.05078125 0.04921875
4 0.46640625 0.59140625 0.03671875 0.03046875
31 0.50546875 0.58671875 0.034375 0.04140625
1 0.5703125 0.63984375 0.07265625 0.03359375
25 0.61015625 0.60234375 0.04921875 0.03203125
0 0.65859375 0.621875 0.0328125 0.034375
2 0.73828125 0.60703125 0.05078125 0.0703125
2 0.79140625 0.60625 0.04140625 0.07421875
3 0.83984375 0.61953125 0.04140625 0.06640625
3 0.8953125 0.61875 0.0546875 0.059375
33 0.81328125 0.79921875 0.08046875 0.03359375
5 0.7109375 0.76796875 0.02734375 0.0828125
30 0.65078125 0.7625 0.025 0.10859375
12 0.59921875 0.76796875 0.0359375 0.084375
20 0.53359375 0.78828125 0.034375 0.0671875
20 0.478125 0.77578125 0.03203125 0.07734375
20 0.50546875 0.7484375 0.0171875 0.06875
21 0.43046875 0.7640625 0.02421875 0.0828125
21 0.3984375 0.76796875 0.03203125 0.08046875
22 0.27109375 0.76875 0.05 0.06796875
19 0.215625 0.78828125 0.05 0.0734375
18 0.15234375 0.7265625 0.040625 0.06484375
23 0.22109375 0.7203125 0.03671875 0.053125
18 0.0703125 0.78125 0.0515625 0.08046875