34 0.05859375 0.15234375 0.05 0.10703125
34 0.11328125 0.15078125 0.0484375 0.11171875
34 0.1609375 0.15234375 0.028125 0.12109375
34 0.20625 0.1453125 0.05078125 0.12890625
34 0.2609375 0.159375 0.04921875 0.1125
34 0.14375 0.59296875 0.04140625 0.10859375
35 0.315625 0.1640625 0.0484375 0.084375
35 0.36796875 0.16796875 0.046875 0.0921875
35 0.428125 0.1640625 0.05546875 0.09296875
13 0.51328125 0.18359375 0.04765625 0.07421875
28 0.57265625 0.16796875 0.0515625 0.11796875
28 0.62734375 0.17578125 0.046875 0.103125
28 0.67890625 0.184375 0.0484375 0.0875
28 0.73125 0.18671875 0.0484375 0.0828125
8 0.79296875 0.18125 0.059375 0.0890625
8 0.8671875 0.18046875 0.07109375 0.09375
29 0.059375 0.38671875 0.05390625 0.0921875
29 0.11875 0.37734375 0.04609375 0.09375
36 0.1796875 0.384375 0.04765625 0.09765625
36 0.23515625 0.38828125 0.04921875 0.0890625
13 0.2953125 0.38984375 0.0546875 0.09375
8 0.353125 0.37734375 0.053125 0.1265625
14 0.4046875 0.38359375 0.04296875 0.1
26 0.46015625 0.390625 0.05390625 0.09453125
26 0.5265625 0.39765625 0.04609375 0.08828125
28 0.58828125 0.4 0.0484375 0.08671875
15 0.64609375 0.40546875 0.0515625 0.0734375
24 0.7109375 0.40859375 0.0578125 0.0640625
10 0.76796875 0.40625 0.0453125 0.05859375
9 0.83125 0.39140625 0.053125 0.0765625
9 0.8859375 0.39453125 0.040625 0.084375
7 0.0890625 0.5515625 0.04453125 0.04453125
11 0.0890625 0.60703125 0.046875 0.05625
6 0.1921875 0.59296875 0.0421875 0.1015625
11 0.23828125 0.6046875 0.04296875 0.0578125
17 0.2875 0.60390625 0.04296875 0.06875
32 0.33515625 0.59609375 0.04140625 0.08828125
16 0.378125 0.6109375 0.0359375 0.0671875
31 0.42890625 0.6109375 0.046875 0.06328125
4 0.5046875 0.6015625 0.040625 0.06171875
31 0.54765625 0.5796875 0.028125 0.0578125
1 0.58671875 0.60859375 0.0375 0.07578125
35 0.6328125 0.5984375 0.04453125 0.1109375
0 0.684375 0.603125 0.03359375 0.0515625
2 0.75390625 0.5953125 0.0984375 0.08203125
3 0.87421875 0.59765625 0.096875 0.08671875
18 0.07421875 0.80859375 0.05 0.09765625
18 0.12421875 0.80546875 0.04375 0.09375
18 0.17265625 0.803125 0.04453125 0.09296875
18 0.2203125 0.803125 0.04375 0.09375
19 0.265625 0.8 0.0390625 0.0953125
22 0.309375 0.79453125 0.040625 0.09765625
23 0.35703125 0.796875 0.0453125 0.09765625
21 0.41875 0.79765625 0.03515625 0.096875
21 0.4765625 0.80078125 0.03671875 0.09921875
20 0.5359375 0.8140625 0.03046875 0.10859375
20 0.56953125 0.8140625 0.02734375 0.103125
12 0.6390625 0.7984375 0.03359375 0.10859375
30 0.72265625 0.7828125 0.025 0.1359375
5 0.7921875 0.80234375 0.02734375 0.1078125
33 0.8609375 0.80859375 0.02578125 0.096875