34 0.05234375 0.13046875 0.05 0.1171875
34 0.1078125 0.1359375 0.05 0.11484375
34 0.15703125 0.13515625 0.0328125 0.12109375
34 0.2046875 0.1234375 0.04921875 0.1359375
34 0.2609375 0.1296875 0.05 0.13125
35 0.31875 0.1453125 0.05 0.10234375
35 0.37265625 0.14921875 0.046875 0.0953125
35 0.425 0.14609375 0.05 0.10234375
13 0.51953125 0.1484375 0.0484375 0.09453125
28 0.57890625 0.1375 0.0515625 0.1296875
28 0.63984375 0.14453125 0.0546875 0.12265625
28 0.6953125 0.1546875 0.04609375 0.09453125
28 0.74921875 0.15859375 0.053125 0.08984375
8 0.82109375 0.1484375 0.05859375 0.103125
8 0.89140625 0.15 0.06015625 0.11015625
29 0.05625 0.39375 0.05078125 0.10625
7 0.11875 0.40859375 0.05 0.07734375
7 0.090625 0.5953125 0.03515625 0.08359375
7 0.13828125 0.5984375 0.04296875 0.08671875
36 0.18203125 0.38515625 0.05078125 0.10546875
36 0.2390625 0.39296875 0.04921875 0.096875
13 0.30546875 0.3984375 0.05 0.09296875
13 0.35390625 0.3921875 0.03828125 0.0890625
14 0.40546875 0.39140625 0.05234375 0.11171875
26 0.46875 0.39765625 0.0625 0.1015625
26 0.5359375 0.39375 0.053125 0.07890625
9 0.59921875 0.38828125 0.053125 0.1171875
0 0.65390625 0.43515625 0.03125 0.0375
15 0.66328125 0.39375 0.04765625 0.034375
24 0.725 0.41328125 0.06484375 0.06640625
10 0.7890625 0.409375 0.04921875 0.06640625
9 0.84375 0.39765625 0.04921875 0.0984375
15 0.91640625 0.40859375 0.05546875 0.0765625
6 0.190625 0.6203125 0.046875 0.1
11 0.24140625 0.634375 0.04296875 0.06328125
11 0.2921875 0.63125 0.04765625 0.0765625
32 0.3421875 0.6296875 0.040625 0.08125
16 0.3828125 0.63125 0.03203125 0.0859375
17 0.43125 0.62890625 0.05078125 0.08046875
17 0.48515625 0.62109375 0.02421875 0.08203125
4 0.5234375 0.62578125 0.03984375 0.0609375
31 0.5640625 0.62109375 0.02734375 0.0609375
1 0.6078125 0.6265625 0.04765625 0.07265625
1 0.6609375 0.6265625 0.04609375 0.06640625
0 0.7078125 0.6125 0.03046875 0.03671875
2 0.778125 0.61328125 0.09765625 0.0875
3 0.90078125 0.61875 0.11328125 0.0921875
18 0.06796875 0.8609375 0.04921875 0.10234375
18 0.11953125 0.8578125 0.046875 0.109375
18 0.171875 0.8515625 0.0453125 0.103125
18 0.21953125 0.84921875 0.04140625 0.10859375
19 0.265625 0.84453125 0.04375 0.10546875
22 0.3125 0.83984375 0.0421875 0.11171875
23 0.3609375 0.840625 0.0421875 0.1125
21 0.425 0.840625 0.0328125 0.10625
21 0.46171875 0.8375 0.03046875 0.103125
21 0.50546875 0.82265625 0.0375 0.1
20 0.56328125 0.8375 0.03125 0.1046875
20 0.59609375 0.8359375 0.028125 0.10859375
12 0.6640625 0.81796875 0.03515625 0.11328125
30 0.74296875 0.81015625 0.0296875 0.134375
5 0.81171875 0.82890625 0.02578125 0.109375
33 0.87734375 0.8359375 0.028125 0.1046875