34 0.0453125 0.190625 0.05 0.1078125
34 0.103125 0.1859375 0.05390625 0.11796875
34 0.1609375 0.18046875 0.04921875 0.109375
34 0.2171875 0.18828125 0.05 0.121875
34 0.2796875 0.19765625 0.05390625 0.09453125
35 0.32734375 0.1765625 0.0390625 0.04453125
35 0.371875 0.19609375 0.03984375 0.046875
35 0.26640625 0.10703125 0.04375 0.0546875
35 0.42734375 0.2109375 0.01875 0.08671875
35 0.4578125 0.228125 0.0390625 0.0765625
28 0.4078125 0.1140625 0.059375 0.06015625
28 0.50546875 0.22578125 0.046875 0.09140625
28 0.5609375 0.2265625 0.0546875 0.08203125
28 0.62578125 0.225 0.0515625 0.0796875
28 0.69140625 0.23671875 0.05703125 0.06640625
28 0.7515625 0.22421875 0.0453125 0.0921875
8 0.7109375 0.14375 0.06640625 0.06171875
8 0.9015625 0.21484375 0.0609375 0.109375
8 0.80703125 0.2359375 0.059375 0.0609375
8 0.853125 0.21171875 0.0234375 0.11875
28 0.809375 0.15546875 0.0609375 0.05625
9 0.90625 0.4484375 0.0515625 0.096875
9 0.82890625 0.4359375 0.04453125 0.08125
10 0.76875 0.44140625 0.04921875 0.059375
24 0.70859375 0.4390625 0.05625 0.08984375
15 0.6375 0.4671875 0.06328125 0.05234375
27 0.57578125 0.465625 0.053125 0.0609375
9 0.53828125 0.371875 0.05390625 0.05390625
26 0.51796875 0.453125 0.05390625 0.07265625
26 0.4609375 0.43671875 0.05078125 0.0625
13 0.409375 0.3453125 0.0609375 0.05546875
13 0.36171875 0.434375 0.05546875 0.08046875
14 0.41484375 0.43515625 0.03203125 0.06640625
14 0.31015625 0.33203125 0.0375 0.065625
13 0.30234375 0.42890625 0.05234375 0.07265625
36 0.23984375 0.43359375 0.04921875 0.08671875
36 0.18671875 0.42890625 0.05546875 0.07734375
29 0.20546875 0.34140625 0.04921875 0.06796875
29 0.12890625 0.42734375 0.04296875 0.0796875
29 0.06328125 0.43125 0.05625 0.07734375
36 0.096875 0.34140625 0.07109375 0.06484375
7 0.07265625 0.64609375 0.0421875 0.05546875
7 0.121875 0.64296875 0.04140625 0.0671875
6 0.18359375 0.6515625 0.05 0.07734375
27 0.23984375 0.65390625 0.04296875 0.06484375
27 0.28828125 0.65234375 0.04296875 0.05
27 0.29296875 0.6046875 0.04296875 0.02265625
27 0.2421875 0.60078125 0.04296875 0.0328125
32 0.3421875 0.6484375 0.04765625 0.07890625
16 0.38984375 0.64453125 0.04375 0.06796875
17 0.44296875 0.6703125 0.034375 0.05703125
17 0.4640625 0.61796875 0.046875 0.02890625
4 0.49296875 0.65625 0.04921875 0.0375
31 0.53515625 0.6546875 0.03046875 0.046875
1 0.57265625 0.65390625 0.03046875 0.07265625
1 0.6265625 0.65234375 0.046875 0.04609375
1 0.596875 0.603125 0.0390625 0.01875
0 0.67265625 0.6625 0.034375 0.04296875
0 0.67890625 0.62109375 0.02734375 0.0375
1 0.64375 0.61484375 0.0359375 0.01953125
2 0.75703125 0.65078125 0.11796875 0.0890625
3 0.8734375 0.65390625 0.09140625 0.09453125
33 0.86171875 0.8734375 0.028125 0.1078125
5 0.78125 0.86171875 0.0296875 0.1078125
30 0.7171875 0.84140625 0.02890625 0.1359375
12 0.63125 0.84921875 0.03515625 0.10859375
20 0.55703125 0.859375 0.0375 0.10078125
20 0.5203125 0.8578125 0.03359375 0.1015625
21 0.46171875 0.84375 0.03828125 0.0921875
21 0.42578125 0.8421875 0.02734375 0.08984375
23 0.38046875 0.83515625 0.0453125 0.0796875
22 0.33203125 0.8359375 0.040625 0.103125
18 0.28125 0.85 0.04140625 0.08984375
18 0.234375 0.84609375 0.040625 0.08671875
18 0.18515625 0.8453125 0.04375 0.09609375
18 0.13984375 0.853125 0.0453125 0.084375
18 0.0890625 0.86015625 0.04765625 0.08671875