34 0.04921875 0.14921875 0.05 0.11875
34 0.09375 0.1484375 0.034375 0.1203125
34 0.1875 0.14609375 0.0484375 0.13671875
35 0.3484375 0.1703125 0.03828125 0.08671875
35 0.38515625 0.15625 0.02578125 0.10625
35 0.4140625 0.18203125 0.0234375 0.06875
13 0.4546875 0.1828125 0.0421875 0.0671875
28 0.50703125 0.18671875 0.040625 0.05859375
28 0.55234375 0.17578125 0.040625 0.08125
28 0.59609375 0.1828125 0.0375 0.06796875
28 0.69921875 0.1859375 0.03671875 0.0671875
35 0.63671875 0.175 0.034375 0.08203125
8 0.75625 0.18125 0.0546875 0.07109375
25 0.1375 0.1359375 0.046875 0.14921875
25 0.2375 0.14296875 0.04375 0.13125
25 0.2953125 0.153125 0.059375 0.11875
29 0.053125 0.3765625 0.04296875 0.09921875
8 0.11015625 0.3765625 0.05 0.10234375
36 0.16875 0.37421875 0.04140625 0.103125
14 0.21796875 0.3890625 0.0515625 0.08828125
13 0.26953125 0.37421875 0.04296875 0.0921875
13 0.3203125 0.36953125 0.0484375 0.103125
14 0.36796875 0.36875 0.0390625 0.09453125
26 0.4171875 0.34921875 0.03984375 0.084375
26 0.475 0.35078125 0.04296875 0.08359375
27 0.52734375 0.3640625 0.0390625 0.06171875
15 0.57734375 0.36328125 0.046875 0.0578125
13 0.6328125 0.36953125 0.04921875 0.06640625
10 0.690625 0.36875 0.046875 0.053125
9 0.74296875 0.3546875 0.0453125 0.071875
9 0.79609375 0.353125 0.05 0.078125
7 0.07265625 0.57109375 0.0375 0.059375
7 0.1265625 0.54609375 0.03359375 0.07109375
6 0.17578125 0.5703125 0.03984375 0.0890625
11 0.2203125 0.5796875 0.03828125 0.05234375
11 0.2625 0.57578125 0.0421875 0.05859375
32 0.30859375 0.5734375 0.03828125 0.078125
16 0.34296875 0.58046875 0.0234375 0.06640625
17 0.40625 0.5375 0.03984375 0.0734375
4 0.45390625 0.540625 0.03203125 0.0609375
31 0.4921875 0.53828125 0.02890625 0.0578125
1 0.53203125 0.5421875 0.04140625 0.06953125
1 0.58125 0.54140625 0.046875 0.05625
0 0.62734375 0.5484375 0.02890625 0.0421875
2 0.68984375 0.5296875 0.090625 0.075
3 0.81171875 0.53359375 0.0921875 0.084375
18 0.0765625 0.75390625 0.0421875 0.084375
18 0.121875 0.753125 0.03984375 0.084375
18 0.16328125 0.74921875 0.0375 0.07734375
18 0.203125 0.7484375 0.03671875 0.08359375
19 0.2421875 0.7453125 0.0359375 0.08046875
22 0.28125 0.73984375 0.03515625 0.08125
23 0.32265625 0.740625 0.040625 0.08515625
21 0.3953125 0.728125 0.034375 0.10234375
21 0.4328125 0.72734375 0.03359375 0.103125
20 0.49140625 0.740625 0.03203125 0.11171875
20 0.5234375 0.74140625 0.02890625 0.11015625
12 0.59375 0.7265625 0.03125 0.10859375
30 0.6734375 0.7125 0.02578125 0.13515625
5 0.74296875 0.73203125 0.0296875 0.1078125
33 0.81015625 0.73828125 0.03125 0.10625