34 0.15390625 0.10234375 0.0359375 0.03671875
34 0.25390625 0.13359375 0.03515625 0.0640625
34 0.2921875 0.1203125 0.03515625 0.04921875
34 0.3359375 0.1015625 0.03984375 0.03046875
25 0.33125 0.134375 0.0359375 0.0296875
25 0.215625 0.12734375 0.0390625 0.08046875
25 0.15390625 0.1421875 0.06015625 0.03828125
35 0.3828125 0.13359375 0.03671875 0.0703125
35 0.41484375 0.12734375 0.025 0.0734375
35 0.4546875 0.12421875 0.0328125 0.06328125
35 0.49375 0.153125 0.03046875 0.0515625
28 0.559375 0.11640625 0.0296875 0.04453125
28 0.59296875 0.1140625 0.03046875 0.034375
28 0.7140625 0.12578125 0.0328125 0.04140625
28 0.67734375 0.14375 0.0265625 0.046875
28 0.57578125 0.153125 0.053125 0.01953125
35 0.521875 0.146875 0.0234375 0.05078125
25 0.6390625 0.1515625 0.04375 0.06171875
25 0.725 0.16796875 0.06328125 0.025
25 0.58359375 0.1734375 0.04296875 0.01953125
25 0.453125 0.1703125 0.04140625 0.02109375
28 0.6609375 0.1015625 0.05390625 0.03046875
8 0.76328125 0.1125 0.0453125 0.0515625
8 0.79609375 0.10625 0.01796875 0.0359375
25 0.8046875 0.14140625 0.03671875 0.03203125
25 0.84609375 0.1375 0.03046875 0.06953125
9 0.8109375 0.25 0.03125 0.03984375
9 0.77890625 0.26328125 0.03046875 0.03828125
10 0.7578125 0.31015625 0.04765625 0.04609375
25 0.8453125 0.3109375 0.05390625 0.046875
25 0.70625 0.3109375 0.053125 0.05859375
15 0.65390625 0.3125 0.03828125 0.03671875
15 0.64609375 0.27734375 0.03671875 0.021875
24 0.68828125 0.2734375 0.03828125 0.015625
10 0.73125 0.27109375 0.03984375 0.02109375
25 0.60234375 0.3 0.03671875 0.04140625
27 0.60546875 0.26328125 0.034375 0.03046875
26 0.56484375 0.25546875 0.03125 0.02265625
26 0.51796875 0.275 0.03125 0.04765625
26 0.5546875 0.2859375 0.03046875 0.0359375
25 0.51875 0.32421875 0.06875 0.0296875
14 0.48046875 0.27890625 0.0296875 0.04921875
13 0.42421875 0.26796875 0.03671875 0.0265625
13 0.40625 0.30078125 0.0546875 0.034375
25 0.375 0.28515625 0.04765625 0.05390625
25 0.31484375 0.29140625 0.0421875 0.0625
36 0.31328125 0.24375 0.0421875 0.02265625
36 0.2671875 0.25234375 0.03671875 0.06171875
29 0.21640625 0.25703125 0.03671875 0.0390625
25 0.20859375 0.2953125 0.0671875 0.0359375
29 0.16640625 0.25390625 0.03515625 0.04140625
29 0.140625 0.31640625 0.04765625 0.0484375
7 0.16328125 0.39296875 0.0359375 0.05078125
7 0.20546875 0.41015625 0.03828125 0.04453125
6 0.2515625 0.40234375 0.03671875 0.05703125
25 0.16015625 0.46015625 0.08359375 0.0328125
25 0.25078125 0.46796875 0.04765625 0.05234375
25 0.32578125 0.46171875 0.06015625 0.0390625
25 0.3390625 0.421875 0.04921875 0.02578125
11 0.290625 0.4234375 0.03046875 0.0328125
11 0.296875 0.38828125 0.0390625 0.0203125
11 0.33984375 0.3890625 0.03359375 0.02578125
32 0.3875 0.4421875 0.0375 0.05390625
32 0.38125 0.39453125 0.03125 0.0296875
17 0.45703125 0.45078125 0.0453125 0.03203125
17 0.48515625 0.40546875 0.03125 0.03125
4 0.5 0.4671875 0.034375 0.04140625
4 0.51640625 0.41953125 0.0265625 0.0296875
31 0.54453125 0.41484375 0.025 0.03671875
1 0.5828125 0.4453125 0.03515625 0.04375
0 0.65546875 0.4546875 0.028125 0.03515625
0 0.65625 0.421875 0.03046875 0.02421875
16 0.44609375 0.41484375 0.03359375 0.034375
2 0.728125 0.4328125 0.05078125 0.07734375
3 0.7765625 0.42734375 0.0234375 0.0609375
3 0.815625 0.42734375 0.0296875 0.053125
33 0.74609375 0.5875 0.02421875 0.0828125
5 0.68828125 0.61796875 0.02109375 0.071875
30 0.64140625 0.6203125 0.025 0.10859375
12 0.59453125 0.584375 0.02578125 0.08984375
20 0.54375 0.59609375 0.02734375 0.08515625
20 0.5140625 0.58671875 0.02734375 0.0796875
21 0.46484375 0.59296875 0.0296875 0.08125
21 0.42890625 0.6140625 0.021875 0.09921875
22 0.375 0.60859375 0.046875 0.08359375
19 0.315625 0.6078125 0.0625 0.07734375
19 0.31328125 0.546875 0.04140625 0.0390625
23 0.36015625 0.5453125 0.0390625 0.03515625
23 0.41875 0.5484375 0.03515625 0.03046875
18 0.1953125 0.63984375 0.04921875 0.08359375
18 0.146875 0.57734375 0.053125 0.0375
18 0.22578125 0.5515625 0.040625 0.04375
18 0.184375 0.54296875 0.0390625 0.0265625