35 0.04375 0.240625 0.08671875 0.1921875
28 0.15390625 0.24140625 0.0984375 0.2015625
28 0.25859375 0.2359375 0.1 0.1953125
28 0.3625 0.240625 0.0921875 0.1953125
28 0.4671875 0.234375 0.0984375 0.20390625
28 0.5796875 0.23125 0.109375 0.19453125
8 0.72421875 0.2328125 0.14765625 0.2
8 0.87890625 0.22734375 0.13046875 0.2046875
26 0.04609375 0.5796875 0.0921875 0.134375
26 0.15234375 0.58046875 0.10546875 0.14453125
27 0.27265625 0.5953125 0.10859375 0.1171875
15 0.3921875 0.59921875 0.1125 0.11328125
24 0.49921875 0.575 0.090625 0.1359375
10 0.615625 0.59140625 0.1015625 0.13828125
9 0.728125 0.56953125 0.1109375 0.171875
9 0.84375 0.56484375 0.10625 0.16875
4 0.059375 0.859375 0.07265625 0.1046875
31 0.13125 0.86015625 0.0578125 0.11015625
1 0.21015625 0.8609375 0.08046875 0.10625
1 0.3015625 0.86328125 0.08359375 0.10625
0 0.38046875 0.87265625 0.05546875 0.07109375
2 0.5125 0.8359375 0.1828125 0.1421875
3 0.73515625 0.84375 0.234375 0.16015625