29 0.2 0.31640625 0.11796875 0.1609375
29 0.328125 0.309375 0.0875 0.1359375
36 0.43984375 0.31796875 0.09375 0.159375
36 0.5625 0.3234375 0.10078125 0.1734375
13 0.68828125 0.32890625 0.09375 0.1453125
13 0.80625 0.33203125 0.1140625 0.15390625
14 0.92578125 0.3421875 0.0890625 0.1234375
34 0.121875 0.03828125 0.109375 0.0765625
34 0.23828125 0.0421875 0.096875 0.07578125
34 0.3484375 0.04140625 0.10078125 0.071875
34 0.46015625 0.04140625 0.09609375 0.0828125
34 0.5703125 0.040625 0.1 0.08125
35 0.68359375 0.046875 0.10390625 0.09375
35 0.79609375 0.0484375 0.09375 0.09375
35 0.90234375 0.0515625 0.0921875 0.103125
7 0.25703125 0.6 0.1015625 0.140625
7 0.36640625 0.56640625 0.078125 0.1171875
6 0.45390625 0.5921875 0.07890625 0.11640625
11 0.55859375 0.60546875 0.08359375 0.11015625
11 0.66875 0.61640625 0.09140625 0.10625
32 0.77109375 0.61484375 0.0796875 0.1125
16 0.8640625 0.6140625 0.08203125 0.10078125
17 0.95625 0.61171875 0.08203125 0.109375
21 0.9265625 0.86328125 0.06875 0.13203125
21 0.98515625 0.8578125 0.0296875 0.121875
23 0.8171875 0.8609375 0.10546875 0.128125
22 0.71484375 0.86015625 0.08359375 0.1296875
19 0.62421875 0.86875 0.0859375 0.11640625
18 0.5328125 0.86953125 0.078125 0.115625
18 0.44296875 0.8703125 0.08671875 0.12265625
18 0.3515625 0.871875 0.07890625 0.11484375
18 0.25859375 0.87265625 0.08828125 0.11875