35 0.1109375 0.1140625 0.14296875 0.228125
28 0.265625 0.10859375 0.1234375 0.2171875
28 0.41875 0.1078125 0.1375 0.215625
28 0.565625 0.103125 0.12421875 0.20546875
28 0.7109375 0.10078125 0.12421875 0.2015625
28 0.8796875 0.10546875 0.15859375 0.21015625
26 0.12421875 0.63203125 0.12734375 0.228125
26 0.275 0.63984375 0.1390625 0.23515625
27 0.44375 0.6546875 0.140625 0.21171875
15 0.6 0.6765625 0.13828125 0.18046875
24 0.7625 0.63984375 0.1390625 0.1703125
10 0.92421875 0.66640625 0.1296875 0.18984375
14 0.025 0.634375 0.05 0.2453125