34 0.09453125 0.16875 0.10625 0.18203125
34 0.2015625 0.17734375 0.07890625 0.175
34 0.303125 0.17578125 0.09609375 0.17890625
34 0.40390625 0.18125 0.08359375 0.178125
34 0.5015625 0.18515625 0.0796875 0.16171875
35 0.6 0.18984375 0.09375 0.1671875
35 0.70390625 0.1921875 0.09375 0.17109375
35 0.80546875 0.19609375 0.08828125 0.16796875
35 0.91015625 0.2046875 0.09921875 0.15703125
29 0.16484375 0.46953125 0.103125 0.13125
29 0.2734375 0.4546875 0.090625 0.11875
36 0.38671875 0.46640625 0.09453125 0.13671875
36 0.496875 0.47890625 0.09296875 0.146875
13 0.61171875 0.46953125 0.09140625 0.13359375
13 0.71953125 0.4765625 0.10390625 0.140625
14 0.828125 0.48515625 0.07890625 0.1140625
26 0.9296875 0.48671875 0.09921875 0.11171875
7 0.2203125 0.70234375 0.08203125 0.1234375
7 0.31328125 0.67890625 0.0734375 0.09921875
6 0.4 0.70703125 0.07578125 0.1
11 0.496875 0.7125 0.084375 0.096875
11 0.59140625 0.71796875 0.08125 0.09375
32 0.684375 0.71171875 0.0796875 0.103125
16 0.7734375 0.71796875 0.0640625 0.0921875
17 0.85625 0.72109375 0.07734375 0.08828125
17 0.8671875 0.64453125 0.07421875 0.04921875
4 0.9390625 0.72890625 0.05625 0.08515625
18 0.209375 0.93125 0.08828125 0.11953125
18 0.30078125 0.9375 0.0796875 0.1
18 0.38671875 0.93125 0.06953125 0.0953125
18 0.46796875 0.93203125 0.07890625 0.0953125
19 0.55390625 0.93046875 0.0765625 0.1015625
22 0.6375 0.92890625 0.07578125 0.103125
23 0.72421875 0.92578125 0.07890625 0.10546875
21 0.8296875 0.9234375 0.05 0.11953125
21 0.8953125 0.92421875 0.0625 0.11328125
20 0.98203125 0.92578125 0.0359375 0.09609375