28 0.10625 0.090625 0.2 0.18125
28 0.303125 0.09375 0.1828125 0.1875
28 0.484375 0.09296875 0.16953125 0.1859375
28 0.66953125 0.08359375 0.175 0.16640625
28 0.871875 0.08515625 0.190625 0.1703125
26 0.1109375 0.4734375 0.17265625 0.146875
27 0.33203125 0.47890625 0.1625 0.121875
15 0.5296875 0.49609375 0.19296875 0.0953125
24 0.7375 0.46015625 0.21328125 0.11171875
10 0.928125 0.48515625 0.14375 0.12265625
27 0.3 0.38984375 0.1421875 0.040625
31 0.065625 0.80703125 0.13125 0.12734375
1 0.209375 0.8140625 0.15078125 0.1046875
1 0.37265625 0.8078125 0.15 0.1
0 0.4953125 0.7578125 0.090625 0.06953125
0 0.51875 0.82734375 0.11640625 0.06015625
2 0.75625 0.77109375 0.353125 0.17890625
3 0.96953125 0.759375 0.0609375 0.146875