34 0.07890625 0.2796875 0.15078125 0.3453125
34 0.23046875 0.29140625 0.11484375 0.35234375
34 0.365625 0.2921875 0.13984375 0.35078125
34 0.5078125 0.29453125 0.125 0.33984375
34 0.6453125 0.3140625 0.115625 0.30859375
35 0.78046875 0.32421875 0.128125 0.32578125
35 0.91484375 0.328125 0.12421875 0.32890625
29 0.18203125 0.84453125 0.134375 0.23828125
29 0.32890625 0.8140625 0.13203125 0.23828125
36 0.48359375 0.83359375 0.13984375 0.2421875
36 0.63203125 0.86640625 0.12890625 0.2609375
13 0.7921875 0.83828125 0.12734375 0.278125
13 0.93046875 0.86484375 0.134375 0.2421875