35 0.04609375 0.196875 0.07265625 0.1515625
35 0.12421875 0.203125 0.06640625 0.1453125
35 0.1984375 0.20703125 0.06171875 0.14375
35 0.27578125 0.2109375 0.07578125 0.140625
28 0.36328125 0.20234375 0.07890625 0.15703125
28 0.4484375 0.2046875 0.075 0.1484375
28 0.528125 0.2046875 0.07890625 0.14140625
28 0.6078125 0.19921875 0.0640625 0.1515625
28 0.6875 0.203125 0.08203125 0.14375
8 0.796875 0.19921875 0.11015625 0.15546875
8 0.909375 0.1953125 0.09765625 0.1640625
13 0.05859375 0.45390625 0.06875 0.12265625
13 0.13671875 0.45859375 0.07890625 0.11171875
14 0.21484375 0.46796875 0.06328125 0.103125
26 0.2875 0.465625 0.07265625 0.10234375
26 0.371875 0.4671875 0.08125 0.10859375
27 0.46015625 0.471875 0.07734375 0.1015625
15 0.54609375 0.48125 0.07890625 0.08046875
24 0.63046875 0.4625 0.07109375 0.0875
10 0.72421875 0.47578125 0.090625 0.09296875
9 0.81015625 0.459375 0.06484375 0.13359375
9 0.89296875 0.4609375 0.08359375 0.12890625
11 0.0390625 0.68046875 0.05859375 0.084375
32 0.10625 0.68203125 0.05390625 0.0828125
16 0.16875 0.68046875 0.05625 0.07890625
17 0.23359375 0.68046875 0.05625 0.07890625
4 0.29375 0.684375 0.0484375 0.07421875
31 0.3453125 0.68671875 0.0453125 0.08203125
1 0.40546875 0.68359375 0.0640625 0.08359375
1 0.4734375 0.68125 0.0609375 0.08828125
0 0.5375 0.6921875 0.05078125 0.06484375
1 0.64296875 0.66953125 0.14609375 0.1078125
3 0.79765625 0.6703125 0.14765625 0.11171875
19 0.021875 0.87265625 0.0421875 0.090625
22 0.075 0.8734375 0.0546875 0.08984375
23 0.1375 0.871875 0.0578125 0.0953125
21 0.21484375 0.871875 0.04140625 0.1
21 0.2640625 0.87421875 0.0453125 0.0953125
20 0.33125 0.87421875 0.0375 0.0859375
20 0.371875 0.87421875 0.03125 0.08671875
12 0.4484375 0.8703125 0.03828125 0.09296875
30 0.53203125 0.85625 0.02578125 0.1109375
5 0.6015625 0.86875 0.03125 0.0875
33 0.690625 0.87265625 0.0359375 0.0953125
25 0.0703125 0.9703125 0.028125 0.059375
31 0.33046875 0.971875 0.04765625 0.05546875
25 0.415625 0.965625 0.05078125 0.06875
31 0.50625 0.9703125 0.046875 0.059375
31 0.5953125 0.96875 0.04765625 0.05234375
31 0.68125 0.9703125 0.04296875 0.059375