34 0.05645625 0.19822074215033303 0.06375 0.1668220742150333
34 0.116875 0.19822074215033303 0.04708125 0.16809705042816364
34 0.16729375000000002 0.19949571836346336 0.05375 0.1668220742150333
34 0.22270625 0.20773549000951477 0.04958125 0.15667935299714555
34 0.27541875 0.20868696479543294 0.05583125 0.15350142721217888
35 0.32625 0.2159847764034253 0.05083125 0.15540437678401522
35 0.37958125000000004 0.2172502378686965 0.0525 0.16048525214081827
35 0.43041874999999996 0.2261370123691722 0.055 0.1376498572787821
35 0.49166875 0.22454804947668885 0.05333125 0.1458896289248335
29 0.55125 0.2302568981921979 0.055 0.13955280685061844
29 0.60833125 0.21820171265461466 0.05416875 0.1522359657469077
29 0.66666875 0.22454804947668885 0.05583125 0.14462416745956233
29 0.72458125 0.220104662226451 0.056668750000000004 0.15097050428163653
29 0.785625 0.22645099904852523 0.06208125 0.14208372978116082
10 0.86020625 0.21915318744053283 0.08291874999999999 0.15033301617507136
10 0.94625 0.21852521408182682 0.09333125 0.16936251189343482
30 0.09416875 0.4655851569933397 0.06833125 0.11544243577545195
30 0.15479374999999998 0.4538534728829686 0.05291875 0.10846812559467174
36 0.275 0.4776403425309229 0.0575 0.12559467174119887
36 0.21416875000000002 0.4684395813510942 0.06166875 0.12115128449096099
15 0.33145625 0.47034253092293055 0.06041875 0.12115128449096099
15 0.38875 0.4763748810656518 0.06333125 0.12305423406279735
16 0.44541875 0.4817602283539486 0.0475 0.10085632730732635
27 0.49854374999999995 0.48080875356803043 0.05708125 0.10021883920076118
27 0.55791875 0.4846146527117031 0.060831249999999996 0.1027592768791627
28 0.61958125 0.4906470028544243 0.055 0.09324452901998097
17 0.685 0.4966698382492864 0.07416875 0.08372978116079924
26 0.7422937500000001 0.47732635585156996 0.06708125 0.07928639391056137
12 0.8075 0.4935014272121788 0.06166875 0.0888011417697431
11 0.86833125 0.47573739295908657 0.06583125 0.13447193149381542
11 0.9297937500000001 0.4750999048525214 0.06875 0.13066603235014274
9 0.12229374999999999 0.6856993339676498 0.05625 0.10402473834443388
9 0.1775 0.6615889628924834 0.041668750000000004 0.0888011417697431
8 0.21916875000000002 0.6831588962892483 0.04583125 0.09514747859181731
13 0.31958125 0.6929876308277831 0.0475 0.0818268315889629
13 0.26854375 0.6904567078972407 0.05125 0.08309229305423406
32 0.36868125 0.6885252140818268 0.044256250000000004 0.10801141769743101
18 0.41375625 0.6924452901998097 0.0393375 0.07450047573739296
19 0.45976875 0.6940532825880115 0.048937499999999995 0.0705803996194101
5 0.5020375 0.6972597526165557 0.03886875 0.07414843006660324
31 0.53938125 0.7036726926736441 0.03301875 0.07129400570884872
1 0.58118125 0.7011798287345385 0.0482375 0.07414843006660324
1 0.6347999999999999 0.6981541389153187 0.0484 0.08048525214081827
3 0.67810625 0.7072216936251189 0.03655625 0.054976213130352045
2 0.7015125000000001 0.6832921027592769 0.02496875 0.11164605137963844
2 0.7231375 0.6814272121788773 0.023631250000000003 0.11198858230256899
2 0.74731875 0.6810846812559468 0.025187499999999998 0.09773549000951474
2 0.7628125 0.6775261655566128 0.02050625 0.10825880114176975
2 0.78655625 0.6765080875356803 0.0256375 0.11164605137963844
4 0.8255625000000001 0.6832921027592769 0.026525 0.10282588011417697
4 0.84774375 0.6814272121788773 0.02675 0.1079162702188392
4 0.86891875 0.6799048525214082 0.029425 0.10689819219790675
4 0.8948937499999999 0.6824452901998097 0.03276875 0.11742150333016174
20 0.12360625 0.8939200761179829 0.060631250000000005 0.09262607040913415
20 0.17206875 0.8908372978116079 0.04995625000000001 0.08970504281636536
20 0.21359375 0.8906755470980019 0.045899999999999996 0.09392959086584206
20 0.2589625 0.8892102759276879 0.04525625 0.09425309229305423
21 0.30240625 0.887745004757374 0.04461875 0.09652711703139867
24 0.3464875 0.8840152235965747 0.046537499999999996 0.09099904852521408
25 0.39089375 0.8840152235965747 0.04483125 0.09099904852521408
23 0.4450125 0.8838439581351094 0.03053125 0.09262607040913415
23 0.47938749999999997 0.8836822074215034 0.0301 0.09425309229305423
22 0.5288875000000001 0.8819695528068506 0.026600000000000002 0.0943196955280685
22 0.5564312499999999 0.8811893434823977 0.0247125 0.0932825880114177
14 0.61298125 0.8777925784966698 0.030725 0.10268315889628925
7 0.66850625 0.8618553758325403 0.026775000000000004 0.12149381541389152
6 0.7206812499999999 0.8793529971455757 0.02849375 0.0953663177925785
33 0.78315625 0.8843196955280684 0.03158125 0.09484300666032351