6 0.221094 0.619531 0.0328125 0.0640625
17 0.397656 0.621094 0.0421875 0.0453125
19 0.324219 0.639844 0.0640625 0.0703125
25 0.446094 0.21875 0.0296875 0.078125
32 0.222656 0.620313 0.0328125 0.0625
34 0.139844 0.203125 0.0265625 0.096875
35 0.303125 0.198437 0.046875 0.065625
16 0.222656 0.619531 0.0296875 0.0609375
8 0.817187 0.175 0.0375 0.053125
17 0.601562 0.599219 0.0375 0.0421875
23 0.324219 0.642969 0.0671875 0.0671875
25 0.399219 0.225781 0.0484375 0.0671875
22 0.324219 0.642187 0.0640625 0.06875
16 0.271875 0.596875 0.04375 0.04375
17 0.525 0.61875 0.04375 0.053125
28 0.589063 0.225781 0.040625 0.0640625
28 0.142188 0.200781 0.025 0.0984375
31 0.507812 0.583594 0.03125 0.0421875
18 0.394531 0.446094 0.0640625 0.0640625
25 0.132031 0.403125 0.0453125 0.053125
28 0.817969 0.175781 0.0390625 0.0484375
28 0.4875 0.1375 0.046875 0.0375
20 0.878125 0.857031 0.025 0.0921875
1 0.601562 0.6 0.040625 0.04375
4 0.223438 0.621875 0.03125 0.0625
14 0.288281 0.421094 0.0390625 0.0765625
23 0.3 0.764063 0.034375 0.084375
3 0.921875 0.623438 0.0625 0.08125
33 0.878125 0.857813 0.025 0.090625
28 0.690625 0.792188 0.0375 0.053125
6 0.135156 0.550781 0.0390625 0.0484375
17 0.463281 0.615625 0.0484375 0.046875
26 0.590625 0.224219 0.040625 0.0609375
13 0.330469 0.409375 0.0390625 0.075
2 0.804688 0.617969 0.053125 0.0828125
11 0.314063 0.564062 0.05 0.053125
35 0.296875 0.185156 0.034375 0.0484375
20 0.574219 0.83125 0.0296875 0.103125
12 0.650781 0.778906 0.0296875 0.0953125
8 0.722656 0.149219 0.0703125 0.0546875
36 0.176563 0.389062 0.0375 0.05625
13 0.371875 0.377344 0.05 0.0671875
25 0.492188 0.216406 0.046875 0.0828125
5 0.796094 0.84375 0.0265625 0.1
6 0.178125 0.603906 0.04375 0.0734375
30 0.646094 0.389062 0.0203125 0.13125
30 0.727344 0.785937 0.0234375 0.121875
28 0.473437 0.814844 0.04375 0.123438
13 0.189844 0.201562 0.0515625 0.1125
9 0.901563 0.403125 0.05625 0.0875
7 0.126563 0.600781 0.0375 0.0515625
25 0.184375 0.450781 0.075 0.0390625
36 0.09375 0.3375 0.065625 0.04375
7 0.189844 0.54375 0.0453125 0.053125
21 0.432813 0.821094 0.025 0.107813
9 0.839063 0.4 0.053125 0.084375
12 0.539844 0.830469 0.0328125 0.104687
36 0.221875 0.395312 0.046875 0.078125
7 0.0835937 0.5875 0.0390625 0.0625
34 0.0976562 0.173438 0.0484375 0.046875
35 0.617188 0.808594 0.034375 0.0984375
35 0.242969 0.132031 0.0421875 0.0484375
25 0.0921875 0.225 0.046875 0.0625
24 0.932031 0.853906 0.0671875 0.101562
23 0.342969 0.801562 0.0453125 0.096875
8 0.823438 0.230469 0.05625 0.0390625
9 0.564062 0.424219 0.09375 0.0796875
29 0.0601562 0.417969 0.0453125 0.0703125
34 0.303906 0.23125 0.0515625 0.046875
34 0.721094 0.417188 0.0484375 0.096875
36 0.175781 0.750781 0.0484375 0.0734375
28 0.551562 0.207031 0.0375 0.0953125
18 0.726562 0.624219 0.04375 0.0921875
8 0.882031 0.202344 0.0609375 0.104687
25 0.6375 0.210156 0.05 0.0921875
18 0.171094 0.825781 0.0453125 0.0671875
28 0.707812 0.223438 0.053125 0.059375
18 0.0710938 0.828125 0.0453125 0.096875
18 0.217969 0.81875 0.0421875 0.078125
28 0.7625 0.217187 0.046875 0.075
18 0.120312 0.823438 0.04375 0.084375
28 0.382812 0.129688 0.078125 0.053125
25 0.482031 0.410937 0.0453125 0.103125
34 0.0414063 0.207031 0.0453125 0.101562
25 0.84375 0.759375 0.1125 0.0625
21 0.270312 0.811719 0.03125 0.0921875
18 0.778906 0.425781 0.0546875 0.0734375
34 0.246094 0.213281 0.0484375 0.0890625
