36 0.529688 0.322656 0.05 0.0734375
25 0.858594 0.0335938 0.0984375 0.0484375
25 0.3125 0.15625 0.040625 0.05625
25 0.389844 0.163281 0.0796875 0.0421875
1 0.532031 0.552344 0.0578125 0.0390625
3 0.927344 0.580469 0.0484375 0.0640625
1 0.579687 0.56875 0.059375 0.046875
9 0.53125 0.332812 0.046875 0.090625
36 0.242969 0.355469 0.0421875 0.0796875
1 0.6375 0.555469 0.0375 0.0296875
9 0.75625 0.333594 0.0375 0.0640625
35 0.407813 0.15 0.040625 0.046875
25 0.573438 0.586719 0.05625 0.0421875
1 0.573438 0.583594 0.0625 0.0421875
9 0.855469 0.3125 0.0484375 0.046875
34 0.253906 0.155469 0.0609375 0.0515625
20 0.485938 0.758594 0.03125 0.0734375
5 0.672656 0.789062 0.0234375 0.115625
21 0.473437 0.761719 0.034375 0.0640625
13 0.288281 0.346875 0.0359375 0.096875
18 0.259375 0.786719 0.059375 0.107813
2 0.93125 0.589844 0.046875 0.0578125
27 0.53125 0.332031 0.04375 0.0890625
25 0.345313 0.571094 0.03125 0.0578125
29 0.14375 0.335156 0.04375 0.107813
28 0.549219 0.116406 0.0578125 0.0640625
29 0.107031 0.355469 0.0265625 0.0765625
8 0.854688 0.0375 0.084375 0.053125
2 0.682813 0.575 0.046875 0.06875
2 0.836719 0.8375 0.0578125 0.065625
1 0.603906 0.539844 0.0484375 0.0296875
7 0.09375 0.58125 0.075 0.053125
17 0.398438 0.516406 0.04375 0.0359375
25 0.392188 0.575 0.05 0.040625
9 0.8625 0.353125 0.0625 0.0625
6 0.1875 0.532031 0.04375 0.0703125
2 0.796875 0.589063 0.046875 0.075
14 0.375781 0.353906 0.0359375 0.0828125
19 0.260938 0.786719 0.05625 0.107813
6 0.0929687 0.578906 0.0828125 0.0515625
12 0.671094 0.789062 0.0234375 0.121875
23 0.320312 0.769531 0.05 0.114063
26 0.488281 0.341406 0.0328125 0.0734375
25 0.220313 0.0695312 0.059375 0.0421875
24 0.584375 0.357031 0.0625 0.0546875
5 0.64375 0.799219 0.025 0.123438
8 0.780469 0.102344 0.0453125 0.0703125
35 0.30625 0.153125 0.03125 0.06875
28 0.713281 0.128906 0.0765625 0.0546875
25 0.286719 0.348437 0.0359375 0.09375
20 0.474219 0.761719 0.0328125 0.0703125
7 0.1125 0.510938 0.040625 0.04375
34 0.222656 0.155469 0.0390625 0.0609375
12 0.64375 0.8 0.025 0.121875
28 0.485938 0.0960938 0.034375 0.0671875
25 0.375781 0.35625 0.0359375 0.078125
23 0.376563 0.782812 0.053125 0.121875
3 0.865625 0.570312 0.084375 0.0875
25 0.258594 0.575 0.0453125 0.05
7 0.203906 0.59375 0.0671875 0.0375
25 0.830469 0.122656 0.0734375 0.0609375
25 0.145313 0.332031 0.04375 0.107813
36 0.191406 0.350781 0.0390625 0.0859375
25 0.307031 0.570312 0.0421875 0.05
9 0.8 0.329688 0.05 0.075
33 0.854688 0.76875 0.025 0.08125
25 0.449219 0.344531 0.0390625 0.0890625
18 0.124219 0.796875 0.0578125 0.06875
25 0.354688 0.108594 0.04375 0.0671875
12 0.603125 0.811719 0.040625 0.123438
34 0.271094 0.1 0.0328125 0.075
29 0.0773437 0.363281 0.0328125 0.0578125
25 0.413281 0.341406 0.0296875 0.0921875
25 0.450781 0.135937 0.0265625 0.08125
25 0.610156 0.109375 0.0515625 0.084375
20 0.509375 0.760938 0.028125 0.090625
20 0.545313 0.782031 0.034375 0.110937
20 0.480469 0.83125 0.0765625 0.059375
25 0.33125 0.34375 0.046875 0.1
8 0.9 0.104687 0.059375 0.096875
18 0.124219 0.703906 0.0640625 0.0859375
21 0.360938 0.500781 0.021875 0.0671875
34 0.139062 0.138281 0.04375 0.0921875
25 0.653906 0.353125 0.0609375 0.059375
25 0.0875 0.129688 0.046875 0.10625
18 0.195312 0.797656 0.0625 0.0953125
34 0.18125 0.142969 0.034375 0.0828125
18 0.0632813 0.798437 0.0515625 0.09375
