25 0.384375 0.199219 0.059375 0.0359375
10 0.720312 0.357812 0.059375 0.053125
25 0.367969 0.205469 0.0453125 0.0265625
34 0.183594 0.166406 0.0421875 0.0953125
16 0.450781 0.515625 0.0421875 0.059375
34 0.135937 0.175781 0.0375 0.0734375
29 0.139844 0.361719 0.0765625 0.0359375
17 0.453125 0.514844 0.04375 0.0546875
28 0.467187 0.195312 0.059375 0.0375
7 0.190625 0.4875 0.0375 0.05625
14 0.380469 0.354688 0.0453125 0.046875
10 0.839844 0.3625 0.0640625 0.04375
31 0.508594 0.519531 0.0359375 0.0453125
13 0.321875 0.309375 0.04375 0.040625
25 0.316406 0.349219 0.0640625 0.0328125
2 0.684375 0.490625 0.03125 0.08125
5 0.725 0.658594 0.025 0.0828125
17 0.384375 0.510938 0.059375 0.05625
35 0.317187 0.184375 0.034375 0.05625
9 0.719531 0.292188 0.0421875 0.065625
25 0.380469 0.353906 0.0453125 0.0484375
26 0.323438 0.309375 0.04375 0.040625
34 0.0976562 0.134375 0.0421875 0.0375
4 0.452344 0.514844 0.0421875 0.0546875
13 0.282813 0.297656 0.028125 0.0578125
35 0.341406 0.152344 0.0265625 0.0734375
19 0.267969 0.664062 0.0453125 0.084375
3 0.803125 0.498437 0.078125 0.090625
9 0.721094 0.357031 0.0609375 0.0546875
9 0.839844 0.361719 0.0609375 0.0453125
34 0.117188 0.189844 0.0625 0.0484375
29 0.119531 0.369531 0.0484375 0.0328125
27 0.535937 0.367969 0.046875 0.0421875
24 0.653125 0.3375 0.059375 0.046875
5 0.655469 0.649219 0.0234375 0.0828125
34 0.140625 0.151562 0.028125 0.0625
14 0.398438 0.294531 0.0375 0.0609375
1 0.55 0.478906 0.04375 0.0484375
34 0.225781 0.147656 0.0265625 0.0640625
26 0.485156 0.286719 0.0390625 0.0546875
25 0.150781 0.351562 0.0484375 0.040625
33 0.725781 0.65625 0.0265625 0.084375
28 0.4625 0.140625 0.04375 0.046875
28 0.658594 0.177344 0.0421875 0.0703125
25 0.464063 0.349219 0.071875 0.0359375
29 0.153125 0.296094 0.040625 0.0609375
25 0.735156 0.200781 0.114063 0.0328125
25 0.775 0.3125 0.046875 0.06875
21 0.392188 0.642969 0.03125 0.0859375
34 0.255469 0.203125 0.0765625 0.034375
7 0.135156 0.460156 0.0484375 0.0484375
25 0.588281 0.351562 0.0421875 0.0375
25 0.184375 0.167969 0.04375 0.0921875
28 0.547656 0.163281 0.0453125 0.0546875
6 0.191406 0.488281 0.0359375 0.0515625
8 0.7625 0.15 0.059375 0.0625
12 0.551562 0.645312 0.034375 0.090625
11 0.254687 0.492188 0.053125 0.04375
35 0.408594 0.150781 0.0390625 0.0453125
18 0.192969 0.636719 0.0453125 0.0828125
28 0.597656 0.159375 0.0390625 0.06875
25 0.626562 0.519531 0.0375 0.0453125
7 0.103906 0.513281 0.0421875 0.0484375
20 0.496875 0.660156 0.03125 0.0828125
34 0.260156 0.146094 0.0359375 0.0609375
18 0.136719 0.6625 0.0484375 0.084375
