20 0.588281 0.546094 0.0546875 0.0453125
2 0.870313 0.7 0.0375 0.078125
17 0.50625 0.560156 0.04375 0.0453125
22 0.470313 0.767969 0.0625 0.0671875
25 0.694531 0.3875 0.0484375 0.021875
12 0.213281 0.185937 0.0328125 0.078125
7 0.192188 0.507812 0.03125 0.04375
32 0.551562 0.373437 0.0375 0.05
25 0.757031 0.378906 0.0421875 0.0390625
32 0.392188 0.536719 0.04375 0.0703125
25 0.25625 0.578125 0.084375 0.03125
6 0.155469 0.563281 0.0515625 0.0640625
25 0.416406 0.208594 0.0890625 0.0265625
28 0.870313 0.360938 0.03125 0.078125
10 0.757031 0.378125 0.0453125 0.0375
11 0.340625 0.524219 0.04375 0.0640625
36 0.247656 0.339063 0.0484375 0.040625
25 0.585938 0.55 0.046875 0.04375
13 0.728125 0.704687 0.034375 0.040625
19 0.10625 0.682031 0.0625 0.0859375
7 0.155469 0.564844 0.0546875 0.0640625
1 0.664062 0.5375 0.06875 0.0375
30 0.6875 0.664062 0.021875 0.078125
18 0.110937 0.678125 0.065625 0.08125
16 0.550781 0.372656 0.0390625 0.0484375
25 0.446875 0.565625 0.040625 0.05
9 0.757812 0.380469 0.04375 0.0359375
29 0.197656 0.336719 0.0484375 0.0390625
35 0.403906 0.170312 0.0640625 0.034375
29 0.129688 0.339063 0.04375 0.05
29 0.175 0.340625 0.05 0.040625
34 0.15 0.386719 0.125 0.0328125
25 0.229687 0.127344 0.084375 0.0296875
21 0.521875 0.724219 0.025 0.117188
1 0.684375 0.548437 0.0375 0.034375
8 0.913281 0.172656 0.0296875 0.0828125
6 0.235938 0.522656 0.046875 0.0546875
21 0.250781 0.189844 0.0390625 0.0671875
11 0.153906 0.566406 0.0546875 0.0640625
25 0.70625 0.360938 0.059375 0.028125
9 0.926562 0.367188 0.040625 0.0625
23 0.460156 0.685156 0.0578125 0.0828125
33 0.832031 0.666406 0.0234375 0.0671875
1 0.646875 0.53125 0.0375 0.0375
26 0.595312 0.367188 0.034375 0.059375
12 0.702344 0.661719 0.0171875 0.0734375
23 0.471094 0.766406 0.0640625 0.0640625
35 0.482031 0.185156 0.0390625 0.0359375
18 0.529688 0.174219 0.05 0.0734375
14 0.492188 0.371875 0.05 0.06875
25 0.346875 0.371875 0.053125 0.065625
26 0.617969 0.310156 0.0453125 0.0453125
34 0.178125 0.182812 0.03125 0.084375
25 0.257031 0.383594 0.0859375 0.0421875
25 0.636719 0.178125 0.0515625 0.0625
21 0.727344 0.496094 0.0171875 0.0640625
20 0.646094 0.710938 0.0453125 0.046875
13 0.428125 0.360938 0.053125 0.078125
29 0.328125 0.19375 0.059375 0.06875
6 0.340625 0.523438 0.046875 0.059375
25 0.252344 0.192969 0.0390625 0.0671875
28 0.897656 0.521094 0.0421875 0.0453125
34 0.136719 0.190625 0.0390625 0.075
21 0.439063 0.510156 0.03125 0.0640625
28 0.914062 0.703125 0.034375 0.059375
25 0.957812 0.165625 0.05 0.084375
34 0.332031 0.13125 0.0671875 0.04375
20 0.598437 0.669531 0.025 0.0640625
28 0.800781 0.177344 0.0484375 0.0640625
20 0.628125 0.652344 0.021875 0.0578125
21 0.566406 0.655469 0.0265625 0.0640625
28 0.746094 0.176563 0.0421875 0.065625
36 0.696094 0.489844 0.0359375 0.0703125
28 0.699219 0.18125 0.0421875 0.059375
18 0.084375 0.559375 0.071875 0.071875
25 0.640625 0.376563 0.04375 0.05625
25 0.810156 0.380469 0.0578125 0.0359375
34 0.2875 0.697656 0.05 0.0953125
18 0.203125 0.757031 0.053125 0.0828125
18 0.341406 0.751562 0.0484375 0.096875
28 0.778125 0.694531 0.046875 0.0890625
21 0.386719 0.739062 0.0390625 0.1
8 0.867969 0.157813 0.0640625 0.103125
18 0.277344 0.785156 0.0578125 0.0703125
18 0.103906 0.7625 0.0609375 0.05625
