18 0.264062 0.832031 0.04375 0.101562
7 0.182812 0.622656 0.05625 0.0921875
1 0.574219 0.632031 0.0296875 0.0640625
7 0.108594 0.602344 0.0828125 0.0796875
17 0.542188 0.602344 0.03125 0.0546875
7 0.0640625 0.174219 0.053125 0.0921875
22 0.310937 0.829687 0.040625 0.096875
14 0.447656 0.402344 0.0328125 0.0859375
28 0.591406 0.185937 0.0515625 0.075
4 0.54375 0.603125 0.034375 0.046875
26 0.447656 0.403906 0.0328125 0.0890625
14 0.11875 0.390625 0.05 0.1125
8 0.591406 0.185937 0.0515625 0.0625
32 0.339063 0.619531 0.040625 0.0796875
27 0.616406 0.408594 0.0546875 0.0765625
11 0.289844 0.609375 0.0484375 0.0875
23 0.310937 0.828906 0.040625 0.0984375
19 0.310937 0.827344 0.040625 0.101562
9 0.614844 0.410156 0.0453125 0.0796875
13 0.290625 0.609375 0.05 0.090625
16 0.379687 0.628125 0.034375 0.0625
28 0.0632813 0.176563 0.0546875 0.090625
19 0.264062 0.832031 0.04375 0.0984375
17 0.423438 0.619531 0.046875 0.0703125
31 0.574219 0.628125 0.0296875 0.065625
9 0.858594 0.409375 0.0546875 0.090625
24 0.675781 0.421094 0.0546875 0.0671875
29 0.119531 0.390625 0.0515625 0.109375
23 0.358594 0.825781 0.0453125 0.101562
14 0.403906 0.405469 0.0484375 0.0890625
17 0.488281 0.617969 0.0453125 0.0734375
26 0.554688 0.404687 0.05625 0.09375
7 0.1375 0.611719 0.04375 0.0796875
33 0.883594 0.83125 0.0265625 0.09375
5 0.81875 0.828125 0.025 0.103125
35 0.425 0.179688 0.0375 0.08125
6 0.189844 0.614062 0.0453125 0.096875
7 0.0914062 0.589063 0.0421875 0.071875
24 0.740625 0.417969 0.059375 0.0671875
11 0.2375 0.623438 0.040625 0.065625
13 0.349219 0.392969 0.0484375 0.0953125
21 0.471094 0.825 0.0421875 0.09375
30 0.752344 0.804688 0.0234375 0.15625
26 0.492969 0.410937 0.0546875 0.084375
20 0.576563 0.815625 0.025 0.096875
12 0.674219 0.817187 0.0328125 0.109375
9 0.917969 0.40625 0.0578125 0.096875
20 0.605469 0.835156 0.0296875 0.104687
2 0.78125 0.61875 0.1125 0.0875
34 0.161719 0.165625 0.0328125 0.109375
28 0.376563 0.185156 0.05 0.0765625
13 0.295312 0.396875 0.053125 0.09375
36 0.177344 0.394531 0.0515625 0.104687
35 0.475781 0.169531 0.0546875 0.0984375
3 0.898438 0.624219 0.1125 0.0921875
34 0.11875 0.165625 0.046875 0.109375
29 0.0570313 0.398438 0.0640625 0.109375
1 0.667969 0.636719 0.0515625 0.0640625
34 0.20625 0.161719 0.05 0.117188
28 0.539062 0.171094 0.05 0.0953125
21 0.421094 0.827344 0.0359375 0.101562
21 0.517187 0.821094 0.034375 0.0953125
8 0.830469 0.171094 0.0703125 0.107813
35 0.314844 0.175 0.0453125 0.09375
8 0.901563 0.172656 0.065625 0.0984375
1 0.617188 0.635156 0.04375 0.0671875
28 0.707031 0.177344 0.0453125 0.0890625
34 0.259375 0.164062 0.053125 0.115625
28 0.760156 0.182031 0.0515625 0.0765625
36 0.2375 0.401563 0.05 0.096875
18 0.11875 0.84375 0.04375 0.103125
18 0.216406 0.833594 0.0453125 0.104687
18 0.16875 0.839063 0.04375 0.103125
28 0.653906 0.175 0.0484375 0.09375
18 0.06875 0.846094 0.046875 0.101562
