6 0.294531 0.689844 0.0515625 0.120312
18 0.15625 0.602344 0.0375 0.0359375
16 0.450781 0.521094 0.0453125 0.0546875
34 0.175781 0.1625 0.0890625 0.03125
25 0.688281 0.164062 0.0734375 0.021875
14 0.374219 0.338281 0.0359375 0.0453125
2 0.701563 0.49375 0.0875 0.040625
29 0.372656 0.338281 0.0359375 0.0421875
2 0.686719 0.483594 0.0734375 0.0359375
17 0.372656 0.520312 0.0703125 0.053125
28 0.475 0.157813 0.05625 0.0375
31 0.502344 0.51875 0.0359375 0.05625
10 0.857813 0.342969 0.075 0.0421875
8 0.811719 0.1625 0.0859375 0.03125
36 0.240625 0.310937 0.059375 0.046875
27 0.54375 0.34375 0.05625 0.04375
29 0.404687 0.275781 0.040625 0.0734375
19 0.294531 0.690625 0.0484375 0.109375
9 0.739844 0.3375 0.0609375 0.053125
4 0.451562 0.521875 0.04375 0.059375
7 0.146094 0.498437 0.0703125 0.0375
25 0.35 0.157813 0.065625 0.028125
5 0.669531 0.682031 0.0265625 0.101562
9 0.85625 0.344531 0.06875 0.0453125
24 0.665625 0.319531 0.065625 0.0484375
13 0.321875 0.271094 0.040625 0.0703125
25 0.178906 0.330469 0.0640625 0.0359375
20 0.496875 0.692969 0.040625 0.0953125
26 0.492969 0.276563 0.0453125 0.071875
21 0.392188 0.705469 0.05 0.0921875
25 0.325 0.324219 0.05 0.0328125
9 0.742188 0.272656 0.046875 0.0671875
25 0.299219 0.511719 0.0546875 0.0390625
25 0.215625 0.509375 0.046875 0.0625
25 0.457812 0.333594 0.0625 0.0328125
34 0.278125 0.158594 0.075 0.0328125
1 0.560938 0.486719 0.05 0.0515625
33 0.744531 0.695312 0.0265625 0.096875
14 0.403906 0.277344 0.0390625 0.0703125
3 0.828906 0.505469 0.0984375 0.0953125
34 0.20625 0.1125 0.040625 0.078125
28 0.472656 0.111719 0.0453125 0.0609375
25 0.635938 0.527344 0.040625 0.0453125
34 0.246094 0.105469 0.0328125 0.0671875
25 0.599219 0.333594 0.0453125 0.0390625
29 0.180469 0.270312 0.0421875 0.071875
12 0.567969 0.682031 0.0359375 0.107813
35 0.329688 0.107031 0.0375 0.0703125
18 0.216406 0.703906 0.0515625 0.0921875
28 0.564062 0.11875 0.04375 0.075
18 0.139062 0.707031 0.059375 0.101562
