31 0.414844 0.582031 0.0265625 0.0421875
2 0.771094 0.603125 0.0234375 0.08125
25 0.428906 0.371094 0.0296875 0.0453125
21 0.35625 0.753125 0.034375 0.05625
35 0.514844 0.2 0.0359375 0.08125
16 0.273438 0.592188 0.04375 0.040625
2 0.758594 0.603906 0.0234375 0.0859375
19 0.400781 0.434375 0.0578125 0.065625
2 0.811719 0.602344 0.0234375 0.0796875
25 0.125781 0.394531 0.0515625 0.0765625
31 0.516406 0.56875 0.0328125 0.0375
8 0.8125 0.157813 0.0375 0.05625
3 0.853125 0.602344 0.046875 0.0640625
28 0.729688 0.20625 0.103125 0.065625
28 0.485938 0.120312 0.05625 0.04375
23 0.33125 0.638281 0.065625 0.0703125
29 0.285937 0.321875 0.040625 0.084375
28 0.811719 0.160156 0.0359375 0.0515625
22 0.330469 0.638281 0.0640625 0.0703125
23 0.301562 0.764063 0.034375 0.078125
25 0.396094 0.814062 0.0265625 0.10625
28 0.578906 0.204688 0.0515625 0.078125
17 0.46875 0.599219 0.046875 0.0515625
4 0.226562 0.615625 0.034375 0.0625
7 0.407813 0.620313 0.040625 0.040625
9 0.667188 0.390625 0.046875 0.05
2 0.775781 0.604688 0.0484375 0.0875
20 0.871094 0.836719 0.0234375 0.0859375
34 0.71875 0.396875 0.040625 0.1
2 0.797656 0.601562 0.0359375 0.084375
33 0.871094 0.8375 0.0234375 0.084375
21 0.465625 0.801562 0.025 0.05625
23 0.35625 0.816406 0.04375 0.0671875
16 0.228125 0.614844 0.034375 0.0609375
14 0.288281 0.324219 0.0390625 0.0796875
26 0.588281 0.208594 0.0421875 0.0640625
8 0.717969 0.135156 0.0640625 0.0546875
7 0.08125 0.582812 0.0375 0.059375
35 0.303125 0.160156 0.046875 0.0515625
6 0.139844 0.544531 0.0390625 0.0515625
35 0.442187 0.2 0.028125 0.078125
35 0.624219 0.789062 0.0390625 0.096875
5 0.790625 0.821094 0.025 0.0953125
34 0.15 0.178906 0.040625 0.120312
28 0.692187 0.776563 0.034375 0.046875
30 0.729688 0.801562 0.021875 0.128125
25 0.196875 0.436719 0.08125 0.0421875
6 0.18125 0.602344 0.040625 0.0734375
9 0.561719 0.411719 0.0890625 0.0765625
7 0.121094 0.609375 0.0453125 0.059375
12 0.544531 0.808594 0.0296875 0.104687
13 0.375781 0.345313 0.0515625 0.08125
9 0.896094 0.395312 0.0578125 0.09375
36 0.0929687 0.327344 0.0671875 0.0484375
18 0.720312 0.608594 0.04375 0.0859375
3 0.908594 0.608594 0.0484375 0.0796875
35 0.482031 0.205469 0.0359375 0.0703125
13 0.277344 0.4125 0.0515625 0.08125
34 0.307813 0.210156 0.05 0.0515625
36 0.178906 0.378125 0.0390625 0.05625
20 0.575781 0.8125 0.0265625 0.1
11 0.317187 0.560156 0.053125 0.0515625
13 0.332031 0.405469 0.0515625 0.0921875
9 0.835938 0.3875 0.05 0.090625
28 0.4875 0.736719 0.05 0.0796875
18 0.175 0.821094 0.04375 0.0703125
28 0.3875 0.117188 0.0875 0.05625
35 0.24375 0.110937 0.040625 0.046875
29 0.0625 0.40625 0.046875 0.075
36 0.223438 0.38125 0.04375 0.065625
28 0.552344 0.191406 0.0328125 0.0953125
25 0.63125 0.192969 0.05 0.0984375
8 0.813281 0.217969 0.0609375 0.0421875
12 0.655469 0.766406 0.0265625 0.0921875
7 0.190625 0.542188 0.046875 0.053125
21 0.274219 0.807813 0.0296875 0.09375
28 0.703906 0.208594 0.0484375 0.0640625
36 0.178906 0.747656 0.0484375 0.0734375
8 0.873438 0.189844 0.059375 0.101562
24 0.920313 0.8375 0.06875 0.1
18 0.0765625 0.826563 0.046875 0.09375
25 0.484375 0.394531 0.046875 0.107813
18 0.125 0.817969 0.04375 0.0890625
18 0.221094 0.814062 0.0421875 0.075
34 0.198437 0.178906 0.040625 0.114063
34 0.25 0.189844 0.05 0.0921875
25 0.834375 0.74375 0.103125 0.0625
18 0.773438 0.413281 0.05625 0.0703125
28 0.758594 0.203906 0.0484375 0.0796875
34 0.0445312 0.183594 0.0484375 0.101562
34 0.0984375 0.184375 0.05 0.103125
