18 0.0929687 0.796094 0.123438 0.0640625
30 0.798437 0.567969 0.025 0.107813
21 0.408594 0.74375 0.0296875 0.09375
6 0.21875 0.544531 0.034375 0.0546875
2 0.832031 0.599219 0.0296875 0.0390625
27 0.599219 0.390625 0.0484375 0.05625
18 0.246094 0.7875 0.0578125 0.096875
12 0.755469 0.375 0.0234375 0.090625
6 0.15 0.525 0.025 0.046875
18 0.121094 0.7125 0.0671875 0.0875
6 0.183594 0.536719 0.0359375 0.0453125
19 0.249219 0.785156 0.0546875 0.0984375
33 0.754687 0.375 0.025 0.09375
28 0.732031 0.192188 0.114063 0.0625
7 0.150781 0.522656 0.0265625 0.0390625
33 0.655469 0.578125 0.0234375 0.0875
12 0.8 0.571094 0.025 0.0953125
3 0.876562 0.589844 0.053125 0.0546875
24 0.650781 0.4 0.0453125 0.040625
6 0.157813 0.580469 0.078125 0.0359375
21 0.386719 0.778906 0.0171875 0.110937
5 0.8 0.571094 0.025 0.101562
20 0.567969 0.739844 0.0234375 0.0796875
20 0.6 0.764844 0.03125 0.101562
7 0.107813 0.528125 0.046875 0.0625
23 0.303125 0.778125 0.046875 0.10625
34 0.164062 0.58125 0.084375 0.034375
25 0.221094 0.546875 0.0328125 0.053125
26 0.5375 0.386719 0.05 0.0671875
35 0.424219 0.195312 0.0359375 0.0625
20 0.536719 0.736719 0.0328125 0.0796875
30 0.510156 0.54375 0.0234375 0.121875
9 0.886719 0.378906 0.0546875 0.0734375
30 0.667188 0.733594 0.021875 0.110937
13 0.307813 0.376563 0.05 0.0875
9 0.823438 0.382812 0.05625 0.071875
28 0.655469 0.198437 0.0390625 0.05625
28 0.599219 0.190625 0.0546875 0.06875
12 0.367188 0.564062 0.028125 0.096875
14 0.429688 0.386719 0.040625 0.0765625
11 0.274219 0.541406 0.0484375 0.0453125
13 0.367188 0.374219 0.053125 0.0921875
25 0.313281 0.585938 0.0390625 0.046875
25 0.261719 0.592188 0.0515625 0.034375
28 0.539062 0.191406 0.046875 0.0609375
12 0.639844 0.739062 0.0265625 0.09375
26 0.482812 0.385938 0.046875 0.0625
35 0.324219 0.195312 0.0421875 0.065625
24 0.708594 0.395312 0.0546875 0.053125
18 0.0539063 0.728906 0.0484375 0.0796875
28 0.703125 0.192969 0.05 0.0671875
18 0.0523437 0.804688 0.0515625 0.0625
21 0.452344 0.766406 0.0390625 0.0984375
18 0.124219 0.7875 0.0640625 0.065625
36 0.196094 0.373437 0.0484375 0.090625
18 0.189063 0.789062 0.05 0.084375
21 0.352344 0.783594 0.0390625 0.107813
29 0.142188 0.378125 0.046875 0.078125
8 0.896875 0.178906 0.065625 0.0953125
28 0.764844 0.190625 0.0515625 0.06875
20 0.541406 0.807813 0.0734375 0.05
29 0.0796875 0.379687 0.05625 0.0875
35 0.378906 0.192188 0.0453125 0.075
34 0.127344 0.18125 0.0359375 0.0875
21 0.489844 0.735937 0.0328125 0.084375
21 0.413281 0.530469 0.0265625 0.0578125
34 0.275781 0.1875 0.0453125 0.078125
34 0.175 0.176563 0.04375 0.096875
36 0.250781 0.378906 0.0484375 0.0828125
34 0.223438 0.182812 0.046875 0.084375
8 0.828125 0.184375 0.059375 0.078125
35 0.467187 0.1875 0.04375 0.071875
34 0.08125 0.178906 0.053125 0.104687
