28 0.565625 0.130469 0.05625 0.0609375
4 0.489062 0.610156 0.034375 0.0515625
13 0.565625 0.128125 0.05625 0.065625
16 0.489844 0.610156 0.0359375 0.0515625
16 0.410156 0.599219 0.0359375 0.0453125
10 0.774219 0.379687 0.0484375 0.046875
22 0.390625 0.845312 0.059375 0.134375
25 0.692969 0.596875 0.0328125 0.0375
18 0.117188 0.803125 0.04375 0.1125
18 0.278125 0.844531 0.053125 0.135937
8 0.075 0.340625 0.04375 0.09375
25 0.567969 0.129688 0.0546875 0.0625
25 0.135937 0.357031 0.075 0.0859375
27 0.58125 0.364844 0.05 0.0734375
25 0.342969 0.114844 0.0546875 0.0546875
21 0.511719 0.838281 0.0390625 0.123438
21 0.4625 0.8 0.0375 0.125
19 0.278906 0.841406 0.0515625 0.132812
19 0.332812 0.744531 0.053125 0.0859375
26 0.566406 0.129688 0.0546875 0.059375
25 0.775 0.380469 0.053125 0.0484375
1 0.640625 0.603125 0.053125 0.05
25 0.640625 0.603125 0.05 0.05
19 0.391406 0.847656 0.0609375 0.135937
3 0.866406 0.603906 0.0546875 0.0734375
2 0.746875 0.604688 0.025 0.06875
23 0.392188 0.846094 0.0625 0.139062
2 0.770312 0.600781 0.028125 0.0671875
26 0.369531 0.353125 0.0609375 0.0875
2 0.798437 0.602344 0.04375 0.0671875
5 0.871875 0.848437 0.028125 0.109375
17 0.447656 0.603906 0.0359375 0.0578125
25 0.441406 0.127344 0.0578125 0.0609375
21 0.449219 0.809375 0.0265625 0.121875
20 0.58125 0.8125 0.021875 0.121875
26 0.474219 0.35625 0.0390625 0.075
25 0.536719 0.603906 0.0359375 0.0546875
18 0.208594 0.751562 0.0546875 0.075
9 0.833594 0.367188 0.0578125 0.075
25 0.185937 0.359375 0.059375 0.078125
5 0.798437 0.8375 0.028125 0.140625
13 0.367969 0.353906 0.0578125 0.0890625
20 0.550781 0.839063 0.0359375 0.1125
25 0.128125 0.123438 0.0375 0.078125
6 0.191406 0.59375 0.0484375 0.084375
30 0.720312 0.817187 0.028125 0.171875
25 0.0828125 0.126563 0.040625 0.065625
20 0.511719 0.839063 0.0390625 0.121875
3 0.897656 0.603906 0.107813 0.0765625
25 0.367188 0.594531 0.05 0.0828125
29 0.125781 0.349219 0.0515625 0.0890625
18 0.120312 0.751562 0.046875 0.078125
25 0.744531 0.132031 0.0515625 0.0703125
33 0.871094 0.848437 0.0265625 0.109375
1 0.582812 0.60625 0.05 0.059375
25 0.634375 0.386719 0.05625 0.0421875
11 0.299219 0.572656 0.0453125 0.0703125
7 0.0773437 0.579687 0.0484375 0.0625
25 0.625 0.110937 0.053125 0.103125
25 0.521875 0.3625 0.05 0.08125
25 0.428906 0.364844 0.0453125 0.0609375
18 0.165625 0.851562 0.05 0.13125
21 0.473437 0.799219 0.025 0.120312
24 0.710156 0.377344 0.0703125 0.0546875
36 0.249219 0.349219 0.0515625 0.0890625
12 0.639063 0.822656 0.0375 0.145313
25 0.897656 0.366406 0.0609375 0.0765625
25 0.0726563 0.342969 0.0453125 0.101562
25 0.375 0.111719 0.05 0.0578125
25 0.133594 0.589063 0.0484375 0.075
25 0.683594 0.117969 0.0515625 0.101562
25 0.246094 0.595312 0.0453125 0.059375
25 0.510938 0.1125 0.05 0.1
25 0.285937 0.115625 0.05 0.096875
25 0.308594 0.359375 0.0546875 0.078125
25 0.225781 0.110937 0.0515625 0.1
25 0.175 0.114844 0.040625 0.0984375
25 0.810938 0.122656 0.06875 0.0859375
25 0.890625 0.108594 0.075 0.117188
18 0.05625 0.847656 0.059375 0.126563
