6 0.189063 0.617188 0.0375 0.053125
25 0.0742188 0.167187 0.0359375 0.084375
22 0.31875 0.828906 0.046875 0.0953125
33 0.824219 0.839063 0.0484375 0.10625
28 0.655469 0.399219 0.0984375 0.0703125
28 0.523438 0.169531 0.034375 0.101562
3 0.8375 0.625 0.040625 0.05
2 0.758594 0.573438 0.0765625 0.0375
35 0.423438 0.155469 0.040625 0.110937
23 0.269531 0.834375 0.0484375 0.1
3 0.885938 0.592969 0.06875 0.0609375
19 0.267969 0.832812 0.0484375 0.1
8 0.767187 0.178906 0.040625 0.0796875
23 0.320312 0.832812 0.046875 0.0875
9 0.489062 0.349219 0.05 0.0609375
12 0.64375 0.8125 0.021875 0.121875
27 0.491406 0.346094 0.0515625 0.0578125
18 0.182812 0.553906 0.040625 0.0609375
2 0.774219 0.630469 0.0796875 0.0328125
24 0.567187 0.402344 0.059375 0.0796875
25 0.248437 0.400781 0.053125 0.0734375
11 0.302344 0.617188 0.0484375 0.046875
18 0.114844 0.844531 0.0421875 0.107813
21 0.435156 0.794531 0.0203125 0.107813
1 0.572656 0.597656 0.0578125 0.0484375
2 0.692187 0.60625 0.028125 0.09375
25 0.80625 0.18125 0.065625 0.075
33 0.839844 0.838281 0.0265625 0.114063
25 0.138281 0.614844 0.0421875 0.0421875
30 0.642969 0.805469 0.0234375 0.148438
25 0.660937 0.184375 0.0375 0.078125
34 0.0734375 0.161719 0.040625 0.0953125
5 0.813281 0.83125 0.0234375 0.109375
5 0.760156 0.79375 0.0234375 0.103125
25 0.35 0.6125 0.040625 0.0875
34 0.41875 0.149219 0.034375 0.107813
20 0.501562 0.81875 0.03125 0.109375
25 0.570312 0.184375 0.04375 0.078125
25 0.0648438 0.392188 0.0359375 0.078125
29 0.111719 0.378906 0.0484375 0.101562
11 0.296875 0.566406 0.040625 0.0453125
25 0.160938 0.403125 0.040625 0.075
25 0.521094 0.171094 0.0359375 0.101562
25 0.480469 0.414062 0.0578125 0.059375
20 0.553125 0.778906 0.028125 0.0765625
35 0.416406 0.385938 0.0390625 0.10625
25 0.255469 0.617969 0.0359375 0.0484375
23 0.369531 0.842188 0.0453125 0.096875
35 0.313281 0.155469 0.0453125 0.107813
34 0.122656 0.172656 0.0421875 0.0734375
8 0.717188 0.146094 0.05 0.0734375
25 0.875781 0.408594 0.0484375 0.0671875
12 0.613281 0.814062 0.0296875 0.1125
21 0.459375 0.783594 0.025 0.0921875
28 0.485156 0.167969 0.0359375 0.0953125
25 0.366406 0.173438 0.0515625 0.071875
30 0.694531 0.778125 0.0234375 0.134375
28 0.630469 0.402344 0.0484375 0.0828125
18 0.211719 0.846875 0.0484375 0.096875
25 0.359375 0.382031 0.04375 0.0984375
34 0.221094 0.154687 0.0390625 0.1125
28 0.616406 0.175 0.0421875 0.096875
28 0.734375 0.402344 0.05 0.0765625
25 0.170312 0.151562 0.04375 0.115625
18 0.164844 0.829687 0.0421875 0.1125
8 0.886719 0.171875 0.0671875 0.103125
25 0.307813 0.392188 0.053125 0.090625
20 0.555469 0.855469 0.0671875 0.0703125
25 0.264844 0.152344 0.0453125 0.107813
34 0.0820312 0.596875 0.0484375 0.115625
18 0.0671875 0.828125 0.046875 0.103125
