28 0.707812 0.0960938 0.05625 0.0609375
7 0.100781 0.626562 0.0828125 0.059375
31 0.513281 0.619531 0.0359375 0.0546875
19 0.325 0.828906 0.04375 0.0953125
17 0.485938 0.575 0.04375 0.034375
11 0.289844 0.590625 0.0421875 0.034375
22 0.325 0.827344 0.04375 0.0921875
35 0.367969 0.185156 0.0359375 0.0484375
9 0.598437 0.402344 0.05625 0.0734375
19 0.278125 0.833594 0.04375 0.101562
35 0.436719 0.167187 0.0984375 0.08125
24 0.655469 0.408594 0.0484375 0.0578125
17 0.513281 0.621094 0.0390625 0.0609375
2 0.726562 0.611719 0.021875 0.0828125
16 0.335938 0.629687 0.0375 0.075
4 0.378906 0.630469 0.0359375 0.0671875
17 0.477344 0.610156 0.0328125 0.0671875
11 0.260938 0.635156 0.09375 0.0578125
13 0.466406 0.407031 0.0546875 0.0828125
5 0.871875 0.842188 0.028125 0.115625
32 0.336719 0.628906 0.0390625 0.0703125
27 0.6 0.402344 0.05625 0.0734375
23 0.325 0.828906 0.040625 0.0921875
1 0.644531 0.617969 0.0546875 0.0640625
17 0.427344 0.640625 0.0484375 0.0625
16 0.378906 0.628906 0.0359375 0.0609375
21 0.451562 0.825781 0.01875 0.101562
35 0.315625 0.13125 0.040625 0.053125
9 0.783594 0.407031 0.0515625 0.0640625
4 0.508594 0.622656 0.0390625 0.0578125
34 0.320312 0.179688 0.05 0.053125
35 0.472656 0.160938 0.0421875 0.09375
28 0.815625 0.107031 0.05 0.0609375
31 0.546875 0.61875 0.028125 0.059375
5 0.795313 0.832812 0.025 0.115625
23 0.371094 0.828125 0.0421875 0.096875
35 0.257031 0.0757812 0.0421875 0.0453125
26 0.467187 0.403906 0.05625 0.0828125
24 0.71875 0.400781 0.059375 0.0703125
7 0.124219 0.621094 0.0390625 0.0640625
7 0.0796875 0.627344 0.0375 0.0640625
9 0.838281 0.391406 0.0515625 0.0890625
9 0.901563 0.392188 0.0625 0.10625
8 0.714844 0.0945313 0.0671875 0.0640625
14 0.40625 0.407031 0.046875 0.0890625
2 0.770312 0.6125 0.11875 0.096875
29 0.132812 0.389844 0.040625 0.101562
6 0.185156 0.629687 0.0421875 0.084375
1 0.591406 0.615625 0.0484375 0.071875
8 0.815625 0.182031 0.059375 0.0515625
26 0.5375 0.399219 0.05625 0.0859375
33 0.871094 0.842969 0.0265625 0.110937
13 0.296094 0.401563 0.0515625 0.096875
13 0.350781 0.403125 0.0515625 0.1
18 0.141406 0.838281 0.0421875 0.101562
12 0.649219 0.821875 0.0359375 0.11875
21 0.478906 0.817187 0.0328125 0.1
11 0.234375 0.632031 0.040625 0.0640625
34 0.204688 0.149219 0.046875 0.123438
28 0.403125 0.0835937 0.103125 0.0640625
21 0.421094 0.828906 0.0328125 0.101562
11 0.285156 0.632031 0.0453125 0.0640625
8 0.9 0.153906 0.0625 0.104687
30 0.73125 0.8125 0.028125 0.15625
3 0.883594 0.613281 0.101562 0.0984375
28 0.521094 0.157031 0.0453125 0.104687
35 0.413281 0.164062 0.0453125 0.090625
18 0.232812 0.836719 0.040625 0.0953125
36 0.178906 0.402344 0.0515625 0.104687
36 0.235938 0.394531 0.053125 0.101562
20 0.539062 0.83125 0.03125 0.10625
29 0.0789063 0.392188 0.0578125 0.1
20 0.572656 0.830469 0.0296875 0.107813
28 0.701563 0.174219 0.053125 0.0734375
18 0.185937 0.839844 0.04375 0.0984375
28 0.576563 0.164062 0.059375 0.09375
28 0.639063 0.164062 0.05 0.0875
28 0.757031 0.165625 0.0515625 0.090625
18 0.0945313 0.84375 0.0453125 0.096875
34 0.260156 0.15625 0.0546875 0.103125
34 0.046875 0.151562 0.046875 0.10625
34 0.0984375 0.149219 0.05 0.110937
34 0.152344 0.146094 0.0484375 0.123438
