17 0.307031 0.579687 0.0296875 0.04375
5 0.332812 0.535156 0.01875 0.0546875
7 0.11875 0.525 0.034375 0.046875
21 0.353125 0.711719 0.01875 0.0765625
13 0.816406 0.388281 0.0421875 0.0890625
34 0.119531 0.200781 0.0328125 0.0828125
4 0.417969 0.583594 0.0328125 0.0328125
6 0.0546875 0.525 0.059375 0.03125
12 0.310156 0.524219 0.0265625 0.0671875
16 0.307813 0.576563 0.03125 0.05
18 0.0953125 0.70625 0.046875 0.0625
13 0.295312 0.385938 0.053125 0.078125
25 0.307813 0.577344 0.03125 0.0515625
25 0.882812 0.210156 0.065625 0.0734375
34 0.151562 0.192188 0.05 0.09375
36 0.2125 0.35625 0.034375 0.046875
6 0.117969 0.525781 0.0359375 0.0453125
25 0.64375 0.742969 0.04375 0.0484375
2 0.707812 0.542969 0.0875 0.0265625
5 0.549219 0.542188 0.0234375 0.08125
12 0.334375 0.534375 0.01875 0.05625
36 0.171094 0.357812 0.0640625 0.053125
28 0.817187 0.559375 0.025 0.0625
34 0.107031 0.194531 0.0265625 0.0921875
25 0.172656 0.585938 0.0671875 0.034375
25 0.303125 0.227344 0.1 0.0265625
14 0.355469 0.391406 0.0390625 0.0734375
35 0.314063 0.177344 0.053125 0.0453125
20 0.258594 0.565625 0.0234375 0.08125
28 0.475 0.209375 0.046875 0.059375
35 0.355469 0.183594 0.0265625 0.0671875
29 0.355469 0.391406 0.0390625 0.0703125
13 0.165625 0.357031 0.04375 0.0578125
6 0.163281 0.523438 0.0328125 0.053125
1 0.525781 0.55 0.0265625 0.04375
18 0.0671875 0.724219 0.0375 0.0640625
25 0.685156 0.585156 0.0453125 0.0296875
21 0.30625 0.575781 0.028125 0.0515625
8 0.864062 0.214062 0.040625 0.0625
28 0.483594 0.165625 0.0484375 0.040625
33 0.774219 0.725 0.0203125 0.075
23 0.315625 0.674219 0.040625 0.0640625
29 0.114063 0.354688 0.046875 0.053125
26 0.5125 0.349219 0.05 0.0453125
18 0.396094 0.211719 0.0453125 0.0671875
10 0.678125 0.403125 0.053125 0.046875
35 0.296094 0.171094 0.0546875 0.0515625
12 0.803125 0.734375 0.03125 0.08125
9 0.676562 0.402344 0.053125 0.0515625
23 0.317969 0.734375 0.0390625 0.05
36 0.302344 0.386719 0.0421875 0.0765625
28 0.703906 0.714844 0.0609375 0.0359375
25 0.611719 0.385156 0.0734375 0.0296875
26 0.455469 0.371094 0.0515625 0.0453125
21 0.642187 0.507031 0.01875 0.0578125
25 0.157813 0.192188 0.046875 0.09375
20 0.536719 0.75 0.0578125 0.059375
25 0.142969 0.107813 0.0859375 0.046875
29 0.0671875 0.363281 0.034375 0.0640625
34 0.0664062 0.185156 0.0421875 0.110937
18 0.142969 0.738281 0.0359375 0.0578125
25 0.171094 0.411719 0.0671875 0.0421875
9 0.879687 0.389062 0.05 0.075
25 0.526563 0.220313 0.05 0.05
18 0.0421875 0.575781 0.05 0.0578125
20 0.482812 0.6875 0.028125 0.065625
18 0.23125 0.725 0.0375 0.075
29 0.224219 0.196094 0.0515625 0.0921875
11 0.0945313 0.580469 0.0390625 0.0578125
28 0.855469 0.550781 0.0515625 0.0578125
34 0.075 0.411719 0.10625 0.0328125
25 0.527344 0.407031 0.0609375 0.0578125
21 0.389062 0.710156 0.028125 0.0828125
36 0.602344 0.498437 0.0453125 0.078125
18 0.188281 0.751562 0.0390625 0.05
25 0.909375 0.203906 0.05625 0.0890625
28 0.884375 0.74375 0.046875 0.075
28 0.61875 0.572656 0.05 0.0640625
12 0.607031 0.692969 0.0328125 0.0765625
34 0.196094 0.685156 0.0328125 0.0734375
34 0.23125 0.109375 0.059375 0.0625
25 0.740625 0.403906 0.065625 0.0515625
21 0.307031 0.521875 0.0203125 0.0625
28 0.660156 0.207813 0.0484375 0.08125
8 0.800781 0.198437 0.0765625 0.103125
18 0.585156 0.21875 0.0515625 0.053125
21 0.439844 0.685938 0.0359375 0.06875
28 0.722656 0.2125 0.0546875 0.071875
21 0.2625 0.714063 0.025 0.078125
