1 0.44375 0.465625 0.03125 0.078125
11 0.303906 0.480469 0.0828125 0.0734375
17 0.364844 0.477344 0.0296875 0.0703125
32 0.364062 0.476562 0.03125 0.071875
7 0.126563 0.484375 0.0875 0.065625
20 0.472656 0.619531 0.0640625 0.0703125
22 0.33125 0.617969 0.04375 0.0671875
36 0.232812 0.334375 0.090625 0.078125
20 0.510938 0.624219 0.05625 0.0671875
31 0.444531 0.464063 0.0265625 0.08125
18 0.285156 0.61875 0.0390625 0.065625
8 0.660156 0.336719 0.0546875 0.0640625
1 0.544531 0.478125 0.0796875 0.071875
2 0.654688 0.479688 0.084375 0.071875
28 0.55 0.192188 0.096875 0.075
15 0.596094 0.342187 0.0546875 0.05625
27 0.536719 0.335156 0.0421875 0.0671875
34 0.239844 0.191406 0.0890625 0.0828125
19 0.285156 0.61875 0.0390625 0.06875
20 0.457812 0.621094 0.028125 0.0703125
7 0.177344 0.479688 0.0734375 0.075
19 0.33125 0.617188 0.04375 0.06875
36 0.535937 0.338281 0.04375 0.0703125
4 0.44375 0.461719 0.028125 0.0734375
16 0.364062 0.482031 0.03125 0.0703125
32 0.323438 0.473437 0.0375 0.078125
24 0.597656 0.342187 0.0546875 0.053125
26 0.494531 0.339063 0.0390625 0.0625
4 0.363281 0.48125 0.0296875 0.071875
23 0.332812 0.617188 0.04375 0.065625
24 0.659375 0.338281 0.05625 0.0671875
31 0.482031 0.476562 0.0296875 0.06875
9 0.716406 0.335156 0.0515625 0.0671875
6 0.19375 0.477344 0.040625 0.0796875
33 0.763281 0.628906 0.0234375 0.0703125
13 0.308594 0.3375 0.0421875 0.071875
13 0.353906 0.334375 0.0390625 0.071875
7 0.149219 0.477344 0.0390625 0.0734375
3 0.65625 0.482031 0.08125 0.0703125
30 0.632031 0.614062 0.0203125 0.09375
26 0.447656 0.341406 0.0453125 0.0640625
9 0.773438 0.330469 0.059375 0.0765625
36 0.204688 0.333594 0.040625 0.0734375
23 0.382031 0.60625 0.0390625 0.0625
7 0.104687 0.482812 0.040625 0.071875
14 0.396094 0.334375 0.0390625 0.075
5 0.707812 0.622656 0.021875 0.0765625
20 0.499219 0.624219 0.0265625 0.0671875
1 0.566406 0.474219 0.0390625 0.0734375
17 0.405469 0.484375 0.0359375 0.071875
11 0.282031 0.490625 0.0390625 0.059375
28 0.584375 0.192188 0.04375 0.071875
35 0.310937 0.19375 0.0375 0.075
29 0.157031 0.335938 0.0421875 0.06875
11 0.239844 0.4875 0.0359375 0.0625
28 0.527344 0.190625 0.0453125 0.078125
8 0.730469 0.19375 0.0578125 0.06875
2 0.770312 0.482812 0.128125 0.08125
18 0.242969 0.619531 0.0390625 0.0671875
1 0.523438 0.484375 0.0375 0.065625
28 0.630469 0.196094 0.0390625 0.0640625
28 0.674219 0.192188 0.0421875 0.071875
35 0.426562 0.192188 0.04375 0.075
29 0.107813 0.332031 0.046875 0.0734375
12 0.583594 0.620313 0.0265625 0.075
35 0.389062 0.19375 0.03125 0.06875
20 0.527344 0.621094 0.0234375 0.0671875
18 0.201562 0.620313 0.0375 0.065625
18 0.119531 0.619531 0.0390625 0.0671875
18 0.1625 0.619531 0.040625 0.0703125
8 0.796875 0.183594 0.05625 0.0828125
35 0.351562 0.191406 0.034375 0.0703125
34 0.267188 0.189844 0.04375 0.0765625
34 0.0953125 0.186719 0.04375 0.0828125
36 0.253125 0.333594 0.040625 0.0796875
21 0.457031 0.621094 0.0265625 0.0703125
28 0.478125 0.188281 0.04375 0.0796875
34 0.136719 0.185156 0.0328125 0.0828125
21 0.423438 0.617188 0.028125 0.06875
34 0.21875 0.1875 0.040625 0.084375
34 0.175 0.185156 0.0375 0.0859375
