25 0.535937 0.167187 0.040625 0.040625
25 0.346094 0.314844 0.0390625 0.0734375
36 0.238281 0.308594 0.0421875 0.0515625
20 0.767969 0.699219 0.0734375 0.0328125
19 0.241406 0.674219 0.0484375 0.0796875
25 0.764063 0.177344 0.1125 0.0265625
17 0.378125 0.463281 0.03125 0.0453125
27 0.557031 0.346875 0.0671875 0.0375
34 0.182812 0.139844 0.04375 0.0984375
2 0.696875 0.485156 0.05625 0.0640625
22 0.357031 0.694531 0.0484375 0.0859375
35 0.422656 0.153906 0.0484375 0.0703125
25 0.357812 0.175 0.053125 0.028125
25 0.310937 0.326562 0.025 0.06875
1 0.55625 0.5125 0.0625 0.046875
25 0.621875 0.349219 0.046875 0.0328125
19 0.357031 0.694531 0.0484375 0.0890625
9 0.714844 0.326562 0.0484375 0.03125
2 0.828125 0.500781 0.1125 0.0734375
16 0.346094 0.471875 0.0328125 0.034375
13 0.285156 0.309375 0.0328125 0.075
8 0.839063 0.167969 0.065625 0.0359375
28 0.66875 0.144531 0.059375 0.0578125
25 0.405469 0.31875 0.0390625 0.059375
9 0.751562 0.3 0.04375 0.071875
36 0.238281 0.271094 0.0390625 0.0390625
23 0.35625 0.692187 0.05 0.090625
1 0.560156 0.539062 0.0671875 0.034375
31 0.498437 0.471875 0.028125 0.04375
28 0.664844 0.174219 0.0859375 0.0328125
28 0.528906 0.121875 0.0328125 0.040625
25 0.232812 0.354688 0.08125 0.028125
25 0.235156 0.314063 0.0390625 0.04375
20 0.517187 0.682031 0.034375 0.0703125
23 0.297656 0.654688 0.0515625 0.075
3 0.828906 0.5 0.107813 0.078125
17 0.425781 0.464844 0.0390625 0.0421875
5 0.677344 0.664844 0.0234375 0.0890625
11 0.242969 0.496094 0.0359375 0.0578125
25 0.825781 0.353125 0.117188 0.034375
24 0.663281 0.328906 0.0515625 0.0390625
1 0.549219 0.496875 0.0484375 0.0375
34 0.0851562 0.116406 0.0265625 0.0453125
25 0.114844 0.514063 0.0734375 0.03125
34 0.246875 0.175781 0.06875 0.0296875
25 0.457031 0.529688 0.0421875 0.0375
25 0.0921875 0.159375 0.046875 0.053125
8 0.78125 0.117188 0.040625 0.05
11 0.278906 0.521094 0.0359375 0.0484375
28 0.626562 0.128906 0.03125 0.0484375
35 0.366406 0.123438 0.0359375 0.046875
9 0.792969 0.29375 0.0390625 0.075
34 0.140625 0.148438 0.03125 0.08125
35 0.442187 0.139844 0.034375 0.0890625
26 0.45625 0.297656 0.0375 0.0671875
21 0.435156 0.65625 0.0203125 0.090625
25 0.650781 0.529688 0.0609375 0.028125
13 0.346094 0.315625 0.0421875 0.071875
35 0.40625 0.159375 0.0375 0.059375
20 0.497656 0.638281 0.0265625 0.0734375
6 0.184375 0.464844 0.0375 0.0578125
30 0.625 0.65625 0.021875 0.121875
7 0.129688 0.460156 0.04375 0.0578125
35 0.33125 0.128125 0.028125 0.053125
29 0.148438 0.289062 0.0375 0.06875
11 0.278125 0.459375 0.034375 0.04375
29 0.122656 0.35 0.0890625 0.034375
34 0.223438 0.123438 0.025 0.065625
28 0.485938 0.157813 0.046875 0.065625
29 0.10625 0.292969 0.0375 0.0640625
25 0.498437 0.3125 0.040625 0.0625
8 0.729688 0.121875 0.046875 0.075
25 0.183594 0.142188 0.0421875 0.096875
36 0.194531 0.292969 0.0421875 0.0671875
28 0.589063 0.154687 0.046875 0.078125
35 0.3 0.128125 0.03125 0.0625
25 0.186719 0.523438 0.0421875 0.046875
28 0.670313 0.128125 0.04375 0.05
21 0.409375 0.658594 0.03125 0.0890625
34 0.258594 0.126563 0.0390625 0.0625
12 0.580469 0.663281 0.0296875 0.0921875
18 0.169531 0.625781 0.0390625 0.0671875
18 0.090625 0.664844 0.04375 0.0921875
