22 0.342969 0.736719 0.0421875 0.0828125
16 0.505469 0.575 0.0296875 0.040625
1 0.700781 0.572656 0.0328125 0.0328125
7 0.191406 0.551562 0.0484375 0.0875
18 0.29375 0.742188 0.04375 0.08125
23 0.294531 0.74375 0.0453125 0.078125
3 0.842188 0.739844 0.021875 0.0859375
34 0.302344 0.16875 0.0984375 0.08125
6 0.130469 0.574219 0.0453125 0.0609375
22 0.29375 0.741406 0.046875 0.0796875
8 0.774219 0.176563 0.0515625 0.075
28 0.582031 0.170312 0.0953125 0.071875
36 0.230469 0.360938 0.107813 0.08125
35 0.407813 0.171875 0.10625 0.065625
34 0.154687 0.160156 0.090625 0.0984375
19 0.342187 0.736719 0.04375 0.0828125
8 0.878906 0.160156 0.117188 0.0890625
4 0.50625 0.575 0.03125 0.0375
2 0.735156 0.566406 0.0234375 0.0484375
16 0.339844 0.564844 0.0390625 0.0640625
2 0.760938 0.564844 0.021875 0.0515625
16 0.413281 0.564844 0.0328125 0.0484375
6 0.240625 0.546875 0.040625 0.059375
32 0.339844 0.564844 0.0390625 0.0640625
1 0.65 0.567969 0.04375 0.0421875
31 0.549219 0.572656 0.0328125 0.0390625
20 0.549219 0.710938 0.0234375 0.059375
14 0.442187 0.370313 0.0375 0.0625
9 0.834375 0.366406 0.0375 0.0703125
3 0.905469 0.567187 0.0734375 0.046875
16 0.378125 0.557813 0.028125 0.05
23 0.342969 0.735937 0.0421875 0.0875
20 0.539844 0.778906 0.0359375 0.0734375
21 0.407031 0.3625 0.0234375 0.0875
23 0.403125 0.7375 0.059375 0.08125
25 0.507031 0.574219 0.0296875 0.0421875
19 0.295312 0.741406 0.04375 0.0796875
17 0.453125 0.572656 0.04375 0.0484375
25 0.679688 0.363281 0.06875 0.0296875
6 0.288281 0.519531 0.0421875 0.0484375
9 0.89375 0.364844 0.071875 0.0734375
11 0.132031 0.574219 0.0453125 0.0578125
25 0.6125 0.379687 0.046875 0.04375
1 0.604688 0.55625 0.040625 0.0375
3 0.910937 0.763281 0.071875 0.0859375
6 0.195312 0.542969 0.04375 0.0765625
11 0.292188 0.567969 0.046875 0.0515625
21 0.498437 0.7375 0.025 0.0875
13 0.370313 0.360938 0.046875 0.084375
11 0.240625 0.547656 0.04375 0.0578125
18 0.155469 0.716406 0.0390625 0.0796875
33 0.842969 0.740625 0.0265625 0.096875
28 0.7125 0.175781 0.046875 0.0671875
26 0.55625 0.367969 0.053125 0.0640625
35 0.494531 0.178906 0.0390625 0.0609375
26 0.491406 0.367969 0.0578125 0.0640625
28 0.607813 0.175 0.040625 0.071875
30 0.725 0.725 0.025 0.125
35 0.44375 0.174219 0.046875 0.0609375
35 0.377344 0.171875 0.0421875 0.071875
34 0.253125 0.673437 0.10625 0.040625
20 0.578906 0.7375 0.0328125 0.09375
21 0.473437 0.730469 0.021875 0.0921875
35 0.327344 0.167969 0.0453125 0.0828125
12 0.635156 0.720312 0.0265625 0.096875
34 0.179688 0.164844 0.046875 0.0921875
28 0.659375 0.178906 0.046875 0.0640625
28 0.775 0.747656 0.05 0.104687
28 0.773438 0.175781 0.05 0.0671875
12 0.666406 0.7125 0.0265625 0.096875
29 0.146094 0.354688 0.0515625 0.09375
24 0.753906 0.379687 0.0609375 0.046875
28 0.559375 0.16875 0.04375 0.075
18 0.0703125 0.561719 0.065625 0.0828125
28 0.317187 0.366406 0.05 0.0890625
8 0.842969 0.157813 0.0671875 0.1
8 0.90625 0.1625 0.053125 0.0875
36 0.25625 0.363281 0.05 0.0828125
34 0.0789063 0.154687 0.0484375 0.109375
34 0.129688 0.154687 0.04375 0.109375
34 0.226562 0.16875 0.040625 0.0875
34 0.276563 0.169531 0.04375 0.0859375
36 0.201562 0.360938 0.05 0.0875
18 0.246875 0.74375 0.04375 0.078125
18 0.199219 0.740625 0.0453125 0.084375
18 0.104687 0.741406 0.05 0.0859375
34 0.0820312 0.347656 0.0515625 0.114063
