19 0.35625 0.789062 0.05 0.109375
9 0.626562 0.371875 0.04375 0.059375
18 0.291406 0.790625 0.0703125 0.109375
3 0.922656 0.566406 0.0421875 0.0609375
4 0.69375 0.577344 0.03125 0.0328125
2 0.878125 0.805469 0.025 0.0703125
19 0.289844 0.789062 0.0671875 0.109375
3 0.904688 0.565625 0.046875 0.0625
35 0.439063 0.172656 0.096875 0.0671875
28 0.747656 0.174219 0.0171875 0.0734375
21 0.490625 0.735156 0.065625 0.0890625
11 0.260156 0.549219 0.0390625 0.0359375
23 0.357812 0.789062 0.053125 0.10625
30 0.680469 0.716406 0.0203125 0.123438
33 0.842969 0.777344 0.0421875 0.0546875
27 0.625781 0.371094 0.0421875 0.0578125
2 0.842188 0.779688 0.0375 0.05625
32 0.35625 0.582031 0.04375 0.0671875
4 0.509375 0.578906 0.0375 0.0390625
18 0.154687 0.711719 0.05 0.0828125
7 0.149219 0.551562 0.0421875 0.046875
10 0.790625 0.378906 0.046875 0.0390625
21 0.404687 0.526563 0.025 0.084375
25 0.24375 0.592969 0.0625 0.0515625
30 0.653125 0.749219 0.025 0.129688
9 0.790625 0.378125 0.04375 0.040625
17 0.471875 0.5625 0.04375 0.05
3 0.897656 0.565625 0.0890625 0.075
14 0.45625 0.367969 0.034375 0.0671875
9 0.846875 0.364062 0.05 0.075
2 0.796875 0.564062 0.1 0.0625
33 0.878125 0.805469 0.025 0.0734375
24 0.676562 0.378906 0.046875 0.0453125
23 0.415625 0.774219 0.046875 0.0890625
25 0.180469 0.580469 0.0578125 0.0734375
21 0.447656 0.521094 0.0265625 0.0796875
20 0.563281 0.79375 0.0734375 0.05
13 0.396094 0.360156 0.0515625 0.0890625
1 0.607813 0.55 0.04375 0.046875
34 0.213281 0.145313 0.0359375 0.109375
9 0.900781 0.361719 0.0484375 0.0796875
20 0.545313 0.726562 0.025 0.071875
35 0.46875 0.176563 0.04375 0.0625
24 0.734375 0.376563 0.053125 0.046875
13 0.339063 0.358594 0.05 0.0859375
11 0.304688 0.58125 0.040625 0.059375
35 0.413281 0.167969 0.0453125 0.0734375
26 0.567187 0.366406 0.053125 0.0640625
26 0.5 0.3625 0.046875 0.078125
20 0.576563 0.732031 0.028125 0.0765625
7 0.0976562 0.557031 0.0484375 0.0640625
1 0.653906 0.574219 0.0421875 0.0453125
28 0.716406 0.175781 0.0421875 0.0734375
36 0.276563 0.364844 0.053125 0.0859375
20 0.619531 0.746094 0.0296875 0.0953125
34 0.255469 0.154687 0.0390625 0.090625
29 0.100781 0.371094 0.0515625 0.0703125
35 0.35625 0.160938 0.046875 0.078125
35 0.522656 0.176563 0.0484375 0.06875
28 0.621875 0.170312 0.040625 0.08125
28 0.578906 0.169531 0.0359375 0.0765625
18 0.217187 0.788281 0.0625 0.0921875
29 0.158594 0.360156 0.0484375 0.0921875
28 0.773438 0.175 0.04375 0.078125
21 0.471094 0.739844 0.0328125 0.0953125
18 0.146094 0.790625 0.0546875 0.0625
34 0.171094 0.153906 0.0453125 0.0890625
36 0.221094 0.360938 0.0484375 0.0875
21 0.507031 0.727344 0.0328125 0.0859375
8 0.832812 0.172656 0.05625 0.0765625
18 0.0804688 0.802344 0.0546875 0.0921875
34 0.303125 0.153906 0.046875 0.0921875
8 0.890625 0.164844 0.053125 0.0921875
34 0.11875 0.149219 0.05 0.104687
