11 0.350781 0.609375 0.0421875 0.075
2 0.735937 0.595312 0.01875 0.065625
19 0.317969 0.796875 0.0421875 0.09375
16 0.347656 0.607813 0.0421875 0.075
21 0.421094 0.792188 0.0171875 0.1
22 0.317187 0.798437 0.04375 0.090625
28 0.621875 0.186719 0.1 0.0890625
32 0.391406 0.616406 0.0359375 0.0703125
34 0.0859375 0.164844 0.096875 0.104687
27 0.60625 0.413281 0.053125 0.0640625
1 0.707812 0.614062 0.03125 0.04375
18 0.269531 0.802344 0.0421875 0.0953125
11 0.267969 0.614844 0.0953125 0.0578125
32 0.347656 0.607813 0.0421875 0.075
19 0.271094 0.801562 0.0421875 0.090625
35 0.424219 0.178125 0.0296875 0.09375
10 0.799219 0.41875 0.0578125 0.05
4 0.521875 0.603906 0.040625 0.0578125
16 0.392188 0.616406 0.0375 0.0671875
31 0.564062 0.601562 0.03125 0.05625
14 0.421094 0.399219 0.0421875 0.0890625
9 0.798437 0.41875 0.05625 0.05
5 0.808594 0.789062 0.0234375 0.09375
24 0.667188 0.4125 0.059375 0.053125
9 0.858594 0.402344 0.0546875 0.0765625
2 0.785156 0.596094 0.101562 0.0796875
26 0.545313 0.4 0.053125 0.084375
17 0.471875 0.6 0.046875 0.065625
7 0.140625 0.580469 0.04375 0.0734375
1 0.607031 0.603125 0.0484375 0.065625
26 0.478125 0.397656 0.05625 0.0890625
6 0.194531 0.603125 0.0453125 0.0875
7 0.0789063 0.603125 0.0453125 0.06875
9 0.917188 0.402344 0.053125 0.0828125
35 0.46875 0.179688 0.04375 0.09375
13 0.367188 0.397656 0.053125 0.0953125
24 0.729688 0.414844 0.0625 0.0578125
23 0.367969 0.797656 0.0453125 0.0953125
13 0.30625 0.399219 0.05625 0.0921875
34 0.213281 0.158594 0.0484375 0.129688
12 0.659375 0.78125 0.034375 0.1
33 0.875781 0.795313 0.0265625 0.084375
1 0.659375 0.609375 0.053125 0.059375
3 0.897656 0.601562 0.110937 0.0875
30 0.738281 0.771875 0.0234375 0.134375
8 0.526563 0.175781 0.059375 0.101562
28 0.764063 0.190625 0.05 0.08125
11 0.295312 0.614062 0.046875 0.0625
29 0.125781 0.388281 0.0484375 0.0921875
34 0.111719 0.1625 0.0453125 0.1125
8 0.824219 0.186719 0.0546875 0.0921875
20 0.586719 0.794531 0.0296875 0.0859375
35 0.385938 0.176563 0.04375 0.096875
35 0.160938 0.157813 0.046875 0.134375
28 0.649219 0.18125 0.0484375 0.096875
20 0.553906 0.792969 0.0328125 0.0921875
18 0.174219 0.807031 0.0453125 0.0921875
8 0.897656 0.182812 0.0765625 0.096875
28 0.33125 0.165625 0.05625 0.109375
28 0.591406 0.189063 0.0515625 0.08125
21 0.496875 0.778125 0.0375 0.0875
29 0.0648438 0.39375 0.0609375 0.1
11 0.246875 0.613281 0.04375 0.0640625
18 0.224219 0.803125 0.0453125 0.09375
28 0.703906 0.185937 0.0515625 0.090625
36 0.1875 0.390625 0.053125 0.1
34 0.0585938 0.166406 0.0484375 0.104687
18 0.125 0.810156 0.046875 0.0984375
34 0.26875 0.167969 0.053125 0.104687
21 0.457812 0.779688 0.034375 0.090625
18 0.0757812 0.811719 0.0515625 0.0984375
36 0.244531 0.397656 0.0515625 0.0953125
