6 0.230469 0.614062 0.0890625 0.071875
13 0.500781 0.447656 0.0484375 0.0734375
11 0.567969 0.617969 0.0421875 0.0671875
20 0.542188 0.780469 0.05625 0.0734375
27 0.599219 0.448438 0.0453125 0.0625
3 0.71875 0.610156 0.046875 0.0921875
36 0.867188 0.441406 0.05 0.0890625
19 0.350781 0.76875 0.0421875 0.075
17 0.486719 0.613281 0.0328125 0.0796875
35 0.335156 0.255469 0.101562 0.0859375
26 0.39375 0.442187 0.0375 0.075
35 0.446094 0.276563 0.0234375 0.071875
3 0.75625 0.617969 0.028125 0.0734375
36 0.599219 0.447656 0.0421875 0.0640625
32 0.350781 0.610156 0.0390625 0.0828125
19 0.303906 0.773438 0.0421875 0.071875
9 0.86875 0.442187 0.053125 0.090625
9 0.892969 0.278125 0.0609375 0.065625
23 0.350781 0.76875 0.0421875 0.075
3 0.691406 0.605469 0.0234375 0.0828125
26 0.503125 0.449219 0.046875 0.0703125
27 0.867969 0.44375 0.0546875 0.090625
9 0.653125 0.452344 0.053125 0.0703125
1 0.567187 0.616406 0.040625 0.0703125
13 0.39375 0.440625 0.0375 0.075
31 0.524219 0.615625 0.0296875 0.075
14 0.4375 0.446094 0.04375 0.0796875
5 0.746094 0.779688 0.0234375 0.08125
17 0.444531 0.616406 0.0390625 0.0734375
26 0.550781 0.442187 0.0390625 0.06875
6 0.20625 0.6125 0.04375 0.08125
30 0.669531 0.771875 0.0203125 0.1
4 0.486719 0.615625 0.0328125 0.075
13 0.346094 0.441406 0.0453125 0.0796875
35 0.397656 0.603125 0.0421875 0.103125
23 0.403125 0.766406 0.05 0.0703125
11 0.305469 0.623438 0.0421875 0.0625
28 0.689062 0.273438 0.046875 0.08125
35 0.4125 0.273438 0.040625 0.078125
28 0.639844 0.271094 0.0390625 0.0828125
24 0.727344 0.449219 0.0578125 0.0609375
33 0.813281 0.791406 0.0265625 0.0765625
28 0.585938 0.273438 0.04375 0.075
34 0.0976562 0.242969 0.0234375 0.0953125
7 0.102344 0.61875 0.0453125 0.071875
20 0.559375 0.777344 0.025 0.0734375
35 0.483594 0.271094 0.0453125 0.0859375
7 0.157031 0.614844 0.0421875 0.0703125
11 0.25625 0.619531 0.040625 0.0640625
28 0.535156 0.272656 0.0453125 0.0796875
20 0.527344 0.779688 0.0265625 0.075
28 0.752344 0.276563 0.0484375 0.075
29 0.172656 0.441406 0.0484375 0.0734375
35 0.3625 0.255469 0.04375 0.0921875
18 0.114063 0.78125 0.046875 0.071875
34 0.253125 0.249219 0.046875 0.0890625
18 0.159375 0.78125 0.040625 0.075
12 0.609375 0.776563 0.028125 0.084375
2 0.839844 0.610156 0.123438 0.104687
34 0.134375 0.242969 0.05 0.101562
34 0.625 0.603125 0.040625 0.1
29 0.117969 0.438281 0.0484375 0.0796875
34 0.201562 0.24375 0.04375 0.1
36 0.229687 0.435156 0.046875 0.0828125
18 0.204688 0.778906 0.040625 0.0734375
8 0.819531 0.266406 0.0734375 0.0859375
34 0.310156 0.254687 0.0484375 0.0875
18 0.253906 0.778906 0.0484375 0.0734375
21 0.447656 0.773438 0.0296875 0.078125
36 0.284375 0.438281 0.046875 0.0859375
21 0.482031 0.775781 0.0296875 0.0796875
