17 0.63125 0.621094 0.04375 0.0671875
21 0.535937 0.449219 0.03125 0.0671875
27 0.299219 0.745313 0.0453125 0.090625
5 0.727344 0.455469 0.0203125 0.0640625
18 0.148438 0.774219 0.046875 0.0671875
32 0.339844 0.608594 0.0390625 0.0609375
12 0.674219 0.754687 0.0234375 0.115625
29 0.608594 0.466406 0.0390625 0.0359375
14 0.608594 0.466406 0.0390625 0.0359375
11 0.294531 0.6125 0.0390625 0.059375
12 0.755469 0.760938 0.0203125 0.065625
23 0.351562 0.75625 0.04375 0.071875
9 0.720312 0.782031 0.05 0.0703125
36 0.300781 0.74375 0.0390625 0.0875
23 0.148438 0.774219 0.046875 0.0703125
3 0.795313 0.471094 0.021875 0.0359375
29 0.753125 0.452344 0.028125 0.0703125
2 0.801562 0.610156 0.040625 0.0546875
2 0.903906 0.633594 0.0453125 0.0390625
4 0.486719 0.590625 0.0296875 0.071875
2 0.848437 0.779688 0.021875 0.0875
34 0.308594 0.279687 0.0421875 0.03125
16 0.485938 0.590625 0.03125 0.071875
28 0.410156 0.307813 0.0390625 0.046875
7 0.634375 0.621875 0.040625 0.0625
9 0.835156 0.447656 0.0296875 0.0734375
21 0.442187 0.755469 0.028125 0.0765625
28 0.76875 0.299219 0.028125 0.0671875
9 0.871094 0.452344 0.0359375 0.0671875
18 0.192969 0.771094 0.0390625 0.0671875
25 0.536719 0.448438 0.0296875 0.06875
19 0.148438 0.774219 0.04375 0.0671875
5 0.75625 0.757031 0.021875 0.0796875
25 0.640625 0.307031 0.040625 0.0484375
16 0.338281 0.609375 0.0390625 0.059375
19 0.192969 0.770312 0.0390625 0.06875
14 0.528906 0.607813 0.0390625 0.078125
33 0.849219 0.779688 0.0203125 0.078125
35 0.45 0.30625 0.034375 0.053125
17 0.44375 0.603125 0.040625 0.065625
28 0.732813 0.299219 0.0375 0.0671875
13 0.346094 0.450781 0.0484375 0.0671875
25 0.746875 0.625781 0.046875 0.0421875
34 0.298438 0.242188 0.0375 0.034375
34 0.208594 0.29375 0.0390625 0.071875
2 0.802344 0.778125 0.0578125 0.096875
5 0.623438 0.769531 0.021875 0.0828125
11 0.129688 0.710156 0.04375 0.0421875
21 0.445312 0.448438 0.025 0.06875
11 0.491406 0.460156 0.0453125 0.0578125
30 0.675781 0.75625 0.0234375 0.109375
28 0.499219 0.2375 0.0359375 0.0375
29 0.10625 0.607031 0.05 0.0734375
11 0.253125 0.607031 0.0375 0.0578125
7 0.160156 0.597656 0.0296875 0.0609375
35 0.361719 0.294531 0.0453125 0.0734375
11 0.119531 0.459375 0.0453125 0.05625
28 0.588281 0.302344 0.0453125 0.0578125
6 0.29375 0.614844 0.0375 0.0609375
20 0.575781 0.779688 0.0265625 0.06875
35 0.208594 0.294531 0.0390625 0.0703125
20 0.548437 0.753906 0.025 0.0640625
36 0.232031 0.446875 0.0453125 0.08125
29 0.175 0.453125 0.040625 0.0625
34 0.660937 0.445312 0.04375 0.08125
20 0.51875 0.773438 0.028125 0.06875
36 0.28125 0.442969 0.040625 0.0765625
36 0.4 0.453125 0.046875 0.06875
21 0.475 0.767187 0.03125 0.078125
18 0.235156 0.723437 0.0421875 0.075
8 0.826563 0.292188 0.0625 0.08125
28 0.682813 0.298438 0.034375 0.06875
18 0.197656 0.614844 0.0421875 0.0515625
28 0.542188 0.295312 0.04375 0.071875
12 0.875 0.776563 0.025 0.084375
34 0.576563 0.6 0.040625 0.0875
34 0.255469 0.295312 0.0421875 0.075
35 0.488281 0.296094 0.0390625 0.0734375
18 0.240625 0.786719 0.046875 0.0453125
34 0.164844 0.289844 0.0390625 0.0796875
18 0.397656 0.755469 0.0421875 0.0640625
