2 0.682031 0.533594 0.0171875 0.0390625
14 0.423438 0.396094 0.025 0.0484375
29 0.660156 0.405469 0.0265625 0.0453125
26 0.45625 0.403906 0.03125 0.0421875
26 0.489844 0.645312 0.0328125 0.053125
22 0.389844 0.63125 0.0296875 0.046875
21 0.717969 0.396875 0.0140625 0.05625
35 0.24375 0.277344 0.01875 0.0546875
18 0.495313 0.282031 0.040625 0.0453125
11 0.45625 0.403906 0.03125 0.0390625
16 0.264844 0.526563 0.0234375 0.0375
16 0.457812 0.405469 0.03125 0.0390625
5 0.703125 0.6625 0.025 0.065625
35 0.199219 0.274219 0.0421875 0.0578125
14 0.659375 0.40625 0.028125 0.04375
30 0.60625 0.628906 0.0125 0.0828125
34 0.246094 0.280469 0.0171875 0.0515625
11 0.264062 0.525781 0.025 0.0359375
7 0.160156 0.407813 0.0328125 0.034375
28 0.651563 0.257031 0.025 0.0296875
23 0.346094 0.638281 0.0296875 0.0515625
20 0.492969 0.649219 0.0359375 0.0515625
28 0.453125 0.242969 0.03125 0.0203125
11 0.232812 0.608594 0.034375 0.0328125
9 0.760156 0.292188 0.0390625 0.028125
34 0.45625 0.51875 0.025 0.05
6 0.455469 0.517969 0.0234375 0.0484375
14 0.425 0.521094 0.028125 0.0421875
18 0.171875 0.6375 0.025 0.046875
30 0.560156 0.635938 0.0234375 0.06875
18 0.165625 0.632031 0.01875 0.0390625
13 0.389844 0.396875 0.0296875 0.05
2 0.709375 0.535937 0.03125 0.040625
36 0.392969 0.279687 0.0296875 0.046875
18 0.541406 0.404687 0.0328125 0.040625
25 0.651563 0.538281 0.0375 0.0265625
18 0.227344 0.651563 0.0296875 0.040625
14 0.4875 0.521875 0.028125 0.05
35 0.392969 0.278906 0.0328125 0.0453125
11 0.296875 0.522656 0.028125 0.0359375
35 0.21875 0.276563 0.028125 0.05625
11 0.159375 0.408594 0.03125 0.0359375
16 0.492969 0.410156 0.0265625 0.0390625
33 0.653906 0.65 0.0171875 0.059375
35 0.425781 0.282813 0.0234375 0.04375
5 0.713281 0.664844 0.0171875 0.0640625
30 0.594531 0.63125 0.0140625 0.084375
13 0.757031 0.533594 0.0359375 0.0421875
21 0.421875 0.633594 0.021875 0.0546875
35 0.349219 0.28125 0.0328125 0.05
20 0.186719 0.641406 0.0203125 0.0578125
20 0.520312 0.644531 0.01875 0.0578125
36 0.56875 0.283594 0.034375 0.0421875
7 0.199219 0.521094 0.0296875 0.0453125
8 0.688281 0.279687 0.0265625 0.053125
29 0.197656 0.40625 0.0328125 0.040625
34 0.192188 0.275781 0.01875 0.0578125
29 0.158594 0.520312 0.0359375 0.05
12 0.752344 0.657812 0.0234375 0.06875
18 0.389844 0.629687 0.0296875 0.046875
34 0.4125 0.232031 0.028125 0.0390625
28 0.491406 0.279687 0.0296875 0.053125
8 0.591406 0.521094 0.0390625 0.0546875
12 0.559375 0.6375 0.021875 0.0625
36 0.308594 0.625781 0.0359375 0.0671875
6 0.236719 0.520312 0.0296875 0.04375
18 0.265625 0.648438 0.040625 0.046875
5 0.69375 0.65625 0.015625 0.0625
34 0.165625 0.276563 0.028125 0.05625
28 0.622656 0.400781 0.0359375 0.0578125
21 0.740625 0.4 0.021875 0.05625
34 0.309375 0.282031 0.03125 0.0484375
34 0.521875 0.515625 0.028125 0.05625
21 0.450781 0.638281 0.0234375 0.0609375
34 0.275781 0.280469 0.0296875 0.0484375
35 0.453125 0.28125 0.025 0.046875
18 0.527344 0.288281 0.0328125 0.0390625
34 0.721094 0.278125 0.0328125 0.05625
34 0.582031 0.400781 0.0328125 0.0546875
36 0.235156 0.397656 0.0296875 0.0546875
18 0.335938 0.523438 0.0375 0.04375
