26 0.514844 0.444531 0.0953125 0.0734375
16 0.478906 0.620313 0.0359375 0.08125
3 0.758594 0.615625 0.0671875 0.08125
3 0.671875 0.630469 0.03125 0.0390625
24 0.654688 0.449219 0.06875 0.0671875
22 0.291406 0.785156 0.0453125 0.0765625
22 0.342187 0.780469 0.046875 0.0734375
35 0.48125 0.266406 0.103125 0.0796875
8 0.814844 0.260938 0.0421875 0.075
36 0.588281 0.446094 0.0484375 0.0640625
25 0.670313 0.628906 0.028125 0.0421875
9 0.930469 0.278125 0.0484375 0.0375
32 0.382031 0.61875 0.0359375 0.071875
11 0.264062 0.628125 0.096875 0.059375
25 0.816406 0.2625 0.0421875 0.075
35 0.420312 0.274219 0.025 0.0671875
32 0.3375 0.614844 0.040625 0.0796875
12 0.692187 0.78125 0.021875 0.103125
13 0.372656 0.444531 0.0296875 0.0765625
19 0.342187 0.780469 0.046875 0.0765625
27 0.589063 0.448438 0.046875 0.065625
19 0.289844 0.784375 0.0453125 0.078125
16 0.382031 0.617188 0.0328125 0.071875
23 0.342187 0.779688 0.046875 0.078125
34 0.071875 0.257812 0.025 0.0875
3 0.730469 0.610156 0.0796875 0.0921875
9 0.654688 0.450781 0.0625 0.0703125
5 0.775781 0.7875 0.0234375 0.078125
14 0.415625 0.444531 0.046875 0.0828125
26 0.489062 0.45 0.05625 0.075
13 0.329688 0.447656 0.046875 0.0734375
30 0.691406 0.778125 0.0234375 0.109375
9 0.8875 0.435937 0.059375 0.09375
17 0.430469 0.625781 0.0453125 0.0765625
31 0.519531 0.615625 0.0328125 0.08125
6 0.182031 0.617188 0.0484375 0.08125
12 0.623438 0.784375 0.034375 0.08125
26 0.540625 0.441406 0.0375 0.0734375
7 0.127344 0.61875 0.0453125 0.071875
28 0.570312 0.266406 0.053125 0.0796875
35 0.386719 0.266406 0.0390625 0.0765625
23 0.399219 0.778125 0.0484375 0.075
29 0.146094 0.444531 0.0484375 0.0765625
4 0.479688 0.619531 0.0375 0.0796875
24 0.73125 0.448438 0.06875 0.0625
1 0.569531 0.619531 0.0484375 0.0765625
33 0.849219 0.796094 0.0296875 0.0796875
11 0.2375 0.624219 0.04375 0.0609375
7 0.071875 0.622656 0.05 0.0703125
21 0.446094 0.7875 0.0328125 0.08125
29 0.0867188 0.441406 0.0546875 0.0765625
34 0.86875 0.257812 0.053125 0.08125
28 0.63125 0.263281 0.04375 0.0796875
20 0.535937 0.792969 0.03125 0.0765625
11 0.288281 0.629687 0.0453125 0.065625
35 0.342187 0.271094 0.04375 0.0765625
28 0.755469 0.267188 0.0546875 0.071875
20 0.569531 0.791406 0.0296875 0.0765625
35 0.453906 0.2625 0.0453125 0.084375
21 0.485156 0.788281 0.0328125 0.0828125
34 0.285937 0.26875 0.05 0.078125
28 0.513281 0.266406 0.0484375 0.0796875
1 0.625 0.611719 0.05 0.0765625
18 0.180469 0.789062 0.0484375 0.078125
34 0.178906 0.257031 0.0484375 0.0921875
2 0.864062 0.610937 0.1375 0.1
36 0.204688 0.439844 0.05 0.0796875
34 0.691406 0.255469 0.0546875 0.0921875
18 0.130469 0.791406 0.0453125 0.0765625
34 0.232031 0.265625 0.0453125 0.084375
18 0.233594 0.792188 0.0515625 0.078125
18 0.0789063 0.792188 0.0484375 0.075
34 0.107813 0.255469 0.04375 0.0921875
36 0.263281 0.441406 0.0484375 0.0828125
