23 0.284375 0.709375 0.04375 0.05
9 0.624219 0.460156 0.0421875 0.0453125
32 0.384375 0.580469 0.04375 0.0484375
34 0.300781 0.341406 0.0953125 0.0515625
19 0.284375 0.7125 0.04375 0.05
28 0.696094 0.345313 0.0921875 0.046875
21 0.470313 0.705469 0.078125 0.0609375
34 0.198437 0.338281 0.0875 0.0546875
36 0.269531 0.458594 0.0921875 0.0515625
35 0.491406 0.346875 0.0859375 0.046875
29 0.455469 0.460156 0.0421875 0.0515625
13 0.375 0.459375 0.103125 0.05
35 0.447656 0.345313 0.0859375 0.046875
3 0.775781 0.589063 0.0703125 0.034375
27 0.624219 0.459375 0.0453125 0.046875
10 0.866406 0.458594 0.0515625 0.0484375
10 0.810938 0.457812 0.05 0.053125
9 0.8125 0.45625 0.05 0.053125
33 0.857813 0.714844 0.028125 0.0578125
9 0.866406 0.458594 0.0515625 0.0484375
2 0.882812 0.591406 0.125 0.0390625
23 0.33125 0.707812 0.046875 0.05
14 0.45625 0.460938 0.04375 0.05
13 0.352344 0.457812 0.0453125 0.053125
31 0.530469 0.582812 0.0328125 0.046875
4 0.438281 0.582812 0.0359375 0.05
17 0.486719 0.58125 0.0484375 0.04375
24 0.679688 0.464844 0.053125 0.0453125
13 0.404687 0.457812 0.046875 0.05625
9 0.925781 0.455469 0.0578125 0.0546875
5 0.798437 0.710938 0.028125 0.065625
7 0.0992187 0.580469 0.0453125 0.0453125
7 0.15 0.578906 0.040625 0.0484375
6 0.204688 0.579687 0.040625 0.046875
23 0.384375 0.708594 0.05 0.0515625
11 0.255469 0.582031 0.0453125 0.0390625
11 0.310937 0.58125 0.046875 0.040625
31 0.570312 0.580469 0.03125 0.0515625
26 0.56875 0.463281 0.053125 0.0453125
4 0.532812 0.582812 0.034375 0.046875
30 0.703125 0.695312 0.021875 0.084375
20 0.58125 0.707812 0.03125 0.059375
26 0.510156 0.461719 0.0484375 0.0484375
24 0.749219 0.45625 0.0609375 0.059375
28 0.722656 0.345313 0.0453125 0.05
12 0.644531 0.704687 0.0328125 0.071875
20 0.545313 0.704687 0.03125 0.0625
29 0.192188 0.459375 0.05 0.05
18 0.236719 0.708594 0.0453125 0.0484375
28 0.578125 0.346094 0.046875 0.0515625
28 0.627344 0.342187 0.0390625 0.05625
35 0.515625 0.342969 0.04375 0.0546875
36 0.300781 0.457031 0.0421875 0.0546875
1 0.664062 0.582812 0.046875 0.05
1 0.6125 0.584375 0.046875 0.046875
35 0.46875 0.35 0.040625 0.04375
34 0.126563 0.3375 0.0375 0.065625
18 0.142188 0.710156 0.040625 0.0484375
8 0.832812 0.340625 0.059375 0.059375
28 0.772656 0.345313 0.0453125 0.053125
29 0.134375 0.459375 0.05 0.053125
28 0.673437 0.342187 0.04375 0.05
35 0.424219 0.342969 0.0390625 0.0546875
34 0.171875 0.339844 0.0375 0.0546875
8 0.901563 0.339063 0.065625 0.059375
36 0.248437 0.45625 0.04375 0.05625
34 0.21875 0.340625 0.040625 0.053125
35 0.377344 0.342969 0.0390625 0.0578125
34 0.322656 0.344531 0.0453125 0.0546875
21 0.490625 0.703906 0.034375 0.0609375
34 0.272656 0.342969 0.0421875 0.0546875
18 0.1875 0.707812 0.04375 0.05
21 0.449219 0.701563 0.0359375 0.059375
18 0.0953125 0.708594 0.04375 0.0484375
