3 0.679688 0.508594 0.0375 0.0390625
3 0.654688 0.510938 0.025 0.040625
36 0.242969 0.303906 0.0421875 0.0265625
16 0.371094 0.653125 0.0296875 0.075
28 0.715625 0.223438 0.034375 0.05
36 0.217187 0.360938 0.025 0.059375
2 0.611719 0.516406 0.0390625 0.0390625
36 0.559375 0.364062 0.040625 0.046875
34 0.579687 0.361719 0.084375 0.0515625
28 0.614844 0.223438 0.0390625 0.053125
17 0.460156 0.499219 0.0265625 0.0546875
21 0.371094 0.652344 0.0296875 0.0734375
26 0.486719 0.363281 0.0921875 0.0515625
14 0.317187 0.360156 0.03125 0.0578125
4 0.460938 0.496875 0.028125 0.053125
14 0.688281 0.363281 0.0265625 0.0484375
35 0.314063 0.224219 0.028125 0.0515625
27 0.558594 0.364844 0.0390625 0.0484375
17 0.613281 0.516406 0.0390625 0.0390625
33 0.682813 0.657031 0.015625 0.0734375
26 0.423438 0.361719 0.03125 0.0546875
14 0.388281 0.357812 0.0296875 0.05625
12 0.774219 0.353125 0.0234375 0.06875
16 0.289844 0.657031 0.0296875 0.0765625
20 0.5125 0.649219 0.015625 0.0703125
2 0.753906 0.513281 0.0515625 0.0421875
29 0.688281 0.363281 0.0265625 0.0484375
18 0.130469 0.64375 0.0203125 0.053125
28 0.586719 0.226562 0.0265625 0.046875
13 0.317187 0.357812 0.028125 0.05625
20 0.460938 0.651563 0.046875 0.071875
14 0.500781 0.507031 0.0328125 0.0578125
6 0.175 0.505469 0.0375 0.0515625
34 0.18125 0.220313 0.025 0.05625
17 0.419531 0.508594 0.0390625 0.0484375
23 0.334375 0.653906 0.0375 0.0671875
13 0.388281 0.357812 0.0296875 0.059375
16 0.539062 0.514063 0.03125 0.04375
6 0.253906 0.50625 0.0296875 0.05
14 0.423438 0.360938 0.03125 0.05625
19 0.199219 0.663281 0.0421875 0.0609375
8 0.71875 0.221875 0.021875 0.053125
14 0.352344 0.3625 0.0296875 0.053125
5 0.733594 0.663281 0.0171875 0.0796875
7 0.174219 0.50625 0.0359375 0.053125
28 0.653906 0.225781 0.0296875 0.0515625
26 0.460938 0.361719 0.040625 0.0546875
20 0.533594 0.65625 0.0234375 0.06875
33 0.703906 0.663281 0.0203125 0.0765625
5 0.757812 0.664062 0.021875 0.078125
26 0.509375 0.364844 0.040625 0.0515625
35 0.396094 0.227344 0.0359375 0.0484375
35 0.430469 0.232031 0.0296875 0.0421875
29 0.186719 0.360938 0.0328125 0.053125
8 0.364844 0.496875 0.0453125 0.071875
21 0.420312 0.651563 0.021875 0.06875
20 0.154687 0.65625 0.025 0.06875
11 0.253125 0.50625 0.03125 0.05
34 0.282031 0.360938 0.0296875 0.05625
13 0.8 0.507812 0.0375 0.046875
11 0.299219 0.507812 0.0390625 0.05
12 0.58125 0.498437 0.021875 0.06875
6 0.216406 0.50625 0.0328125 0.053125
35 0.352344 0.225781 0.0359375 0.0515625
18 0.245312 0.669531 0.040625 0.0484375
28 0.685938 0.225781 0.034375 0.0515625
35 0.61875 0.224219 0.03125 0.0515625
28 0.55 0.226562 0.034375 0.05
28 0.510156 0.227344 0.0328125 0.0484375
30 0.620313 0.635938 0.01875 0.10625
34 0.146875 0.354688 0.040625 0.0625
20 0.489844 0.65 0.0234375 0.065625
29 0.127344 0.504687 0.0421875 0.0625
18 0.248437 0.60625 0.040625 0.059375
36 0.242188 0.35625 0.0375 0.0625
34 0.314063 0.224219 0.03125 0.0546875
28 0.649219 0.357812 0.0359375 0.0625
18 0.735156 0.364844 0.0453125 0.0484375
35 0.466406 0.225781 0.0328125 0.0515625
34 0.222656 0.216406 0.0359375 0.0671875
8 0.753906 0.21875 0.0453125 0.05625
21 0.452344 0.653125 0.0296875 0.071875
34 0.605469 0.360156 0.0359375 0.0609375
34 0.264062 0.216406 0.040625 0.0640625
21 0.577344 0.649219 0.0265625 0.0765625
34 0.147656 0.217187 0.0359375 0.059375
