7 0.0914062 0.585938 0.0953125 0.071875
8 0.703125 0.432031 0.0625 0.0609375
21 0.44375 0.729688 0.06875 0.075
34 0.120312 0.271094 0.103125 0.0859375
32 0.322656 0.578906 0.0421875 0.0734375
19 0.327344 0.723437 0.0421875 0.06875
15 0.6375 0.435937 0.06875 0.059375
10 0.885938 0.289062 0.08125 0.05
27 0.571094 0.432031 0.0484375 0.0640625
19 0.278125 0.722656 0.046875 0.0734375
4 0.458594 0.569531 0.0359375 0.0734375
31 0.5 0.577344 0.034375 0.0734375
9 0.886719 0.289062 0.0796875 0.05
23 0.328125 0.722656 0.04375 0.0640625
16 0.364844 0.583594 0.0328125 0.0671875
13 0.360156 0.428125 0.0453125 0.071875
24 0.6375 0.435156 0.06875 0.0546875
13 0.307813 0.429688 0.046875 0.075
6 0.171094 0.579687 0.0421875 0.075
26 0.521094 0.435156 0.0421875 0.0609375
3 0.696875 0.574219 0.08125 0.0765625
9 0.853125 0.428906 0.0625 0.0703125
26 0.46875 0.435156 0.053125 0.0609375
5 0.742969 0.730469 0.0265625 0.0765625
30 0.665625 0.723437 0.021875 0.1
14 0.4125 0.429688 0.04375 0.071875
17 0.415625 0.582812 0.040625 0.071875
33 0.814844 0.736719 0.0296875 0.0734375
28 0.73125 0.285937 0.05 0.0625
11 0.273438 0.590625 0.04375 0.059375
23 0.377344 0.723437 0.0421875 0.06875
34 0.0585938 0.272656 0.0234375 0.0828125
28 0.567969 0.283594 0.0515625 0.0671875
24 0.707031 0.432813 0.0609375 0.05625
7 0.0695312 0.585156 0.0453125 0.0671875
28 0.676562 0.286719 0.046875 0.0609375
35 0.367969 0.282031 0.0484375 0.0703125
7 0.121094 0.582812 0.0421875 0.06875
11 0.222656 0.585938 0.0421875 0.059375
2 0.826563 0.575 0.146875 0.0875
12 0.597656 0.732031 0.0296875 0.0734375
20 0.514063 0.736719 0.028125 0.0671875
1 0.597656 0.574219 0.0453125 0.0765625
35 0.413281 0.2875 0.0328125 0.059375
28 0.625781 0.285156 0.0484375 0.0671875
8 0.8 0.28125 0.06875 0.071875
21 0.464063 0.735156 0.034375 0.0703125
28 0.510938 0.282031 0.05 0.0703125
29 0.133594 0.433594 0.0453125 0.0671875
20 0.545313 0.734375 0.028125 0.065625
35 0.45625 0.282031 0.04375 0.0703125
36 0.24375 0.43125 0.046875 0.075
18 0.175 0.729688 0.04375 0.065625
18 0.128906 0.729688 0.0421875 0.06875
1 0.547656 0.588281 0.0484375 0.0671875
35 0.315625 0.284375 0.04375 0.071875
34 0.159375 0.271875 0.04375 0.0875
34 0.259375 0.277344 0.053125 0.0765625
18 0.0804688 0.730469 0.0421875 0.0703125
34 0.09375 0.272656 0.04375 0.0859375
18 0.223438 0.73125 0.046875 0.06875
36 0.189063 0.425 0.046875 0.075
29 0.0789063 0.426562 0.0484375 0.075
34 0.207813 0.275781 0.04375 0.0828125
21 0.424219 0.730469 0.0328125 0.0765625
