34 0.0945313 0.269531 0.0296875 0.0265625
28 0.4875 0.297656 0.084375 0.0546875
21 0.30625 0.727344 0.034375 0.0765625
26 0.278906 0.580469 0.0453125 0.0578125
17 0.663281 0.592969 0.0421875 0.0421875
29 0.664844 0.4375 0.0265625 0.065625
1 0.546875 0.571875 0.028125 0.0625
18 0.171875 0.735937 0.034375 0.0625
34 0.178906 0.294531 0.0609375 0.0609375
25 0.663281 0.592969 0.0421875 0.0421875
6 0.385938 0.580469 0.03125 0.0609375
7 0.110937 0.678906 0.0375 0.0421875
9 0.735156 0.434375 0.0203125 0.0625
34 0.379687 0.289062 0.03125 0.06875
10 0.775781 0.305469 0.0546875 0.0390625
12 0.559375 0.728906 0.021875 0.0796875
19 0.132031 0.739062 0.0390625 0.059375
2 0.732031 0.74375 0.0390625 0.078125
2 0.7375 0.583594 0.05 0.0421875
3 0.699219 0.452344 0.0234375 0.0359375
16 0.305469 0.727344 0.0328125 0.0765625
17 0.276563 0.582812 0.040625 0.05625
21 0.34375 0.440625 0.0375 0.071875
2 0.813281 0.598437 0.0453125 0.040625
28 0.565625 0.296875 0.040625 0.05625
13 0.667188 0.295312 0.040625 0.0625
9 0.775781 0.304688 0.0515625 0.0375
28 0.422656 0.24375 0.0359375 0.03125
23 0.13125 0.738281 0.040625 0.0578125
14 0.469531 0.582812 0.0359375 0.06875
34 0.469531 0.582031 0.0359375 0.0703125
19 0.172656 0.734375 0.0359375 0.0625
34 0.252344 0.28125 0.0359375 0.03125
11 0.110156 0.676562 0.0359375 0.040625
35 0.346094 0.294531 0.0421875 0.0640625
21 0.39375 0.724219 0.025 0.0703125
7 0.234375 0.44375 0.03125 0.05
28 0.666406 0.295312 0.0390625 0.0625
33 0.759375 0.734375 0.01875 0.071875
28 0.624219 0.300781 0.0328125 0.0578125
11 0.429688 0.442187 0.0375 0.053125
13 0.289062 0.438281 0.040625 0.0609375
21 0.385938 0.434375 0.021875 0.06875
36 0.264844 0.708594 0.0390625 0.0828125
34 0.425781 0.577344 0.0359375 0.0734375
5 0.559375 0.728125 0.021875 0.08125
7 0.386719 0.580469 0.0328125 0.0578125
20 0.5125 0.74375 0.021875 0.059375
11 0.0929687 0.446094 0.0390625 0.0515625
11 0.217187 0.580469 0.034375 0.0515625
18 0.335938 0.559375 0.028125 0.04375
34 0.376563 0.232812 0.025 0.046875
35 0.385938 0.299219 0.028125 0.0546875
25 0.471094 0.434375 0.0265625 0.065625
36 0.609375 0.725 0.040625 0.096875
20 0.463281 0.733594 0.0234375 0.0703125
35 0.16875 0.29375 0.0375 0.065625
34 0.209375 0.297656 0.03125 0.0515625
20 0.490625 0.716406 0.021875 0.0578125
34 0.564062 0.298438 0.040625 0.05625
8 0.5875 0.573438 0.040625 0.075
21 0.423438 0.729688 0.028125 0.071875
12 0.782812 0.732813 0.021875 0.075
29 0.142969 0.441406 0.0359375 0.0578125
29 0.0859375 0.58125 0.040625 0.065625
36 0.340625 0.439063 0.034375 0.065625
28 0.510156 0.299219 0.0390625 0.0546875
6 0.425781 0.58125 0.0328125 0.06875
36 0.342969 0.295312 0.0421875 0.0625
7 0.132812 0.573438 0.028125 0.059375
35 0.421094 0.294531 0.0359375 0.0640625
18 0.214062 0.735156 0.04375 0.0671875
35 0.295312 0.296875 0.0375 0.065625
18 0.171094 0.589844 0.0421875 0.0484375
18 0.35 0.723437 0.04375 0.0625
28 0.467969 0.29375 0.0390625 0.065625
34 0.128125 0.2875 0.0375 0.078125
34 0.342187 0.233594 0.034375 0.0453125
34 0.510938 0.575 0.034375 0.078125
18 0.694531 0.742969 0.0421875 0.0703125
34 0.582031 0.433594 0.0359375 0.0765625
36 0.192188 0.429688 0.040625 0.071875
8 0.716406 0.289062 0.0484375 0.078125
