4 0.392969 0.570312 0.0359375 0.090625
9 0.816406 0.414844 0.0578125 0.104687
19 0.285156 0.758594 0.0328125 0.0859375
35 0.295312 0.407031 0.025 0.0921875
33 0.778906 0.777344 0.0671875 0.101562
11 0.1125 0.55625 0.028125 0.08125
21 0.209375 0.253906 0.034375 0.0484375
34 0.113281 0.225781 0.0640625 0.0953125
21 0.319531 0.758594 0.0328125 0.0796875
14 0.521875 0.43125 0.053125 0.0625
31 0.396094 0.573438 0.0359375 0.096875
5 0.667969 0.423438 0.0234375 0.08125
18 0.157813 0.763281 0.0375 0.0890625
21 0.351562 0.413281 0.01875 0.0859375
33 0.666406 0.424219 0.0203125 0.0828125
17 0.561719 0.611719 0.0453125 0.0953125
4 0.259375 0.56875 0.028125 0.0875
19 0.157813 0.7625 0.034375 0.0875
13 0.388281 0.425 0.0484375 0.08125
35 0.324219 0.242969 0.0296875 0.0703125
7 0.151562 0.53125 0.0375 0.05
31 0.4375 0.585156 0.034375 0.0859375
9 0.674219 0.78125 0.0515625 0.0875
28 0.66875 0.21875 0.06875 0.084375
25 0.0523437 0.239063 0.0390625 0.0625
11 0.0710938 0.409375 0.0390625 0.071875
2 0.817969 0.782812 0.0234375 0.103125
25 0.859375 0.248437 0.075 0.05
16 0.259375 0.56875 0.028125 0.0875
14 0.291406 0.560938 0.0328125 0.090625
7 0.564062 0.614062 0.05 0.090625
11 0.0921875 0.691406 0.034375 0.0515625
34 0.207813 0.204688 0.028125 0.0375
12 0.715625 0.758594 0.021875 0.0859375
25 0.695312 0.615625 0.05625 0.065625
7 0.1125 0.560156 0.03125 0.0828125
29 0.697656 0.421094 0.0328125 0.0828125
18 0.192188 0.707812 0.0375 0.075
23 0.320312 0.758594 0.034375 0.0828125
13 0.752344 0.602344 0.0453125 0.0703125
6 0.151562 0.53125 0.0375 0.05
33 0.816406 0.782031 0.0234375 0.0859375
5 0.715625 0.755469 0.025 0.0921875
34 0.132031 0.227344 0.0359375 0.0921875
18 0.122656 0.732813 0.0234375 0.05
27 0.814062 0.417188 0.0625 0.103125
25 0.209375 0.251563 0.034375 0.053125
11 0.191406 0.573438 0.0328125 0.075
13 0.246875 0.398438 0.040625 0.084375
1 0.492969 0.589844 0.0484375 0.0734375
11 0.492188 0.591406 0.046875 0.0703125
3 0.746875 0.435156 0.028125 0.0609375
35 0.132031 0.227344 0.0359375 0.0953125
35 0.253906 0.234375 0.0359375 0.084375
17 0.345313 0.584375 0.046875 0.084375
2 0.771094 0.778906 0.0546875 0.117188
5 0.565625 0.767969 0.025 0.0984375
25 0.441406 0.409375 0.0390625 0.090625
11 0.389062 0.425781 0.046875 0.0859375
21 0.360156 0.760938 0.0296875 0.0875
28 0.603125 0.222656 0.040625 0.0953125
30 0.621875 0.758594 0.025 0.117188
6 0.226562 0.585938 0.03125 0.075
21 0.4 0.771875 0.0375 0.0875
28 0.69375 0.225781 0.046875 0.0859375
18 0.0898438 0.740625 0.0359375 0.034375
29 0.0703125 0.578906 0.040625 0.101562
34 0.190625 0.159375 0.028125 0.03125
28 0.646875 0.216406 0.0375 0.0859375
2 0.830469 0.603906 0.107813 0.107813
21 0.329688 0.4125 0.025 0.0875
29 0.114844 0.401563 0.0359375 0.078125
20 0.510156 0.783594 0.0296875 0.0859375
25 0.553125 0.235938 0.046875 0.078125
36 0.155469 0.392969 0.0359375 0.0953125
20 0.48125 0.75 0.025 0.071875
35 0.365625 0.229687 0.05 0.096875
18 0.244531 0.763281 0.0390625 0.0921875
28 0.43125 0.228906 0.046875 0.0984375
18 0.197656 0.792969 0.0359375 0.0453125
34 0.169531 0.228906 0.0328125 0.0890625
28 0.382812 0.150781 0.04375 0.0515625
34 0.0945313 0.222656 0.0328125 0.101562
20 0.446094 0.778125 0.0328125 0.08125
12 0.844531 0.777344 0.0296875 0.0890625
28 0.485156 0.240625 0.0515625 0.084375
18 0.15 0.589844 0.0375 0.0609375
8 0.773438 0.224219 0.071875 0.104687
34 0.275781 0.15625 0.0296875 0.046875
34 0.5875 0.410937 0.046875 0.10625
