20 0.524219 0.635156 0.0515625 0.0609375
3 0.734375 0.504687 0.015625 0.04375
13 0.3875 0.364062 0.0375 0.053125
11 0.283594 0.507812 0.0265625 0.0375
6 0.217969 0.500781 0.0328125 0.0453125
30 0.648438 0.610937 0.015625 0.08125
34 0.757031 0.23125 0.0765625 0.05625
16 0.283594 0.507812 0.0265625 0.0375
11 0.3625 0.496875 0.025 0.05
26 0.519531 0.638281 0.0421875 0.0578125
36 0.285937 0.359375 0.021875 0.053125
16 0.395312 0.632812 0.028125 0.0625
32 0.364062 0.496875 0.025 0.05
13 0.33125 0.246094 0.03125 0.0421875
34 0.524219 0.5 0.0515625 0.0625
5 0.703125 0.632812 0.021875 0.065625
28 0.667969 0.233594 0.0203125 0.0484375
36 0.328125 0.614062 0.0375 0.071875
13 0.346875 0.367969 0.025 0.0546875
36 0.640625 0.233594 0.025 0.0484375
25 0.7 0.513281 0.04375 0.0296875
11 0.404687 0.499219 0.028125 0.0421875
2 0.764844 0.50625 0.0421875 0.046875
35 0.451562 0.235938 0.04375 0.046875
28 0.644531 0.2375 0.0328125 0.046875
14 0.514844 0.501562 0.0359375 0.05625
6 0.478125 0.497656 0.028125 0.0578125
11 0.321875 0.502344 0.034375 0.0390625
28 0.696875 0.235938 0.034375 0.046875
5 0.767187 0.642187 0.01875 0.06875
14 0.441406 0.50625 0.0328125 0.05
16 0.517187 0.377344 0.028125 0.0421875
23 0.3625 0.633594 0.03125 0.0515625
12 0.791406 0.363281 0.0234375 0.0703125
20 0.2 0.633594 0.025 0.0671875
33 0.701563 0.632031 0.01875 0.0640625
7 0.216406 0.500781 0.0296875 0.0484375
14 0.432031 0.367188 0.0296875 0.053125
11 0.475781 0.375781 0.0359375 0.0421875
29 0.214844 0.372656 0.0328125 0.0484375
36 0.267188 0.313281 0.034375 0.0359375
20 0.553906 0.635156 0.0203125 0.0640625
13 0.813281 0.503125 0.0390625 0.040625
30 0.635156 0.614844 0.0171875 0.0890625
6 0.253906 0.501562 0.0296875 0.04375
35 0.438281 0.239063 0.0265625 0.04375
18 0.284375 0.595312 0.0375 0.05625
12 0.809375 0.6375 0.025 0.065625
8 0.63125 0.496094 0.04375 0.0546875
29 0.180469 0.367188 0.0328125 0.05
34 0.296875 0.24375 0.028125 0.05
36 0.25625 0.365625 0.03125 0.059375
28 0.667188 0.364062 0.0375 0.0625
18 0.28125 0.646875 0.0375 0.040625
35 0.401563 0.235938 0.0375 0.046875
8 0.736719 0.232031 0.0359375 0.0578125
35 0.3625 0.235938 0.025 0.05
5 0.74375 0.639063 0.015625 0.0625
36 0.604688 0.235156 0.040625 0.0484375
29 0.172656 0.499219 0.0390625 0.0546875
28 0.516406 0.232812 0.0359375 0.05625
21 0.439844 0.625781 0.0234375 0.0609375
35 0.470313 0.234375 0.03125 0.05625
21 0.473437 0.63125 0.028125 0.065625
34 0.261719 0.2375 0.0296875 0.0625
34 0.420312 0.178906 0.028125 0.0421875
34 0.775781 0.230469 0.0328125 0.0578125
34 0.553906 0.49375 0.0328125 0.06875
18 0.559375 0.239844 0.0375 0.0453125
34 0.619531 0.366406 0.0359375 0.0609375
34 0.18125 0.235938 0.03125 0.059375
21 0.59375 0.630469 0.025 0.0640625
34 0.217187 0.234375 0.034375 0.065625
