35 0.399219 0.221875 0.0765625 0.040625
6 0.280469 0.488281 0.0859375 0.0515625
34 0.196094 0.2125 0.0609375 0.05625
28 0.272656 0.227344 0.0328125 0.0328125
36 0.329688 0.610937 0.0375 0.078125
18 0.189844 0.620313 0.0296875 0.059375
36 0.270312 0.3 0.040625 0.034375
4 0.399219 0.621094 0.0265625 0.0671875
5 0.604688 0.482031 0.021875 0.0640625
18 0.171094 0.614844 0.0171875 0.0453125
30 0.642187 0.610156 0.01875 0.0890625
5 0.751562 0.63125 0.01875 0.071875
8 0.755469 0.217969 0.0265625 0.0484375
7 0.18125 0.4875 0.071875 0.04375
18 0.235938 0.633594 0.0375 0.0453125
3 0.698438 0.496875 0.040625 0.03125
3 0.675781 0.497656 0.0171875 0.0359375
16 0.4 0.621094 0.025 0.0671875
12 0.799219 0.347656 0.0234375 0.0609375
20 0.535937 0.622656 0.01875 0.0609375
13 0.300781 0.488281 0.0421875 0.0546875
11 0.301562 0.485156 0.040625 0.0578125
18 0.720312 0.222656 0.040625 0.0453125
1 0.555469 0.485938 0.0265625 0.04375
12 0.604688 0.478906 0.021875 0.0703125
28 0.682031 0.220313 0.0234375 0.046875
34 0.486719 0.485938 0.0265625 0.053125
13 0.348437 0.352344 0.034375 0.0546875
6 0.486719 0.485938 0.0265625 0.053125
13 0.823438 0.492969 0.0375 0.0359375
14 0.522656 0.489062 0.0328125 0.046875
14 0.451562 0.489062 0.03125 0.05
2 0.776563 0.501562 0.059375 0.034375
16 0.53125 0.359375 0.03125 0.04375
11 0.339063 0.4875 0.028125 0.04375
30 0.65 0.608594 0.01875 0.0921875
20 0.194531 0.622656 0.0234375 0.0640625
14 0.444531 0.353906 0.0328125 0.0484375
28 0.617969 0.222656 0.0359375 0.0421875
5 0.776563 0.635938 0.01875 0.06875
28 0.576563 0.228125 0.034375 0.034375
34 0.241406 0.214062 0.0234375 0.059375
35 0.455469 0.226562 0.0265625 0.034375
29 0.210156 0.355469 0.0328125 0.0453125
33 0.725 0.636719 0.01875 0.0671875
26 0.485156 0.352344 0.0390625 0.0515625
33 0.703125 0.628906 0.0125 0.0640625
7 0.208594 0.488281 0.0328125 0.0484375
18 0.39375 0.358594 0.04375 0.0421875
29 0.176563 0.353906 0.03125 0.0484375
6 0.249219 0.488281 0.0359375 0.0453125
35 0.419531 0.221094 0.0328125 0.0421875
23 0.365625 0.622656 0.03125 0.0578125
20 0.514063 0.61875 0.021875 0.0625
18 0.277344 0.6375 0.0390625 0.040625
34 0.213281 0.211719 0.0265625 0.0609375
8 0.786719 0.217187 0.0453125 0.046875
36 0.619531 0.221875 0.0359375 0.04375
35 0.4875 0.221094 0.03125 0.0484375
34 0.177344 0.215625 0.0359375 0.05625
35 0.378125 0.221094 0.03125 0.0453125
28 0.653906 0.221875 0.0265625 0.046875
36 0.257812 0.351562 0.0375 0.05625
8 0.396094 0.475 0.0484375 0.065625
28 0.676562 0.352344 0.0375 0.0546875
18 0.28125 0.582812 0.0375 0.05
34 0.305469 0.351562 0.0328125 0.053125
29 0.165625 0.485938 0.0375 0.046875
34 0.304688 0.221094 0.028125 0.0515625
28 0.533594 0.220313 0.0359375 0.05
21 0.442969 0.61875 0.0234375 0.0625
34 0.339844 0.223438 0.0328125 0.05
34 0.632031 0.353125 0.0359375 0.053125
21 0.476562 0.619531 0.028125 0.0671875
20 0.557813 0.628906 0.021875 0.0640625
21 0.598437 0.620313 0.025 0.065625
