17 0.617969 0.567969 0.0390625 0.0390625
9 0.772656 0.258594 0.0453125 0.0546875
9 0.745313 0.4 0.03125 0.0625
7 0.149219 0.558594 0.0796875 0.0515625
17 0.54375 0.56875 0.03125 0.046875
23 0.378906 0.703125 0.0390625 0.05625
32 0.342187 0.554688 0.03125 0.053125
17 0.383594 0.559375 0.0328125 0.04375
34 0.357812 0.402344 0.034375 0.0734375
13 0.463281 0.407031 0.0390625 0.0609375
34 0.230469 0.25625 0.0796875 0.065625
9 0.778125 0.403125 0.0375 0.05625
34 0.635938 0.0867188 0.01875 0.0390625
29 0.696094 0.410156 0.0265625 0.0453125
12 0.286719 0.2625 0.0234375 0.059375
33 0.689062 0.705469 0.015625 0.0703125
6 0.20625 0.560156 0.025 0.0515625
17 0.416406 0.565625 0.0265625 0.046875
34 0.285937 0.260156 0.025 0.0609375
4 0.5125 0.409375 0.034375 0.053125
2 0.758594 0.559375 0.0453125 0.040625
14 0.500781 0.559375 0.0328125 0.059375
16 0.297656 0.7125 0.0328125 0.071875
34 0.246094 0.405469 0.0203125 0.0609375
20 0.446094 0.554688 0.0234375 0.06875
30 0.632031 0.684375 0.0203125 0.1
33 0.708594 0.710938 0.0203125 0.075
12 0.585938 0.55 0.021875 0.071875
26 0.463281 0.407031 0.0421875 0.0609375
29 0.177344 0.407031 0.0328125 0.0609375
13 0.317187 0.403906 0.034375 0.0640625
16 0.54375 0.56875 0.03125 0.04375
5 0.736719 0.705469 0.0171875 0.0796875
23 0.3375 0.702344 0.0375 0.0609375
13 0.804688 0.553125 0.040625 0.046875
7 0.174219 0.557813 0.0328125 0.053125
34 0.170312 0.2625 0.028125 0.059375
36 0.245312 0.405469 0.021875 0.0546875
35 0.341406 0.267188 0.0421875 0.053125
14 0.419531 0.408594 0.0359375 0.0609375
30 0.625 0.685938 0.01875 0.10625
21 0.422656 0.707031 0.0203125 0.0671875
35 0.357812 0.402344 0.034375 0.0734375
11 0.299219 0.560938 0.0421875 0.053125
5 0.760156 0.710156 0.0203125 0.0796875
20 0.514844 0.711719 0.0265625 0.0703125
35 0.389062 0.264844 0.0375 0.0515625
20 0.492188 0.701563 0.021875 0.065625
8 0.728906 0.258594 0.0265625 0.0578125
35 0.427344 0.270312 0.0296875 0.04375
28 0.55 0.264062 0.0375 0.053125
28 0.653906 0.263281 0.0359375 0.0578125
34 0.275 0.410156 0.03125 0.0546875
28 0.509375 0.264844 0.034375 0.0515625
36 0.216406 0.40625 0.0328125 0.0625
18 0.14375 0.696094 0.0375 0.0515625
28 0.69375 0.264062 0.0375 0.05625
18 0.196094 0.716406 0.0484375 0.0609375
28 0.65625 0.403906 0.0375 0.0609375
34 0.609375 0.405469 0.0375 0.0609375
29 0.128125 0.557813 0.040625 0.05625
34 0.210156 0.25625 0.0359375 0.071875
21 0.460156 0.689844 0.0265625 0.0703125
18 0.242188 0.560938 0.04375 0.053125
8 0.767969 0.25625 0.0453125 0.059375
36 0.685938 0.55 0.040625 0.078125
35 0.461719 0.264844 0.0359375 0.0546875
18 0.253125 0.664062 0.0375 0.0625
34 0.138281 0.401563 0.0421875 0.071875
18 0.251563 0.722656 0.040625 0.0484375
8 0.60625 0.257031 0.04375 0.0609375
21 0.580469 0.703125 0.0296875 0.071875
34 0.134375 0.259375 0.034375 0.0625
21 0.742969 0.401563 0.0265625 0.065625
34 0.250781 0.257812 0.0328125 0.065625
