3 0.755469 0.629687 0.0265625 0.10625
17 0.267969 0.314063 0.0453125 0.05625
16 0.4625 0.6375 0.0375 0.09375
3 0.665625 0.648438 0.034375 0.059375
3 0.73125 0.625 0.08125 0.1125
11 0.166406 0.638281 0.0484375 0.0984375
34 0.0710938 0.2875 0.0453125 0.1
14 0.366406 0.460938 0.0453125 0.084375
20 0.544531 0.8125 0.0671875 0.075
22 0.326562 0.796875 0.046875 0.078125
8 0.917969 0.235156 0.0765625 0.0921875
1 0.667188 0.649219 0.03125 0.0484375
3 0.760938 0.630469 0.0625 0.107813
19 0.327344 0.796094 0.0453125 0.0796875
12 0.682813 0.800781 0.01875 0.0984375
32 0.327344 0.621094 0.0359375 0.0890625
13 0.435937 0.446094 0.025 0.0859375
13 0.473437 0.448438 0.059375 0.0875
19 0.276563 0.8 0.046875 0.084375
3 0.728125 0.61875 0.025 0.115625
23 0.327344 0.796094 0.0453125 0.0796875
3 0.777344 0.630469 0.0265625 0.0984375
14 0.403125 0.448438 0.03125 0.084375
3 0.702344 0.621875 0.0234375 0.103125
27 0.885156 0.438281 0.0578125 0.104687
9 0.885156 0.438281 0.0578125 0.107813
26 0.529688 0.44375 0.040625 0.084375
31 0.50625 0.635156 0.0375 0.0890625
4 0.4625 0.635938 0.0375 0.0875
17 0.417188 0.629687 0.04375 0.090625
9 0.919531 0.236719 0.0765625 0.0796875
13 0.529688 0.44375 0.040625 0.084375
16 0.367188 0.633594 0.034375 0.0765625
26 0.474219 0.45 0.0609375 0.090625
30 0.682813 0.8 0.021875 0.103125
6 0.167969 0.635938 0.0453125 0.09375
23 0.378906 0.796094 0.0453125 0.0796875
5 0.770312 0.804688 0.025 0.0875
13 0.364062 0.460938 0.0375 0.0875
24 0.729688 0.446094 0.06875 0.0796875
1 0.620313 0.630469 0.05 0.0828125
29 0.071875 0.288281 0.046875 0.0984375
1 0.557813 0.639063 0.05 0.078125
28 0.604688 0.235938 0.05 0.096875
11 0.274219 0.653125 0.0453125 0.065625
35 0.332812 0.296875 0.05 0.084375
12 0.664844 0.225 0.0359375 0.1125
11 0.222656 0.647656 0.0453125 0.0703125
20 0.5625 0.811719 0.028125 0.0765625
34 0.178125 0.2875 0.04375 0.096875
28 0.742969 0.245312 0.0703125 0.078125
35 0.403125 0.232031 0.053125 0.110937
33 0.842969 0.811719 0.0265625 0.0859375
28 0.538281 0.235156 0.0578125 0.104687
36 0.264844 0.4625 0.0453125 0.090625
20 0.525781 0.813281 0.0296875 0.0796875
29 0.133594 0.466406 0.0484375 0.0796875
7 0.114844 0.640625 0.0453125 0.08125
7 0.059375 0.646094 0.05 0.0796875
29 0.0789063 0.461719 0.0484375 0.0828125
34 0.220313 0.296094 0.0375 0.0828125
8 0.838281 0.226562 0.0671875 0.109375
34 0.585938 0.435937 0.046875 0.1125
21 0.435937 0.810156 0.03125 0.0796875
12 0.624219 0.782031 0.0296875 0.0796875
36 0.190625 0.4625 0.05 0.084375
28 0.473437 0.235938 0.05625 0.1
34 0.653125 0.439844 0.05 0.107813
21 0.476562 0.814062 0.0375 0.075
18 0.0664062 0.810938 0.0453125 0.084375
18 0.167969 0.808594 0.0453125 0.0828125
34 0.125781 0.284375 0.0484375 0.103125
18 0.117969 0.810156 0.0453125 0.0828125
2 0.870313 0.625781 0.125 0.117188
18 0.220313 0.810938 0.05 0.08125
