2 0.699219 0.610937 0.0203125 0.034375
4 0.622656 0.484375 0.0390625 0.034375
11 0.23125 0.480469 0.034375 0.0453125
4 0.558594 0.609375 0.0296875 0.025
26 0.445312 0.479688 0.028125 0.046875
3 0.6375 0.6 0.01875 0.05625
18 0.235156 0.721875 0.0234375 0.053125
9 0.513281 0.478125 0.0359375 0.046875
21 0.401563 0.721094 0.034375 0.0609375
18 0.21875 0.723437 0.046875 0.05
26 0.332031 0.471094 0.0359375 0.0546875
3 0.671094 0.597656 0.0359375 0.0234375
17 0.414062 0.607813 0.034375 0.040625
24 0.621094 0.483594 0.0390625 0.0328125
3 0.777344 0.611719 0.0453125 0.0328125
27 0.511719 0.478125 0.0359375 0.046875
13 0.333594 0.471094 0.0359375 0.0578125
26 0.473437 0.475 0.025 0.05
19 0.333594 0.717188 0.0359375 0.05
18 0.138281 0.732031 0.0703125 0.0453125
11 0.165625 0.6 0.034375 0.05625
16 0.546875 0.482812 0.025 0.0375
23 0.297656 0.713281 0.0328125 0.0484375
11 0.200781 0.601562 0.0265625 0.040625
2 0.78125 0.611719 0.046875 0.0328125
31 0.526563 0.601562 0.028125 0.046875
26 0.405469 0.475781 0.0296875 0.0515625
23 0.333594 0.717969 0.0359375 0.0484375
9 0.771094 0.364844 0.0421875 0.0328125
31 0.451562 0.598437 0.021875 0.0375
33 0.642969 0.723437 0.0203125 0.0625
8 0.682813 0.357812 0.028125 0.046875
8 0.717969 0.360156 0.0515625 0.0390625
14 0.301562 0.594531 0.034375 0.0546875
28 0.58125 0.358594 0.025 0.0484375
33 0.666406 0.728125 0.0171875 0.0625
11 0.242188 0.607813 0.040625 0.040625
27 0.682031 0.475 0.0359375 0.05
5 0.633594 0.6 0.0171875 0.059375
35 0.340625 0.357812 0.03125 0.046875
14 0.370313 0.473437 0.034375 0.053125
21 0.4125 0.721875 0.021875 0.0625
5 0.688281 0.732031 0.0203125 0.0609375
34 0.301562 0.35625 0.034375 0.053125
8 0.717188 0.316406 0.0375 0.0390625
21 0.285937 0.472656 0.028125 0.0578125
28 0.648438 0.360156 0.0375 0.0484375
18 0.140625 0.68125 0.040625 0.05
20 0.45 0.729688 0.025 0.059375
30 0.588281 0.702344 0.0171875 0.0859375
6 0.163281 0.599219 0.0328125 0.0578125
20 0.475781 0.726562 0.0234375 0.059375
35 0.375781 0.361719 0.0359375 0.0421875
28 0.610937 0.35625 0.03125 0.05625
28 0.503125 0.355469 0.034375 0.0546875
29 0.119531 0.479688 0.0359375 0.04375
29 0.0773437 0.479688 0.0390625 0.05
1 0.4875 0.607813 0.0375 0.04375
18 0.119531 0.732813 0.0328125 0.046875
34 0.142188 0.351562 0.028125 0.059375
18 0.078125 0.740625 0.040625 0.040625
28 0.460156 0.360156 0.0390625 0.0453125
34 0.0953125 0.347656 0.0375 0.0640625
18 0.160156 0.73125 0.0390625 0.05
28 0.545313 0.357031 0.0375 0.0515625
12 0.722656 0.7375 0.0296875 0.06875
21 0.735937 0.475 0.025 0.05625
12 0.754687 0.732031 0.028125 0.0671875
36 0.68125 0.475 0.034375 0.05625
18 0.203906 0.725781 0.0390625 0.0515625
34 0.257812 0.353906 0.034375 0.0578125
21 0.260938 0.728906 0.025 0.0640625
35 0.414844 0.354688 0.0328125 0.05625
34 0.216406 0.351562 0.0328125 0.059375
36 0.159375 0.472656 0.0375 0.0546875
18 0.08125 0.69375 0.040625 0.053125
34 0.176563 0.347656 0.0375 0.0640625
36 0.196875 0.472656 0.028125 0.0546875
34 0.733594 0.597656 0.0359375 0.0671875
