6 0.154687 0.657812 0.096875 0.075
22 0.326562 0.813281 0.04375 0.0734375
30 0.632812 0.817969 0.034375 0.0828125
5 0.833594 0.825781 0.0296875 0.0828125
1 0.699219 0.674219 0.0359375 0.0453125
20 0.551562 0.814062 0.065625 0.075
35 0.392969 0.315625 0.0453125 0.09375
16 0.386719 0.654688 0.0640625 0.084375
32 0.376563 0.655469 0.040625 0.0828125
18 0.279687 0.815625 0.040625 0.078125
3 0.773438 0.659375 0.028125 0.084375
11 0.265625 0.657031 0.103125 0.0703125
3 0.760156 0.657812 0.0421875 0.075
19 0.280469 0.817187 0.0421875 0.078125
19 0.327344 0.8125 0.0421875 0.075
8 0.755469 0.485938 0.0578125 0.0875
23 0.326562 0.813281 0.04375 0.0734375
4 0.432031 0.659375 0.0359375 0.06875
35 0.374219 0.311719 0.0234375 0.0921875
16 0.432031 0.660156 0.0359375 0.0671875
36 0.215625 0.511719 0.0625 0.0390625
5 0.777344 0.822656 0.0234375 0.0796875
26 0.507031 0.4875 0.0546875 0.0875
13 0.394531 0.483594 0.0515625 0.0859375
31 0.564844 0.653906 0.0296875 0.0703125
1 0.605469 0.664062 0.0453125 0.065625
36 0.629687 0.475781 0.04375 0.0859375
26 0.569531 0.49375 0.0546875 0.078125
13 0.322656 0.485938 0.0484375 0.084375
9 0.817969 0.4875 0.0546875 0.090625
17 0.479688 0.65625 0.04375 0.075
36 0.220313 0.464063 0.04375 0.059375
4 0.523438 0.658594 0.034375 0.0734375
24 0.753125 0.488281 0.0625 0.0890625
11 0.292969 0.657812 0.0453125 0.06875
23 0.380469 0.813281 0.0484375 0.0734375
30 0.686719 0.805469 0.0203125 0.0953125
9 0.935156 0.484375 0.0578125 0.096875
12 0.629687 0.814062 0.03125 0.084375
14 0.45 0.489062 0.046875 0.078125
11 0.235938 0.657031 0.04375 0.0703125
6 0.185156 0.658594 0.0421875 0.0734375
7 0.128906 0.65625 0.0453125 0.075
9 0.878906 0.490625 0.0546875 0.0875
33 0.833594 0.826563 0.0265625 0.078125
1 0.657812 0.664062 0.046875 0.065625
36 0.272656 0.482031 0.0421875 0.0890625
20 0.534375 0.814062 0.028125 0.075
2 0.879687 0.658594 0.125 0.101562
34 0.567969 0.308594 0.0484375 0.107813
29 0.141406 0.489062 0.0484375 0.078125
7 0.0773437 0.658594 0.0421875 0.0703125
20 0.571094 0.814062 0.0296875 0.075
35 0.510938 0.314063 0.05 0.1
35 0.460156 0.323438 0.0421875 0.078125
21 0.445312 0.80625 0.034375 0.078125
29 0.084375 0.488281 0.05 0.0765625
35 0.411719 0.315625 0.0453125 0.09375
28 0.689062 0.317969 0.046875 0.0921875
35 0.335938 0.3125 0.04375 0.096875
18 0.142188 0.814062 0.04375 0.075
34 0.0679687 0.30625 0.0453125 0.109375
28 0.632031 0.317187 0.0484375 0.09375
18 0.0953125 0.810156 0.046875 0.0796875
28 0.740625 0.317187 0.046875 0.0875
8 0.857031 0.309375 0.0671875 0.1
18 0.235156 0.814844 0.0421875 0.0765625
18 0.1875 0.813281 0.04375 0.0796875
34 0.170312 0.3125 0.05 0.09375
34 0.116406 0.310937 0.0484375 0.096875
28 0.791406 0.317187 0.0484375 0.090625
8 0.93125 0.309375 0.075 0.103125
34 0.28125 0.314844 0.046875 0.0921875
34 0.227344 0.316406 0.0484375 0.0890625
21 0.48125 0.809375 0.034375 0.075
