34 0.119531 0.315625 0.0296875 0.0375
28 0.669531 0.35 0.0359375 0.059375
28 0.663281 0.348437 0.0953125 0.059375
20 0.809375 0.811719 0.040625 0.0796875
17 0.320312 0.642187 0.04375 0.065625
34 0.478125 0.646094 0.0375 0.0765625
16 0.248437 0.639063 0.03125 0.06875
36 0.432813 0.492969 0.025 0.0640625
18 0.203125 0.796875 0.040625 0.065625
28 0.553125 0.347656 0.09375 0.0640625
34 0.217969 0.346094 0.0703125 0.0609375
28 0.783594 0.346094 0.0359375 0.0640625
18 0.121875 0.78125 0.021875 0.0375
2 0.785156 0.510938 0.0265625 0.034375
2 0.9 0.657812 0.05 0.040625
34 0.280469 0.352344 0.0640625 0.0546875
2 0.81875 0.64375 0.0625 0.04375
14 0.429688 0.652344 0.0375 0.0671875
34 0.786719 0.346094 0.0359375 0.0640625
27 0.592188 0.494531 0.04375 0.0609375
9 0.85625 0.492969 0.034375 0.0671875
26 0.320312 0.642187 0.04375 0.065625
36 0.592969 0.496094 0.0421875 0.0578125
19 0.203125 0.796094 0.040625 0.0640625
3 0.784375 0.510156 0.025 0.0328125
1 0.6125 0.635938 0.034375 0.065625
23 0.15625 0.799219 0.04375 0.0671875
9 0.823438 0.489844 0.025 0.0671875
21 0.346094 0.803125 0.0296875 0.08125
7 0.274219 0.5 0.0359375 0.05
14 0.527344 0.650781 0.0421875 0.0703125
19 0.155469 0.799219 0.0421875 0.0640625
33 0.849219 0.804688 0.0203125 0.071875
18 0.399219 0.623438 0.0265625 0.04375
16 0.532812 0.502344 0.0375 0.0546875
5 0.626562 0.803906 0.021875 0.0828125
18 0.288281 0.353125 0.0484375 0.05625
25 0.740625 0.657031 0.05 0.0421875
21 0.432813 0.49375 0.021875 0.065625
30 0.671875 0.78125 0.021875 0.1125
2 0.810938 0.811719 0.04375 0.0796875
11 0.133594 0.739844 0.0390625 0.0421875
11 0.48125 0.503125 0.04375 0.05625
13 0.325 0.494531 0.04375 0.0703125
6 0.478906 0.646094 0.0390625 0.0765625
35 0.204688 0.344531 0.040625 0.0671875
36 0.388281 0.346094 0.0453125 0.0609375
36 0.300781 0.782031 0.0453125 0.101562
11 0.11875 0.501562 0.040625 0.053125
28 0.628125 0.349219 0.0375 0.0609375
35 0.435156 0.349219 0.0328125 0.0578125
29 0.172656 0.496094 0.0390625 0.0578125
20 0.576563 0.815625 0.025 0.06875
8 0.785156 0.345313 0.0390625 0.065625
7 0.161719 0.633594 0.0265625 0.0609375
8 0.657812 0.639844 0.05 0.0796875
29 0.111719 0.641406 0.0453125 0.0703125
34 0.246094 0.346094 0.0328125 0.0609375
21 0.474219 0.807813 0.0328125 0.078125
28 0.690625 0.349219 0.040625 0.0609375
20 0.549219 0.790625 0.0234375 0.0625
28 0.741406 0.346094 0.0421875 0.0671875
12 0.874219 0.8 0.0265625 0.08125
20 0.517969 0.811719 0.0296875 0.0703125
28 0.576563 0.35 0.04375 0.059375
34 0.573438 0.638281 0.0375 0.0859375
18 0.246875 0.802344 0.04375 0.0640625
36 0.228125 0.483594 0.04375 0.0765625
36 0.388281 0.494531 0.0453125 0.0703125
28 0.528906 0.34375 0.0421875 0.065625
35 0.342187 0.346094 0.0375 0.0671875
35 0.475781 0.344531 0.0390625 0.0640625
34 0.158594 0.335156 0.0390625 0.0796875
21 0.76875 0.807813 0.03125 0.075
34 0.416406 0.280469 0.0359375 0.0515625
18 0.392969 0.797656 0.0453125 0.0671875
18 0.202344 0.65 0.0421875 0.053125
21 0.442187 0.78125 0.025 0.06875
34 0.652344 0.489844 0.0390625 0.0765625
34 0.825781 0.34375 0.0390625 0.065625
