17 0.495313 0.527344 0.025 0.0421875
22 0.382031 0.7625 0.0265625 0.046875
34 0.19375 0.389844 0.075 0.0671875
11 0.299219 0.525 0.0296875 0.04375
33 0.665625 0.773438 0.034375 0.05625
35 0.329688 0.4 0.025 0.053125
14 0.463281 0.520312 0.0234375 0.046875
35 0.457031 0.401563 0.0609375 0.05
22 0.315625 0.761719 0.03125 0.0484375
12 0.558594 0.769531 0.0234375 0.0609375
20 0.464063 0.746875 0.021875 0.059375
31 0.43125 0.642187 0.025 0.053125
32 0.351562 0.639063 0.025 0.05
3 0.685156 0.646875 0.0296875 0.025
19 0.314844 0.763281 0.0328125 0.0484375
23 0.400781 0.761719 0.0328125 0.0453125
2 0.685938 0.645312 0.03125 0.025
23 0.315625 0.760938 0.03125 0.05
25 0.303906 0.403906 0.0296875 0.0421875
18 0.185937 0.730469 0.09375 0.0453125
31 0.495313 0.65 0.028125 0.04375
24 0.176563 0.636719 0.040625 0.0703125
11 0.239844 0.641406 0.0328125 0.0515625
34 0.328906 0.400781 0.0234375 0.0515625
21 0.708594 0.521094 0.0640625 0.0578125
30 0.615625 0.753125 0.015625 0.078125
23 0.380469 0.764063 0.0265625 0.046875
17 0.59375 0.657812 0.034375 0.034375
2 0.782812 0.661719 0.04375 0.0328125
28 0.616406 0.401563 0.0265625 0.053125
18 0.163281 0.759375 0.0390625 0.053125
13 0.400781 0.514844 0.0296875 0.0609375
11 0.273438 0.644531 0.025 0.0421875
35 0.390625 0.398438 0.021875 0.05625
5 0.698438 0.778906 0.015625 0.0671875
28 0.639844 0.400781 0.0296875 0.0546875
1 0.559375 0.638281 0.028125 0.0484375
14 0.433594 0.517969 0.0265625 0.0546875
30 0.605469 0.753125 0.0171875 0.0875
33 0.657031 0.769531 0.0171875 0.0578125
5 0.65625 0.648438 0.015625 0.059375
20 0.516406 0.773438 0.0203125 0.059375
1 0.528906 0.651563 0.0296875 0.04375
35 0.404687 0.4 0.028125 0.05
21 0.553906 0.521094 0.0234375 0.0546875
11 0.310937 0.649219 0.040625 0.0453125
23 0.349219 0.759375 0.0328125 0.05
6 0.2375 0.642187 0.03125 0.05625
21 0.463281 0.745313 0.0234375 0.05625
28 0.510156 0.404687 0.0328125 0.046875
29 0.2 0.524219 0.03125 0.0421875
35 0.4375 0.403906 0.03125 0.0453125
29 0.159375 0.521875 0.0375 0.046875
21 0.745313 0.521875 0.025 0.0625
34 0.264844 0.389062 0.0359375 0.0625
20 0.49375 0.771875 0.021875 0.05625
18 0.164062 0.782812 0.0375 0.04375
35 0.3625 0.4 0.028125 0.05625
28 0.673437 0.399219 0.03125 0.0578125
36 0.235156 0.517969 0.0328125 0.0546875
18 0.277344 0.76875 0.0328125 0.053125
21 0.641406 0.519531 0.0234375 0.0609375
35 0.471875 0.398438 0.028125 0.05625
18 0.21875 0.724219 0.0375 0.0453125
28 0.547656 0.399219 0.0328125 0.0578125
18 0.202344 0.776563 0.0296875 0.046875
28 0.584375 0.401563 0.03125 0.053125
34 0.588281 0.524219 0.0328125 0.0515625
8 0.344531 0.508594 0.0421875 0.0765625
36 0.267969 0.5125 0.0234375 0.05625
34 0.173438 0.389844 0.034375 0.0703125
34 0.739844 0.644531 0.0265625 0.0671875
36 0.698438 0.521094 0.03125 0.0578125
18 0.239844 0.775 0.0359375 0.053125
8 0.721875 0.395312 0.046875 0.0625
18 0.166406 0.735156 0.0390625 0.0515625
12 0.753906 0.78125 0.0234375 0.065625
34 0.225781 0.390625 0.0328125 0.065625
12 0.726562 0.783594 0.025 0.0640625
21 0.560156 0.76875 0.0234375 0.0625
