36 0.4 0.416406 0.040625 0.0921875
26 0.533594 0.453125 0.0359375 0.08125
10 0.871094 0.275781 0.0640625 0.0484375
3 0.732031 0.636719 0.0359375 0.0890625
19 0.396875 0.795313 0.04375 0.084375
5 0.800781 0.840625 0.0265625 0.084375
1 0.635938 0.460938 0.05625 0.059375
28 0.68125 0.274219 0.03125 0.0671875
32 0.460156 0.64375 0.0296875 0.090625
36 0.375 0.41875 0.090625 0.090625
13 0.532812 0.454688 0.034375 0.075
15 0.636719 0.459375 0.0546875 0.0625
9 0.836719 0.442187 0.0484375 0.09375
3 0.690625 0.630469 0.075 0.101562
19 0.348437 0.798437 0.04375 0.084375
9 0.869531 0.272656 0.0640625 0.0546875
27 0.577344 0.457812 0.0484375 0.06875
32 0.396875 0.613281 0.0375 0.0984375
31 0.496875 0.638281 0.034375 0.0890625
3 0.669531 0.63125 0.0234375 0.096875
27 0.8375 0.444531 0.05 0.0953125
16 0.458594 0.642187 0.0296875 0.08125
34 0.158594 0.217187 0.0234375 0.1
36 0.322656 0.414844 0.0296875 0.0984375
24 0.6375 0.459375 0.05625 0.059375
23 0.396875 0.794531 0.04375 0.0859375
4 0.458594 0.642187 0.0296875 0.084375
6 0.25 0.614844 0.04375 0.0921875
28 0.610937 0.269531 0.040625 0.0765625
5 0.73125 0.828906 0.025 0.0890625
35 0.4625 0.26875 0.03125 0.084375
30 0.652344 0.820312 0.0234375 0.128125
33 0.801562 0.839063 0.025 0.084375
13 0.398438 0.419531 0.0375 0.0890625
28 0.655469 0.271875 0.0390625 0.06875
7 0.146094 0.61875 0.0484375 0.084375
29 0.222656 0.423438 0.0453125 0.084375
11 0.350781 0.63125 0.0421875 0.071875
24 0.701563 0.459375 0.05625 0.0625
1 0.54375 0.645312 0.046875 0.078125
36 0.277344 0.415625 0.0484375 0.09375
1 0.598437 0.6375 0.04375 0.08125
34 0.486719 0.440625 0.0484375 0.115625
11 0.300781 0.623438 0.0421875 0.075
12 0.5875 0.83125 0.028125 0.09375
20 0.501562 0.836719 0.028125 0.0890625
36 0.354688 0.414844 0.040625 0.0984375
20 0.534375 0.835938 0.028125 0.084375
7 0.200781 0.615625 0.0421875 0.08125
2 0.816406 0.63125 0.120312 0.10625
8 0.79375 0.261719 0.059375 0.0828125
28 0.558594 0.271875 0.0453125 0.071875
28 0.507812 0.272656 0.04375 0.0703125
28 0.725 0.274219 0.053125 0.0640625
21 0.453906 0.832031 0.0328125 0.101562
29 0.160938 0.426562 0.05625 0.08125
35 0.415625 0.225 0.046875 0.090625
34 0.361719 0.225 0.0484375 0.090625
18 0.24375 0.805469 0.04375 0.0828125
18 0.196094 0.80625 0.0421875 0.084375
34 0.310156 0.224219 0.0421875 0.0921875
18 0.292969 0.809375 0.0484375 0.084375
34 0.259375 0.214844 0.046875 0.101562
18 0.147656 0.807031 0.0484375 0.0890625
34 0.19375 0.215625 0.05 0.103125
