26 0.384375 0.5375 0.03125 0.053125
1 0.592969 0.530469 0.0296875 0.0640625
25 0.385156 0.5375 0.0328125 0.053125
34 0.415625 0.190625 0.0625 0.046875
8 0.707812 0.241406 0.028125 0.0703125
28 0.585156 0.252344 0.0796875 0.0515625
10 0.828906 0.257031 0.0421875 0.0328125
17 0.314844 0.540625 0.0453125 0.059375
34 0.244531 0.242969 0.0203125 0.0671875
5 0.708594 0.389062 0.0234375 0.065625
19 0.149219 0.7 0.0421875 0.06875
16 0.338281 0.69375 0.0359375 0.078125
32 0.521875 0.400781 0.03125 0.0515625
34 0.192969 0.242188 0.0859375 0.075
33 0.803906 0.696094 0.0203125 0.0796875
16 0.245312 0.538281 0.03125 0.0640625
9 0.782031 0.3875 0.0234375 0.0625
12 0.600781 0.688281 0.0203125 0.0765625
36 0.275781 0.395312 0.0359375 0.065625
2 0.850781 0.550781 0.0484375 0.0390625
9 0.830469 0.257031 0.0421875 0.0328125
11 0.646875 0.701563 0.0375 0.071875
19 0.195312 0.698438 0.0375 0.0625
35 0.391406 0.249219 0.0421875 0.0609375
28 0.477344 0.202344 0.0328125 0.0234375
2 0.778906 0.539062 0.0453125 0.04375
34 0.744531 0.244531 0.0328125 0.0640625
35 0.307031 0.249219 0.0265625 0.0609375
35 0.278906 0.252344 0.0453125 0.0546875
26 0.314063 0.540625 0.046875 0.059375
25 0.70625 0.55 0.040625 0.040625
13 0.322656 0.390625 0.0453125 0.065625
6 0.475781 0.538281 0.0328125 0.0671875
34 0.307031 0.247656 0.0265625 0.0640625
21 0.4375 0.389062 0.021875 0.0625
20 0.536719 0.676562 0.0203125 0.053125
5 0.603125 0.691406 0.021875 0.0828125
14 0.517969 0.541406 0.0359375 0.0640625
36 0.275 0.252344 0.034375 0.0578125
13 0.377344 0.392188 0.0359375 0.05625
14 0.432813 0.54375 0.034375 0.0625
36 0.390625 0.25 0.040625 0.059375
8 0.745313 0.242969 0.034375 0.0671875
35 0.275781 0.396094 0.0359375 0.0609375
11 0.478125 0.399219 0.0375 0.0546875
2 0.770312 0.70625 0.046875 0.084375
28 0.607813 0.251563 0.03125 0.053125
16 0.521875 0.399219 0.028125 0.0515625
35 0.439063 0.254687 0.028125 0.053125
7 0.163281 0.530469 0.0265625 0.0578125
29 0.176563 0.396875 0.040625 0.05625
20 0.560156 0.703906 0.0234375 0.0671875
28 0.657812 0.252344 0.034375 0.0546875
11 0.124219 0.4 0.0390625 0.053125
36 0.290625 0.68125 0.04375 0.10625
29 0.110156 0.541406 0.0453125 0.0703125
12 0.828906 0.694531 0.0234375 0.0796875
35 0.345313 0.246875 0.040625 0.06875
28 0.519531 0.248437 0.0359375 0.0625
20 0.509375 0.697656 0.025 0.0703125
8 0.633594 0.53125 0.0453125 0.075
34 0.430469 0.191406 0.0265625 0.0453125
28 0.561719 0.250781 0.0390625 0.0546875
21 0.438281 0.666406 0.0234375 0.0671875
21 0.729688 0.696875 0.028125 0.078125
35 0.473437 0.25 0.034375 0.059375
34 0.557031 0.530469 0.0359375 0.0828125
18 0.391406 0.685156 0.0515625 0.0640625
21 0.708594 0.242969 0.0296875 0.0703125
34 0.399219 0.186719 0.0296875 0.0484375
36 0.23125 0.385938 0.040625 0.06875
34 0.167969 0.240625 0.0390625 0.078125
34 0.782031 0.242969 0.0390625 0.0671875
18 0.200781 0.546875 0.0421875 0.05
34 0.628125 0.386719 0.0375 0.0734375
18 0.472656 0.692969 0.0390625 0.0671875
34 0.216406 0.239844 0.0359375 0.0765625
18 0.239844 0.700781 0.0453125 0.0671875
34 0.126563 0.242188 0.0375 0.071875
