36 0.725781 0.330469 0.0171875 0.0484375
34 0.346875 0.226562 0.075 0.040625
34 0.298438 0.221875 0.084375 0.046875
36 0.25625 0.29375 0.046875 0.025
28 0.564844 0.226562 0.0703125 0.04375
25 0.771875 0.2375 0.0375 0.021875
2 0.71875 0.45625 0.025 0.03125
28 0.653906 0.227344 0.0734375 0.0421875
31 0.430469 0.449219 0.0265625 0.0453125
26 0.499219 0.345313 0.0265625 0.0375
17 0.596094 0.460156 0.0359375 0.0265625
19 0.314063 0.563281 0.034375 0.0453125
28 0.529688 0.225781 0.065625 0.0421875
2 0.786719 0.458594 0.0390625 0.0265625
18 0.192969 0.526563 0.0921875 0.040625
21 0.719531 0.333594 0.0796875 0.0453125
28 0.622656 0.227344 0.0328125 0.0453125
26 0.460938 0.3375 0.025 0.040625
35 0.411719 0.228906 0.0265625 0.0390625
30 0.61875 0.545313 0.015625 0.075
8 0.672656 0.227344 0.0328125 0.0421875
33 0.682813 0.565625 0.015625 0.05625
5 0.658594 0.447656 0.0171875 0.0515625
16 0.258594 0.341406 0.0265625 0.0421875
13 0.39375 0.332812 0.03125 0.053125
26 0.39375 0.332812 0.03125 0.053125
23 0.390625 0.560156 0.040625 0.0453125
11 0.314844 0.45 0.0328125 0.04375
30 0.611719 0.547656 0.0171875 0.0765625
5 0.704687 0.564844 0.01875 0.0609375
14 0.432031 0.3375 0.0296875 0.046875
33 0.6625 0.560156 0.015625 0.0578125
30 0.605469 0.550781 0.0140625 0.0703125
18 0.2375 0.563281 0.025 0.0359375
35 0.401563 0.228125 0.028125 0.040625
1 0.563281 0.442969 0.0296875 0.0421875
7 0.198437 0.449219 0.03125 0.0453125
1 0.53125 0.454688 0.028125 0.034375
28 0.636719 0.226562 0.0328125 0.046875
23 0.348437 0.558594 0.03125 0.0484375
6 0.235938 0.446094 0.03125 0.0453125
34 0.590625 0.335938 0.034375 0.040625
35 0.436719 0.23125 0.0296875 0.0375
20 0.496094 0.567187 0.0234375 0.05625
36 0.7 0.334375 0.03125 0.046875
7 0.165625 0.446875 0.028125 0.04375
29 0.207031 0.336719 0.0296875 0.0421875
28 0.672656 0.227344 0.0328125 0.0453125
8 0.275 0.442969 0.0375 0.0578125
18 0.271875 0.565625 0.0375 0.046875
21 0.461719 0.547656 0.0234375 0.0546875
20 0.519531 0.567187 0.0203125 0.05625
28 0.508594 0.230469 0.0328125 0.0390625
34 0.325781 0.225781 0.0328125 0.0453125
34 0.367188 0.227344 0.03125 0.0421875
34 0.234375 0.220313 0.034375 0.053125
35 0.46875 0.227344 0.028125 0.0453125
21 0.748438 0.335156 0.021875 0.0515625
21 0.554688 0.335156 0.025 0.0484375
12 0.732031 0.56875 0.0265625 0.059375
34 0.185937 0.217969 0.03125 0.0578125
28 0.545313 0.225781 0.03125 0.0484375
18 0.202344 0.574219 0.0390625 0.0421875
29 0.167969 0.335938 0.0359375 0.040625
18 0.382812 0.45 0.040625 0.040625
18 0.163281 0.575781 0.0359375 0.0421875
28 0.584375 0.228125 0.03125 0.04375
21 0.564844 0.560938 0.0234375 0.053125
8 0.721094 0.222656 0.0421875 0.0453125
34 0.274219 0.221094 0.0296875 0.0515625
18 0.219531 0.525 0.0359375 0.046875
21 0.642969 0.333594 0.0203125 0.0515625
18 0.169531 0.53125 0.0359375 0.04375
12 0.760938 0.565625 0.025 0.059375
