35 0.539844 0.172656 0.0296875 0.0765625
16 0.732031 0.784375 0.0296875 0.06875
7 0.146094 0.771875 0.0515625 0.103125
35 0.380469 0.180469 0.0515625 0.123438
17 0.532812 0.538281 0.028125 0.0953125
19 0.309375 0.701563 0.04375 0.075
28 0.5875 0.15 0.04375 0.03125
17 0.448438 0.542969 0.040625 0.0734375
14 0.692187 0.192969 0.025 0.0859375
13 0.359375 0.370313 0.0375 0.0875
11 0.234375 0.378906 0.046875 0.0890625
32 0.371875 0.542188 0.0375 0.090625
16 0.371875 0.542969 0.0375 0.0890625
3 0.767187 0.547656 0.01875 0.123438
36 0.883594 0.369531 0.0484375 0.104687
14 0.490625 0.189844 0.046875 0.0921875
3 0.792188 0.564062 0.01875 0.0875
33 0.870313 0.754687 0.021875 0.090625
26 0.536719 0.386719 0.0421875 0.0734375
3 0.789062 0.371875 0.03125 0.075
21 0.177344 0.176563 0.0578125 0.1
13 0.826563 0.564062 0.040625 0.078125
25 0.571094 0.760938 0.0390625 0.1
16 0.573438 0.204688 0.034375 0.075
33 0.761719 0.375781 0.0203125 0.0859375
31 0.567187 0.548437 0.028125 0.096875
36 0.645312 0.371875 0.04375 0.0875
19 0.25625 0.7125 0.053125 0.0875
27 0.882812 0.370313 0.05 0.1
3 0.823438 0.565625 0.0375 0.084375
4 0.532812 0.533594 0.028125 0.0921875
1 0.235938 0.379687 0.046875 0.0875
19 0.36875 0.748438 0.053125 0.09375
18 0.439063 0.683594 0.06875 0.0734375
16 0.532812 0.534375 0.028125 0.090625
2 0.836719 0.753125 0.0421875 0.14375
11 0.538281 0.385938 0.0390625 0.071875
3 0.827344 0.391406 0.0203125 0.0578125
29 0.488281 0.192188 0.0484375 0.0875
5 0.690625 0.55 0.021875 0.1
20 0.571875 0.761719 0.0375 0.101562
25 0.319531 0.202344 0.0515625 0.0609375
17 0.492188 0.553125 0.0375 0.0875
16 0.407031 0.542188 0.0265625 0.0875
13 0.403906 0.361719 0.0421875 0.0859375
6 0.21875 0.517187 0.040625 0.053125
11 0.146094 0.775 0.0484375 0.1
14 0.496875 0.360938 0.03125 0.084375
28 0.732813 0.189844 0.04375 0.0890625
30 0.705469 0.747656 0.0203125 0.129688
14 0.449219 0.360938 0.0390625 0.084375
1 0.657031 0.55625 0.0390625 0.084375
9 0.911719 0.188281 0.0546875 0.0828125
29 0.177344 0.374219 0.0453125 0.0890625
36 0.288281 0.358594 0.0421875 0.101562
20 0.614062 0.567969 0.028125 0.0859375
2 0.888281 0.566406 0.0890625 0.107813
25 0.583594 0.369531 0.0328125 0.0890625
12 0.65 0.720312 0.028125 0.09375
35 0.43125 0.190625 0.046875 0.090625
7 0.111719 0.552344 0.0421875 0.0953125
21 0.521875 0.757812 0.03125 0.1
7 0.158594 0.567969 0.0484375 0.0921875
18 0.205469 0.758594 0.0453125 0.101562
6 0.3125 0.571875 0.04375 0.0875
12 0.896875 0.750781 0.025 0.0984375
11 0.264844 0.55625 0.0390625 0.084375
11 0.120312 0.385938 0.05 0.075
28 0.628906 0.19375 0.0421875 0.090625
18 0.258594 0.788281 0.0453125 0.0453125
28 0.783594 0.194531 0.0484375 0.0796875
18 0.2125 0.578125 0.046875 0.065625
34 0.700781 0.36875 0.0453125 0.109375
34 0.788281 0.74375 0.0421875 0.140625
8 0.85 0.182031 0.05625 0.107813
21 0.211719 0.185937 0.0390625 0.096875
34 0.16875 0.175 0.040625 0.1125
20 0.607813 0.760938 0.025 0.096875
29 0.115625 0.185156 0.053125 0.0984375
34 0.2625 0.182812 0.046875 0.10625
34 0.377344 0.178906 0.0484375 0.117188
