17 0.373437 0.607031 0.03125 0.0515625
10 0.548437 0.403125 0.046875 0.04375
28 0.472656 0.167969 0.107813 0.0671875
28 0.585938 0.175781 0.09375 0.0546875
32 0.328906 0.6125 0.0484375 0.065625
7 0.0492188 0.604688 0.0328125 0.05625
9 0.547656 0.4 0.0421875 0.046875
25 0.0210938 0.0578125 0.0359375 0.05625
4 0.460156 0.635156 0.0421875 0.0296875
31 0.509375 0.629687 0.0375 0.0375
22 0.328125 0.820312 0.05 0.096875
19 0.274219 0.821875 0.0515625 0.1
34 0.124219 0.157031 0.0984375 0.0921875
34 0.228906 0.165625 0.0984375 0.08125
19 0.328906 0.821875 0.0484375 0.1
6 0.276563 0.617969 0.034375 0.0609375
27 0.547656 0.399219 0.0421875 0.0453125
13 0.348437 0.390625 0.025 0.075
6 0.084375 0.617188 0.046875 0.059375
23 0.328906 0.821875 0.0453125 0.096875
17 0.413281 0.625781 0.0359375 0.0453125
6 0.242188 0.599219 0.040625 0.0578125
1 0.615625 0.621094 0.046875 0.0390625
14 0.373437 0.392188 0.028125 0.071875
9 0.778906 0.391406 0.0515625 0.0671875
21 0.535937 0.81875 0.028125 0.1
23 0.385156 0.821094 0.0515625 0.104687
11 0.275 0.620313 0.040625 0.059375
3 0.857031 0.614844 0.104687 0.0421875
9 0.838281 0.394531 0.0578125 0.0578125
11 0.08125 0.617969 0.05 0.0578125
16 0.327344 0.610156 0.0453125 0.0671875
1 0.567969 0.610156 0.0421875 0.0359375
2 0.74375 0.617188 0.109375 0.04375
35 0.307813 0.171094 0.04375 0.0734375
5 0.789062 0.814844 0.025 0.107813
26 0.478125 0.389844 0.059375 0.0703125
28 0.610156 0.171875 0.0390625 0.059375
24 0.601562 0.407813 0.05625 0.0375
24 0.667188 0.407031 0.0625 0.0390625
33 0.844531 0.81875 0.0296875 0.10625
26 0.417969 0.3875 0.0546875 0.06875
20 0.571875 0.815625 0.034375 0.10625
13 0.302344 0.384375 0.0546875 0.096875
28 0.670313 0.178906 0.046875 0.0484375
29 0.1125 0.385156 0.053125 0.0859375
28 0.505469 0.174219 0.0484375 0.0578125
12 0.657031 0.811719 0.0390625 0.110937
30 0.723437 0.8 0.028125 0.15
36 0.174219 0.3875 0.0515625 0.084375
20 0.536719 0.817187 0.0296875 0.103125
28 0.447656 0.164062 0.0484375 0.075
18 0.107813 0.822656 0.05625 0.0953125
21 0.492969 0.810938 0.0359375 0.103125
18 0.219531 0.825 0.0515625 0.090625
35 0.389844 0.165625 0.0453125 0.06875
6 0.165625 0.6 0.046875 0.075
28 0.560156 0.178125 0.0453125 0.053125
8 0.803125 0.164062 0.053125 0.08125
34 0.0960938 0.152344 0.0484375 0.101562
21 0.451562 0.810938 0.034375 0.10625
34 0.204688 0.161719 0.046875 0.0859375
34 0.25625 0.172656 0.046875 0.0734375
34 0.152344 0.164062 0.0484375 0.08125
34 0.0414063 0.15 0.0515625 0.10625
34 0.0445312 0.367188 0.0546875 0.128125
8 0.735937 0.153906 0.065625 0.0984375
18 0.0546875 0.823438 0.053125 0.09375
36 0.235156 0.386719 0.0578125 0.0796875
18 0.164844 0.821875 0.0515625 0.096875
