0 0.685938 0.636719 0.028125 0.0296875
26 0.410156 0.446094 0.0890625 0.0734375
9 0.789062 0.471094 0.0375 0.0515625
4 0.451562 0.619531 0.028125 0.0453125
17 0.528125 0.628125 0.03125 0.046875
4 0.369531 0.635156 0.0390625 0.0609375
22 0.354688 0.820312 0.046875 0.090625
19 0.354688 0.820312 0.046875 0.090625
4 0.528125 0.625781 0.03125 0.0421875
27 0.596094 0.448438 0.0484375 0.078125
35 0.442187 0.225 0.028125 0.09375
2 0.7375 0.642187 0.028125 0.078125
17 0.451562 0.615625 0.028125 0.046875
26 0.460156 0.447656 0.0734375 0.0765625
1 0.685156 0.632812 0.0296875 0.034375
14 0.175 0.438281 0.046875 0.0765625
23 0.304688 0.823438 0.04375 0.0875
9 0.535937 0.457031 0.05 0.0859375
9 0.594531 0.445312 0.0484375 0.08125
32 0.325 0.619531 0.0375 0.0734375
2 0.719531 0.642969 0.0234375 0.0765625
27 0.535937 0.454688 0.053125 0.08125
18 0.257031 0.825 0.0421875 0.090625
35 0.458594 0.222656 0.0484375 0.0984375
17 0.483594 0.6375 0.0328125 0.08125
24 0.648438 0.464844 0.0375 0.0703125
14 0.391406 0.442187 0.0421875 0.078125
8 0.647656 0.464844 0.0390625 0.0671875
29 0.173438 0.439063 0.046875 0.078125
19 0.303906 0.821094 0.0421875 0.0890625
19 0.258594 0.823438 0.0453125 0.0875
23 0.353125 0.820312 0.046875 0.090625
13 0.289062 0.45 0.053125 0.071875
2 0.75625 0.645312 0.11875 0.0875
26 0.439844 0.444531 0.0390625 0.0765625
17 0.413281 0.628125 0.0484375 0.078125
26 0.479688 0.453906 0.0375 0.0796875
31 0.555469 0.651563 0.0265625 0.053125
13 0.339844 0.436719 0.0453125 0.0890625
35 0.475781 0.213281 0.0390625 0.114063
30 0.723437 0.814062 0.021875 0.11875
5 0.789844 0.829687 0.0234375 0.103125
16 0.367969 0.635938 0.0328125 0.05625
9 0.84375 0.442187 0.053125 0.084375
12 0.64375 0.821875 0.03125 0.09375
7 0.139844 0.610156 0.0390625 0.0671875
7 0.0867188 0.625 0.0421875 0.065625
28 0.642187 0.2125 0.053125 0.10625
24 0.711719 0.45625 0.0640625 0.071875
28 0.754687 0.225781 0.053125 0.0828125
9 0.905469 0.432813 0.0578125 0.078125
6 0.185156 0.632812 0.0421875 0.08125
29 0.122656 0.433594 0.0484375 0.0828125
11 0.232812 0.640625 0.04375 0.05625
34 0.102344 0.219531 0.0484375 0.107813
1 0.644531 0.651563 0.0484375 0.059375
3 0.880469 0.649219 0.0921875 0.0796875
1 0.594531 0.659375 0.0421875 0.0625
11 0.28125 0.6125 0.040625 0.065625
20 0.582812 0.83125 0.028125 0.090625
35 0.301562 0.232812 0.04375 0.0875
35 0.353906 0.23125 0.0453125 0.090625
34 0.200781 0.216406 0.0484375 0.114063
28 0.525 0.215625 0.05 0.10625
28 0.698438 0.214844 0.046875 0.104687
34 0.0523437 0.221094 0.0390625 0.0953125
35 0.405469 0.233594 0.0453125 0.0828125
34 0.153906 0.221094 0.0421875 0.104687
21 0.499219 0.815625 0.0328125 0.090625
20 0.550781 0.832031 0.0265625 0.0890625
18 0.0679687 0.833594 0.0453125 0.0921875
36 0.0664062 0.423438 0.0484375 0.103125
18 0.117969 0.830469 0.0453125 0.0921875
8 0.813281 0.2125 0.0578125 0.10625
8 0.888281 0.207031 0.0796875 0.120312
18 0.1625 0.825 0.04375 0.09375
28 0.582812 0.217969 0.053125 0.0953125
21 0.407813 0.821875 0.034375 0.09375
21 0.449219 0.81875 0.0328125 0.09375
34 0.252344 0.219531 0.0453125 0.104687
36 0.229687 0.435156 0.046875 0.0828125
18 0.210938 0.827344 0.04375 0.0921875
