12 0.676562 0.695312 0.025 0.0875
19 0.254687 0.695312 0.04375 0.059375
28 0.790625 0.26875 0.05625 0.03125
28 0.713281 0.257812 0.0765625 0.046875
28 0.757812 0.178125 0.04375 0.05625
28 0.676562 0.185156 0.046875 0.0484375
25 0.389062 0.696094 0.03125 0.0828125
21 0.471094 0.732031 0.0453125 0.0890625
13 0.569531 0.264844 0.0703125 0.0328125
17 0.345313 0.741406 0.040625 0.0859375
25 0.8 0.764844 0.021875 0.104687
25 0.403125 0.263281 0.075 0.0265625
28 0.629687 0.235938 0.04375 0.06875
3 0.886719 0.40625 0.0359375 0.071875
21 0.596875 0.384375 0.04375 0.065625
28 0.717969 0.223438 0.0578125 0.0375
25 0.397656 0.675 0.0421875 0.05
25 0.3875 0.519531 0.034375 0.0484375
21 0.469531 0.4 0.0421875 0.09375
35 0.410937 0.221094 0.078125 0.0546875
26 0.546094 0.388281 0.0484375 0.0328125
36 0.419531 0.149219 0.0734375 0.0359375
18 0.146875 0.523438 0.040625 0.053125
20 0.535937 0.545313 0.025 0.075
2 0.591406 0.600781 0.132812 0.0203125
14 0.345313 0.404687 0.028125 0.071875
1 0.488281 0.59375 0.0484375 0.046875
28 0.582031 0.207813 0.0359375 0.059375
34 0.697656 0.409375 0.0484375 0.075
11 0.310937 0.525 0.0375 0.03125
12 0.546875 0.709375 0.025 0.08125
6 0.217969 0.524219 0.0421875 0.0484375
26 0.595312 0.376563 0.04375 0.05
13 0.4 0.385156 0.040625 0.0640625
8 0.790625 0.26875 0.0625 0.03125
34 0.3 0.194531 0.01875 0.0765625
8 0.721094 0.220313 0.0609375 0.034375
30 0.678906 0.699219 0.0234375 0.0984375
5 0.772656 0.711719 0.0203125 0.0796875
5 0.853125 0.742188 0.021875 0.090625
25 0.592188 0.771094 0.059375 0.0796875
25 0.709375 0.2625 0.09375 0.03125
36 0.225781 0.3625 0.0390625 0.046875
28 0.221875 0.210156 0.04375 0.0890625
13 0.339063 0.196875 0.053125 0.08125
20 0.546094 0.710938 0.0265625 0.08125
25 0.792969 0.396094 0.0328125 0.0671875
25 0.740625 0.346094 0.04375 0.0515625
28 0.677344 0.208594 0.0359375 0.0390625
12 0.575 0.707031 0.028125 0.0890625
25 0.320312 0.259375 0.0875 0.028125
25 0.63125 0.235156 0.046875 0.0796875
29 0.273438 0.401563 0.05 0.075
20 0.389844 0.585156 0.0734375 0.0421875
35 0.432031 0.230469 0.0359375 0.0703125
30 0.721094 0.74375 0.0234375 0.134375
8 0.842969 0.217187 0.0515625 0.0875
34 0.267188 0.214844 0.040625 0.0890625
29 0.15 0.163281 0.046875 0.0578125
12 0.646094 0.695312 0.0265625 0.078125
29 0.115625 0.373437 0.040625 0.078125
25 0.297656 0.744531 0.0359375 0.0453125
25 0.489844 0.241406 0.0578125 0.0671875
18 0.204688 0.721875 0.040625 0.065625
24 0.898438 0.760938 0.065625 0.09375
20 0.442187 0.574219 0.03125 0.0765625
35 0.389844 0.21875 0.0390625 0.053125
36 0.132031 0.675 0.0515625 0.05
25 0.546875 0.427344 0.08125 0.0453125
25 0.217187 0.421094 0.04375 0.0640625
21 0.485156 0.719531 0.0265625 0.0859375
25 0.814844 0.539062 0.0984375 0.04375
25 0.470313 0.4 0.04375 0.09375
34 0.0960938 0.205469 0.0484375 0.107813
29 0.1625 0.383594 0.04375 0.0828125
25 0.678906 0.160938 0.0703125 0.040625
21 0.636719 0.410937 0.0390625 0.09375
28 0.541406 0.201562 0.0390625 0.06875
21 0.835156 0.398438 0.0296875 0.078125
21 0.110937 0.564844 0.034375 0.0859375
18 0.253125 0.754687 0.04375 0.046875
21 0.452344 0.745313 0.0328125 0.090625
25 0.671875 0.770312 0.071875 0.06875
18 0.732813 0.561719 0.046875 0.0765625
25 0.132031 0.745313 0.0765625 0.0625
