11 0.2375 0.4875 0.04375 0.028125
9 0.934375 0.361719 0.06875 0.0328125
30 0.666406 0.66875 0.0234375 0.109375
31 0.535156 0.538281 0.0296875 0.0265625
28 0.597656 0.179688 0.0234375 0.05
32 0.329688 0.529688 0.05 0.05625
19 0.324219 0.711719 0.0453125 0.0890625
17 0.444531 0.530469 0.0453125 0.0421875
13 0.303906 0.351562 0.0390625 0.05
14 0.429688 0.352344 0.046875 0.0484375
26 0.354688 0.355469 0.059375 0.0421875
25 0.6875 0.366406 0.05625 0.0265625
1 0.632031 0.538281 0.0453125 0.0359375
7 0.111719 0.509375 0.0328125 0.046875
25 0.735156 0.36875 0.0640625 0.03125
25 0.635938 0.18125 0.04375 0.04375
35 0.353125 0.18125 0.025 0.053125
23 0.324219 0.709375 0.0453125 0.090625
33 0.796094 0.690625 0.0234375 0.090625
11 0.232812 0.51875 0.046875 0.0375
35 0.379687 0.18125 0.0375 0.05
26 0.563281 0.361719 0.0453125 0.0390625
5 0.730469 0.678906 0.0265625 0.0921875
19 0.2625 0.717188 0.059375 0.0875
23 0.369531 0.675781 0.0421875 0.0796875
7 0.0671875 0.522656 0.040625 0.0453125
5 0.764063 0.696875 0.028125 0.096875
11 0.285937 0.483594 0.0375 0.0359375
26 0.5 0.3625 0.053125 0.040625
25 0.621875 0.361719 0.04375 0.0390625
28 0.6875 0.182812 0.053125 0.046875
21 0.472656 0.697656 0.0328125 0.0953125
35 0.467187 0.183594 0.046875 0.0453125
11 0.282031 0.521094 0.0359375 0.0421875
33 0.821875 0.698438 0.028125 0.0875
25 0.399219 0.530469 0.0359375 0.0390625
25 0.189063 0.352344 0.05 0.0578125
30 0.688281 0.68125 0.0234375 0.128125
28 0.576563 0.182812 0.040625 0.05
29 0.0890625 0.352344 0.059375 0.0546875
20 0.561719 0.702344 0.0328125 0.0859375
36 0.253125 0.35 0.05625 0.0625
25 0.745313 0.175 0.05 0.059375
20 0.526563 0.7 0.028125 0.0875
29 0.139844 0.350781 0.0328125 0.0609375
28 0.525781 0.178906 0.0453125 0.0515625
25 0.880469 0.175 0.0671875 0.059375
8 0.807813 0.176563 0.05625 0.05
35 0.317187 0.179688 0.040625 0.059375
25 0.166406 0.525 0.0484375 0.059375
18 0.141406 0.71875 0.0546875 0.09375
21 0.428125 0.691406 0.034375 0.101562
35 0.421875 0.184375 0.034375 0.040625
25 0.0671875 0.164844 0.059375 0.0734375
34 0.178906 0.174219 0.0359375 0.0671875
34 0.128125 0.172656 0.05 0.0671875
34 0.269531 0.174219 0.0421875 0.0671875
12 0.610156 0.674219 0.0296875 0.0890625
18 0.0695312 0.728125 0.0734375 0.090625
25 0.222656 0.170312 0.0453125 0.071875
18 0.205469 0.725 0.0515625 0.090625
