13 0.294531 0.35 0.0234375 0.06875
23 0.25625 0.540625 0.053125 0.06875
12 0.903906 0.507031 0.0234375 0.0703125
26 0.386719 0.365625 0.0390625 0.05625
5 0.903906 0.507812 0.0234375 0.075
36 0.179688 0.35625 0.046875 0.06875
2 0.733594 0.7375 0.0515625 0.078125
17 0.446094 0.532812 0.0328125 0.034375
2 0.864062 0.564062 0.08125 0.028125
34 0.267969 0.182812 0.0828125 0.05625
16 0.35 0.559375 0.040625 0.03125
14 0.333594 0.365625 0.0421875 0.05625
34 0.225 0.176563 0.084375 0.065625
3 0.735937 0.547656 0.025 0.0546875
2 0.848437 0.728125 0.11875 0.0375
24 0.6625 0.374219 0.05625 0.0390625
3 0.732031 0.739844 0.0515625 0.0765625
13 0.278906 0.353125 0.0390625 0.06875
3 0.7125 0.546094 0.028125 0.0546875
26 0.5 0.365625 0.040625 0.05625
25 0.407031 0.561719 0.0390625 0.0328125
11 0.211719 0.523438 0.0296875 0.059375
23 0.374219 0.680469 0.0484375 0.0765625
29 0.174219 0.355469 0.0390625 0.0703125
35 0.332812 0.184375 0.028125 0.059375
6 0.171094 0.659375 0.0421875 0.053125
18 0.178125 0.719531 0.0375 0.0671875
21 0.415625 0.69375 0.021875 0.084375
11 0.114844 0.642969 0.0453125 0.0515625
9 0.805469 0.334375 0.0546875 0.046875
7 0.103125 0.491406 0.04375 0.0578125
29 0.0734375 0.349219 0.028125 0.0671875
35 0.359375 0.186719 0.05 0.0640625
21 0.314844 0.527344 0.0234375 0.0765625
25 0.655469 0.729688 0.0390625 0.034375
5 0.749219 0.686719 0.0203125 0.0765625
1 0.56875 0.559375 0.05 0.046875
13 0.386719 0.366406 0.0390625 0.0578125
36 0.135937 0.350781 0.03125 0.0765625
36 0.103125 0.349219 0.028125 0.0734375
9 0.867188 0.336719 0.05625 0.0484375
20 0.541406 0.68125 0.0265625 0.078125
23 0.313281 0.713281 0.0578125 0.0796875
21 0.464063 0.6875 0.025 0.06875
29 0.102344 0.348437 0.0328125 0.075
21 0.438281 0.707031 0.0203125 0.0765625
35 0.40625 0.191406 0.034375 0.0484375
33 0.759375 0.509375 0.021875 0.071875
28 0.632812 0.192969 0.0375 0.0578125
20 0.507812 0.707812 0.03125 0.090625
4 0.478906 0.552344 0.0296875 0.0390625
26 0.546094 0.369531 0.0484375 0.0515625
28 0.573438 0.186719 0.05 0.0640625
35 0.289062 0.184375 0.0375 0.053125
28 0.68125 0.188281 0.05 0.0640625
30 0.689062 0.670313 0.021875 0.103125
33 0.817969 0.68125 0.0234375 0.078125
34 0.117188 0.171875 0.028125 0.078125
28 0.517187 0.1875 0.046875 0.059375
18 0.104687 0.713281 0.065625 0.0734375
12 0.513281 0.519531 0.0296875 0.0859375
36 0.228125 0.357812 0.04375 0.0625
18 0.222656 0.716406 0.0421875 0.0640625
34 0.246875 0.180469 0.0375 0.0609375
28 0.745313 0.185937 0.05 0.06875
34 0.201562 0.175 0.040625 0.06875
12 0.603125 0.682813 0.03125 0.084375
34 0.0734375 0.16875 0.04375 0.0875
8 0.883594 0.174219 0.0703125 0.0890625
18 0.0539063 0.549219 0.0515625 0.0546875
34 0.157031 0.169531 0.0390625 0.0859375
35 0.446875 0.185937 0.040625 0.065625
8 0.809375 0.178906 0.0625 0.0796875
18 0.153125 0.542969 0.053125 0.0765625
