3 0.907812 0.546094 0.040625 0.0578125
29 0.492188 0.3625 0.04375 0.075
28 0.846875 0.16875 0.1 0.078125
20 0.583594 0.717969 0.0453125 0.0859375
36 0.367969 0.355469 0.0578125 0.0828125
27 0.677344 0.36875 0.0421875 0.05625
4 0.579687 0.564844 0.040625 0.0359375
0 0.74375 0.561719 0.028125 0.0296875
9 0.678125 0.369531 0.040625 0.0546875
34 0.158594 0.163281 0.0984375 0.0890625
3 0.832031 0.550781 0.0984375 0.0640625
3 0.9375 0.55 0.08125 0.0625
34 0.305469 0.166406 0.0921875 0.0828125
10 0.828125 0.375781 0.04375 0.0359375
11 0.290625 0.521875 0.040625 0.034375
17 0.488281 0.510938 0.0484375 0.046875
9 0.830469 0.378906 0.0390625 0.0359375
3 0.955469 0.550781 0.0390625 0.0578125
17 0.492188 0.528906 0.046875 0.0640625
21 0.504687 0.707812 0.021875 0.090625
16 0.448438 0.567187 0.040625 0.040625
32 0.392969 0.552344 0.0484375 0.0640625
19 0.332031 0.720312 0.0484375 0.0875
17 0.539062 0.552344 0.0375 0.0453125
24 0.722656 0.378906 0.0453125 0.0421875
2 0.833594 0.548437 0.0890625 0.0625
7 0.1625 0.526563 0.04375 0.05
25 0.271875 0.5625 0.06875 0.046875
23 0.386719 0.725781 0.0515625 0.0953125
25 0.204688 0.551562 0.053125 0.0625
9 0.884375 0.359375 0.040625 0.071875
9 0.935156 0.35625 0.0453125 0.078125
23 0.445312 0.733594 0.053125 0.0984375
11 0.3375 0.552344 0.04375 0.0578125
1 0.664844 0.539062 0.0359375 0.040625
34 0.232812 0.159375 0.034375 0.096875
30 0.760156 0.699219 0.0234375 0.123438
7 0.111719 0.526563 0.0515625 0.0625
21 0.574219 0.715625 0.0328125 0.084375
28 0.8125 0.169531 0.040625 0.0828125
35 0.503125 0.183594 0.046875 0.0578125
1 0.705469 0.559375 0.0359375 0.04375
13 0.371875 0.35 0.05625 0.0875
13 0.432031 0.354688 0.0578125 0.084375
14 0.492188 0.3625 0.04375 0.075
26 0.559375 0.3625 0.05 0.071875
26 0.622656 0.364062 0.0484375 0.0625
5 0.814844 0.732031 0.0234375 0.0921875
24 0.779688 0.374219 0.05 0.0453125
33 0.889844 0.735156 0.0265625 0.0953125
36 0.304688 0.354688 0.05625 0.084375
28 0.760156 0.172656 0.0390625 0.0734375
28 0.667188 0.165625 0.040625 0.084375
20 0.639844 0.722656 0.0265625 0.0859375
29 0.1125 0.354688 0.053125 0.075
35 0.3875 0.175781 0.05 0.0765625
12 0.708594 0.703906 0.0265625 0.0953125
8 0.872656 0.16875 0.0546875 0.075
35 0.573438 0.172656 0.046875 0.0734375
28 0.626562 0.165625 0.03125 0.08125
21 0.539844 0.714844 0.0296875 0.0890625
36 0.245312 0.349219 0.05 0.0890625
35 0.447656 0.177344 0.0484375 0.0765625
29 0.177344 0.349219 0.0515625 0.0828125
20 0.611719 0.723437 0.0265625 0.084375
34 0.186719 0.165625 0.0515625 0.0875
34 0.280469 0.167969 0.0421875 0.0859375
8 0.928125 0.159375 0.05 0.096875
34 0.129688 0.160156 0.053125 0.0953125
34 0.330469 0.170312 0.0484375 0.0875
18 0.223438 0.721875 0.053125 0.0875
18 0.167187 0.722656 0.05 0.0859375
18 0.109375 0.724219 0.05625 0.0859375
18 0.280469 0.724219 0.0484375 0.0890625
