19 0.307813 0.832031 0.0875 0.0921875
31 0.508594 0.632812 0.0328125 0.065625
18 0.261719 0.835938 0.0921875 0.090625
11 0.357812 0.638281 0.04375 0.0765625
17 0.507812 0.633594 0.0375 0.0578125
7 0.117969 0.629687 0.0984375 0.06875
35 0.470313 0.222656 0.03125 0.0890625
32 0.35625 0.639844 0.04375 0.0765625
11 0.2 0.638281 0.046875 0.0953125
17 0.400781 0.647656 0.0359375 0.0640625
27 0.585938 0.439063 0.05 0.071875
23 0.332812 0.829687 0.040625 0.090625
4 0.399219 0.646875 0.0359375 0.059375
9 0.775781 0.452344 0.0515625 0.0484375
19 0.332812 0.827344 0.046875 0.0921875
10 0.775 0.453125 0.053125 0.046875
4 0.507812 0.632031 0.034375 0.0578125
18 0.283594 0.832812 0.0421875 0.096875
35 0.416406 0.222656 0.0265625 0.0921875
24 0.642969 0.448438 0.0546875 0.059375
9 0.827344 0.433594 0.0546875 0.0796875
16 0.4 0.646094 0.034375 0.0640625
31 0.544531 0.642969 0.0296875 0.0609375
25 0.453906 0.219531 0.0484375 0.0890625
9 0.892969 0.434375 0.0640625 0.09375
17 0.460156 0.632812 0.0453125 0.06875
5 0.791406 0.834375 0.0265625 0.10625
12 0.688281 0.632031 0.0328125 0.0953125
7 0.147656 0.628906 0.0453125 0.0765625
23 0.384375 0.829687 0.046875 0.096875
14 0.420312 0.435156 0.034375 0.0828125
24 0.707812 0.446875 0.065625 0.0625
26 0.470313 0.440625 0.05 0.084375
2 0.759375 0.635938 0.096875 0.084375
6 0.2 0.638281 0.046875 0.0828125
26 0.528906 0.4375 0.0515625 0.078125
33 0.85625 0.840625 0.025 0.096875
34 0.161719 0.222656 0.0359375 0.101562
11 0.253125 0.644531 0.046875 0.0578125
7 0.09375 0.625781 0.046875 0.0671875
13 0.30625 0.438281 0.05625 0.0890625
18 0.11875 0.440625 0.053125 0.0875
35 0.325 0.229687 0.046875 0.0875
35 0.374219 0.229687 0.0453125 0.0875
13 0.369531 0.439063 0.0546875 0.090625
34 0.210156 0.219531 0.0484375 0.104687
18 0.185937 0.803906 0.040625 0.0796875
30 0.721094 0.815625 0.0265625 0.140625
3 0.872656 0.638281 0.120312 0.0890625
20 0.546094 0.8375 0.0296875 0.096875
28 0.729688 0.225781 0.046875 0.0765625
20 0.577344 0.8375 0.0265625 0.1
21 0.488281 0.825 0.0328125 0.09375
1 0.6375 0.646875 0.05 0.065625
21 0.45 0.827344 0.0375 0.0890625
1 0.5875 0.648438 0.04375 0.06875
25 0.115625 0.213281 0.05 0.117188
29 0.0585938 0.434375 0.0640625 0.096875
12 0.641406 0.798437 0.0328125 0.096875
28 0.675781 0.221094 0.0453125 0.0890625
28 0.625 0.219531 0.046875 0.0953125
11 0.301562 0.636719 0.04375 0.0640625
8 0.797656 0.213281 0.0703125 0.101562
25 0.870313 0.209375 0.071875 0.1
28 0.56875 0.221875 0.046875 0.090625
25 0.267188 0.217187 0.05 0.103125
28 0.517187 0.221094 0.05 0.0921875
34 0.053125 0.221094 0.046875 0.0953125
36 0.182812 0.434375 0.053125 0.0875
18 0.235938 0.836719 0.046875 0.0921875
18 0.0828125 0.84375 0.046875 0.096875
36 0.244531 0.439063 0.0515625 0.0875
18 0.135937 0.842188 0.05 0.1
