35 0.414062 0.235938 0.0875 0.065625
21 0.4375 0.736719 0.040625 0.0890625
25 0.667969 0.575 0.0296875 0.03125
28 0.660937 0.244531 0.09375 0.0546875
16 0.480469 0.579687 0.0390625 0.04375
34 0.229687 0.217969 0.01875 0.0828125
18 0.2 0.742969 0.0875 0.0703125
17 0.455469 0.530469 0.0421875 0.0296875
16 0.391406 0.557031 0.0359375 0.0359375
2 0.702344 0.567969 0.0234375 0.0578125
34 0.189844 0.209375 0.0484375 0.103125
17 0.435156 0.567969 0.0453125 0.0453125
14 0.425 0.396875 0.034375 0.0625
9 0.800781 0.394531 0.0328125 0.0609375
23 0.314063 0.741406 0.040625 0.0734375
2 0.725781 0.565625 0.0453125 0.06875
3 0.876562 0.567969 0.078125 0.0578125
19 0.314063 0.741406 0.040625 0.0765625
19 0.267969 0.745313 0.0390625 0.071875
20 0.507812 0.707812 0.025 0.053125
26 0.35625 0.407813 0.046875 0.078125
18 0.267969 0.74375 0.0390625 0.071875
13 0.355469 0.407813 0.0484375 0.078125
4 0.480469 0.580469 0.0421875 0.0421875
9 0.873438 0.392969 0.05625 0.0703125
23 0.361719 0.739844 0.0453125 0.0796875
34 0.15625 0.213281 0.021875 0.0796875
9 0.839844 0.389844 0.0484375 0.0734375
1 0.571094 0.570312 0.0453125 0.04375
31 0.527344 0.574219 0.0328125 0.0453125
25 0.189063 0.4125 0.05 0.071875
35 0.324219 0.220313 0.0515625 0.08125
35 0.439063 0.236719 0.04375 0.0609375
33 0.816406 0.7375 0.0234375 0.109375
6 0.260938 0.552344 0.04375 0.0453125
20 0.496094 0.786719 0.0390625 0.0953125
26 0.534375 0.394531 0.05 0.0671875
3 0.888281 0.760938 0.0859375 0.115625
25 0.653906 0.390625 0.0640625 0.028125
20 0.542188 0.739844 0.028125 0.101562
25 0.315625 0.584375 0.040625 0.071875
11 0.263281 0.599219 0.0421875 0.0453125
18 0.0578125 0.592969 0.0625 0.0609375
11 0.2125 0.576563 0.040625 0.053125
11 0.117188 0.596094 0.04375 0.0578125
1 0.624219 0.571875 0.0484375 0.05
29 0.128906 0.402344 0.0546875 0.0890625
21 0.453906 0.739844 0.0265625 0.0921875
24 0.723437 0.404687 0.053125 0.04375
6 0.167969 0.567969 0.0359375 0.0640625
28 0.546875 0.236719 0.040625 0.0671875
28 0.301562 0.410156 0.05 0.0796875
12 0.632812 0.736719 0.034375 0.104687
26 0.472656 0.396094 0.0578125 0.0640625
36 0.245312 0.410156 0.04375 0.0765625
35 0.489062 0.240625 0.040625 0.05625
21 0.422656 0.730469 0.0296875 0.0890625
25 0.588281 0.40625 0.0453125 0.046875
28 0.741406 0.242969 0.0484375 0.0578125
28 0.688281 0.244531 0.0453125 0.0578125
25 0.192188 0.207031 0.05 0.104687
35 0.375781 0.223438 0.0421875 0.075
34 0.223438 0.688281 0.096875 0.0328125
28 0.744531 0.755469 0.0578125 0.117188
28 0.591406 0.240625 0.0390625 0.0625
8 0.80625 0.23125 0.059375 0.078125
8 0.864844 0.235156 0.0484375 0.0703125
28 0.639063 0.24375 0.04375 0.059375
34 0.06875 0.202344 0.046875 0.117188
18 0.132812 0.721094 0.0375 0.0703125
34 0.119531 0.203906 0.0453125 0.107813
30 0.695312 0.725781 0.028125 0.132812
34 0.0671875 0.39375 0.05 0.109375
18 0.0867188 0.742188 0.0453125 0.078125
34 0.266406 0.217969 0.0484375 0.0859375
18 0.176563 0.744531 0.04375 0.0671875
18 0.224219 0.744531 0.0421875 0.0671875
