34 0.344531 0.192969 0.0765625 0.0390625
16 0.215625 0.646875 0.075 0.046875
20 0.582031 0.649219 0.114063 0.0296875
11 0.278125 0.602344 0.046875 0.0484375
28 0.571094 0.219531 0.0640625 0.0578125
17 0.470313 0.64375 0.05625 0.053125
25 0.452344 0.221875 0.0453125 0.053125
28 0.403906 0.825781 0.0328125 0.126563
13 0.404687 0.417188 0.0375 0.096875
18 0.261719 0.742188 0.0328125 0.075
10 0.823438 0.583594 0.1125 0.0515625
2 0.582812 0.649219 0.125 0.0265625
26 0.360156 0.405469 0.0421875 0.0796875
28 0.639063 0.196875 0.04375 0.090625
20 0.144531 0.775781 0.0296875 0.0796875
28 0.721875 0.207813 0.071875 0.040625
28 0.180469 0.185156 0.0265625 0.0921875
13 0.407031 0.377344 0.0421875 0.0546875
29 0.120312 0.129688 0.04375 0.05625
8 0.804688 0.234375 0.06875 0.03125
21 0.321875 0.572656 0.0375 0.0609375
25 0.0851562 0.411719 0.0765625 0.0671875
25 0.6 0.773438 0.034375 0.0625
1 0.470313 0.64375 0.053125 0.053125
8 0.725 0.189063 0.0625 0.034375
18 0.300781 0.784375 0.0328125 0.071875
33 0.85 0.8125 0.025 0.078125
14 0.314063 0.41875 0.040625 0.071875
21 0.492188 0.201562 0.0375 0.0875
6 0.134375 0.627344 0.046875 0.0546875
25 0.809375 0.754687 0.08125 0.05625
36 0.378906 0.100781 0.0703125 0.0578125
8 0.640625 0.198437 0.04375 0.084375
23 0.349219 0.639063 0.0703125 0.06875
25 0.320312 0.569531 0.034375 0.0546875
25 0.407813 0.183594 0.0375 0.114063
3 0.890625 0.63125 0.040625 0.053125
9 0.825781 0.582812 0.110937 0.05
25 0.357812 0.74375 0.046875 0.065625
36 0.200781 0.383594 0.0359375 0.0609375
13 0.360156 0.403906 0.0421875 0.0796875
5 0.779688 0.835156 0.025 0.0953125
26 0.688281 0.352344 0.0421875 0.0703125
9 0.882031 0.404687 0.0546875 0.090625
20 0.565625 0.775 0.025 0.08125
35 0.492188 0.203906 0.034375 0.0921875
25 0.345313 0.211719 0.078125 0.0546875
28 0.228125 0.183594 0.05 0.107813
21 0.520312 0.196094 0.021875 0.0859375
21 0.409375 0.182812 0.034375 0.10625
30 0.709375 0.767187 0.021875 0.115625
13 0.226562 0.183594 0.05625 0.110937
25 0.578906 0.860937 0.0609375 0.096875
28 0.58125 0.1875 0.05625 0.0625
25 0.26875 0.822656 0.0375 0.0734375
9 0.547656 0.43125 0.101562 0.0625
25 0.809375 0.417969 0.04375 0.0640625
12 0.524219 0.816406 0.0296875 0.114063
25 0.21875 0.446094 0.084375 0.0484375
28 0.7125 0.23125 0.096875 0.040625
12 0.636719 0.770312 0.0265625 0.08125
7 0.0992187 0.845312 0.0703125 0.04375
21 0.475781 0.772656 0.0265625 0.0921875
34 0.697656 0.424219 0.0390625 0.0765625
36 0.0976562 0.739844 0.0453125 0.0640625
18 0.117188 0.566406 0.04375 0.0609375
20 0.523438 0.592188 0.028125 0.08125
24 0.910156 0.840625 0.0859375 0.1125
34 0.278125 0.19375 0.040625 0.0875
21 0.654688 0.410156 0.03125 0.0984375
21 0.4375 0.789062 0.028125 0.096875
18 0.210156 0.549219 0.0453125 0.0734375
34 0.0632813 0.183594 0.0484375 0.104687
8 0.853125 0.191406 0.059375 0.0953125
18 0.729688 0.624219 0.053125 0.0703125
25 0.455469 0.408594 0.0484375 0.101562
21 0.078125 0.607813 0.034375 0.096875
18 0.757812 0.421094 0.046875 0.0703125
18 0.225781 0.832812 0.0453125 0.0875
25 0.692969 0.8625 0.117188 0.05625
