28 0.578906 0.210938 0.0328125 0.1
22 0.352344 0.823438 0.0484375 0.109375
17 0.403906 0.591406 0.0390625 0.0484375
17 0.464844 0.626562 0.0484375 0.065625
34 0.0640625 0.170312 0.04375 0.146875
17 0.414062 0.634375 0.04375 0.05
11 0.302344 0.621875 0.0859375 0.071875
2 0.757031 0.624219 0.0203125 0.0828125
4 0.516406 0.628125 0.0453125 0.053125
25 0.396875 0.201562 0.028125 0.084375
18 0.255469 0.830469 0.0453125 0.0984375
25 0.703906 0.620313 0.0265625 0.03125
25 0.575781 0.207813 0.0359375 0.1
25 0.5625 0.624219 0.03125 0.0546875
16 0.373437 0.622656 0.03125 0.0546875
35 0.44375 0.192969 0.040625 0.0953125
9 0.791406 0.428906 0.0484375 0.0671875
19 0.254687 0.827344 0.05 0.0984375
2 0.734375 0.623438 0.021875 0.084375
25 0.660937 0.625781 0.04375 0.0578125
23 0.352344 0.825781 0.0453125 0.107813
2 0.786719 0.623438 0.101562 0.0875
28 0.703906 0.219531 0.0515625 0.0828125
21 0.421875 0.810938 0.021875 0.10625
8 0.889844 0.192969 0.0390625 0.107813
21 0.402344 0.803906 0.0234375 0.0921875
35 0.400781 0.201562 0.0296875 0.08125
1 0.607031 0.628906 0.0421875 0.0671875
9 0.849219 0.423438 0.0578125 0.08125
21 0.476562 0.816406 0.025 0.104687
25 0.486719 0.214844 0.0453125 0.0859375
6 0.178906 0.626562 0.0421875 0.078125
5 0.805469 0.832812 0.0265625 0.109375
30 0.732031 0.811719 0.0265625 0.148438
25 0.0617188 0.174219 0.0421875 0.135937
26 0.489062 0.432813 0.05625 0.075
18 0.160156 0.832812 0.0484375 0.103125
28 0.614062 0.205469 0.04375 0.101562
25 0.335156 0.620313 0.0390625 0.0875
21 0.451562 0.816406 0.021875 0.101562
13 0.342969 0.41875 0.0546875 0.090625
35 0.304688 0.19375 0.046875 0.103125
29 0.114844 0.410156 0.0484375 0.0953125
11 0.28125 0.624219 0.046875 0.0609375
34 0.10625 0.203125 0.046875 0.08125
20 0.54375 0.828125 0.03125 0.096875
33 0.873438 0.839844 0.028125 0.101562
25 0.228906 0.625781 0.0421875 0.0578125
24 0.730469 0.435937 0.0609375 0.06875
28 0.654688 0.210156 0.034375 0.101562
28 0.535156 0.204688 0.0390625 0.1
18 0.196875 0.751562 0.04375 0.0625
25 0.122656 0.621094 0.0421875 0.0734375
7 0.0734375 0.614844 0.04375 0.0640625
25 0.360156 0.199219 0.0484375 0.0859375
3 0.9 0.626562 0.1125 0.096875
28 0.766406 0.225 0.0546875 0.075
25 0.0617188 0.408594 0.0421875 0.0890625
25 0.16875 0.424219 0.05625 0.0859375
12 0.657031 0.816406 0.0328125 0.104687
25 0.6625 0.446094 0.053125 0.0578125
8 0.936719 0.201562 0.0515625 0.109375
34 0.207813 0.188281 0.04375 0.110937
25 0.554688 0.421094 0.05 0.0859375
25 0.4 0.429688 0.040625 0.065625
18 0.117188 0.751562 0.04375 0.0625
20 0.578906 0.828125 0.0328125 0.09375
21 0.503906 0.792969 0.0265625 0.0859375
36 0.232031 0.414062 0.0484375 0.0875
25 0.2875 0.417969 0.05 0.0828125
25 0.253906 0.189844 0.0453125 0.104687
25 0.15625 0.184375 0.05 0.121875
25 0.916406 0.426562 0.0609375 0.0875
25 0.83125 0.210938 0.06875 0.09375
18 0.0648438 0.829687 0.0515625 0.09375
