33 0.774219 0.717188 0.0234375 0.06875
1 0.667188 0.572656 0.028125 0.0453125
16 0.480469 0.553125 0.0359375 0.078125
17 0.386719 0.565625 0.0453125 0.075
36 0.603125 0.41875 0.05 0.06875
12 0.645312 0.7125 0.071875 0.071875
20 0.542969 0.710938 0.0359375 0.065625
35 0.301562 0.264844 0.1 0.0796875
18 0.280469 0.710938 0.0421875 0.065625
1 0.592188 0.567969 0.1 0.0640625
15 0.671875 0.421094 0.0625 0.0609375
19 0.282813 0.7125 0.04375 0.06875
36 0.23125 0.413281 0.103125 0.0859375
11 0.333594 0.563281 0.0390625 0.0765625
32 0.335938 0.561719 0.04375 0.0765625
22 0.332812 0.709375 0.053125 0.065625
19 0.332812 0.708594 0.05625 0.0640625
4 0.479688 0.552344 0.040625 0.0765625
27 0.602344 0.416406 0.0515625 0.0703125
16 0.382031 0.567187 0.0359375 0.06875
35 0.435156 0.275781 0.0328125 0.0546875
9 0.817187 0.414062 0.059375 0.071875
23 0.332031 0.709375 0.0578125 0.065625
6 0.185156 0.563281 0.0421875 0.0828125
17 0.432031 0.571094 0.0453125 0.0703125
24 0.671875 0.421875 0.0625 0.059375
31 0.522656 0.560938 0.0328125 0.078125
13 0.321875 0.415625 0.046875 0.078125
7 0.0734375 0.56875 0.05 0.06875
5 0.777344 0.714063 0.0234375 0.071875
1 0.571094 0.570312 0.0453125 0.065625
30 0.685156 0.703125 0.0234375 0.09375
13 0.377344 0.415625 0.0484375 0.075
9 0.885938 0.407813 0.0625 0.084375
14 0.432031 0.414844 0.0484375 0.0765625
23 0.391406 0.700781 0.0484375 0.0671875
11 0.236719 0.571875 0.0421875 0.065625
33 0.841406 0.716406 0.0296875 0.0671875
35 0.392188 0.264844 0.05 0.0765625
26 0.547656 0.419531 0.0484375 0.0640625
11 0.284375 0.576563 0.04375 0.0625
26 0.492188 0.421094 0.05625 0.0671875
29 0.149219 0.417188 0.0484375 0.06875
7 0.132031 0.565625 0.0453125 0.071875
1 0.624219 0.559375 0.0453125 0.075
24 0.746094 0.416406 0.0671875 0.0671875
35 0.476562 0.264062 0.046875 0.078125
3 0.735156 0.570312 0.0984375 0.071875
36 0.20625 0.408594 0.05 0.0828125
12 0.629687 0.710156 0.03125 0.0765625
34 0.125 0.254687 0.034375 0.090625
29 0.0882813 0.414844 0.0546875 0.0765625
28 0.603906 0.264062 0.0546875 0.08125
2 0.867188 0.570312 0.1375 0.075
18 0.140625 0.709375 0.04375 0.065625
35 0.332031 0.263281 0.0484375 0.0828125
20 0.528125 0.7125 0.03125 0.065625
18 0.0921875 0.70625 0.04375 0.071875
36 0.2625 0.413281 0.046875 0.0828125
28 0.724219 0.269531 0.0484375 0.0671875
20 0.5625 0.710938 0.028125 0.065625
34 0.276563 0.263281 0.046875 0.0828125
8 0.849219 0.264062 0.0671875 0.075
8 0.924219 0.254687 0.0703125 0.0875
28 0.669531 0.261719 0.0484375 0.0828125
28 0.78125 0.264844 0.046875 0.0765625
18 0.188281 0.710156 0.0453125 0.0671875
18 0.233594 0.711719 0.0421875 0.0671875
21 0.478906 0.709375 0.0359375 0.075
28 0.545313 0.260156 0.046875 0.0859375
21 0.439844 0.707031 0.0359375 0.0734375
34 0.167187 0.254687 0.046875 0.096875
34 0.223438 0.257812 0.053125 0.090625
34 0.0773437 0.253906 0.0515625 0.0921875
