2 0.767969 0.588281 0.0828125 0.0734375
33 0.760938 0.800781 0.03125 0.139062
2 0.723437 0.589063 0.021875 0.065625
23 0.263281 0.765625 0.0390625 0.06875
25 0.0914062 0.374219 0.0953125 0.0984375
2 0.746094 0.586719 0.0265625 0.0734375
22 0.310156 0.79375 0.0453125 0.09375
3 0.7625 0.800781 0.025 0.132812
32 0.336719 0.59375 0.0390625 0.075
35 0.447656 0.160156 0.0859375 0.0890625
25 0.699219 0.578906 0.0265625 0.0390625
18 0.263281 0.767969 0.0390625 0.0703125
35 0.348437 0.154687 0.0875 0.090625
2 0.800781 0.588281 0.0546875 0.0765625
19 0.2625 0.764063 0.040625 0.071875
19 0.310156 0.792969 0.0453125 0.0921875
1 0.600781 0.610156 0.0546875 0.0453125
21 0.277344 0.588281 0.0234375 0.101562
12 0.544531 0.589063 0.0328125 0.109375
16 0.379687 0.595312 0.034375 0.06875
20 0.444531 0.596875 0.0390625 0.1
23 0.359375 0.792188 0.046875 0.1
5 0.796094 0.763281 0.0234375 0.0953125
21 0.463281 0.767969 0.0265625 0.0953125
30 0.732031 0.742188 0.0203125 0.128125
18 0.126563 0.765625 0.034375 0.078125
3 0.9 0.591406 0.09375 0.0859375
33 0.864062 0.772656 0.025 0.0890625
25 0.115625 0.380469 0.04375 0.0921875
12 0.655469 0.750781 0.0296875 0.101562
11 0.234375 0.603125 0.046875 0.05625
18 0.0695312 0.594531 0.0546875 0.0921875
35 0.467187 0.15625 0.040625 0.09375
20 0.559375 0.771875 0.025 0.084375
30 0.692969 0.758594 0.0234375 0.126563
25 0.134375 0.586719 0.04375 0.0765625
25 0.0640625 0.360156 0.05 0.107813
35 0.324219 0.153125 0.0453125 0.096875
25 0.779688 0.392188 0.04375 0.05625
20 0.5875 0.796875 0.028125 0.096875
25 0.167187 0.383594 0.053125 0.0953125
28 0.745313 0.171875 0.046875 0.078125
25 0.183594 0.591406 0.0453125 0.0921875
35 0.423438 0.159375 0.040625 0.0875
25 0.2875 0.380469 0.05 0.0953125
25 0.229687 0.392969 0.05625 0.0796875
25 0.404687 0.39375 0.040625 0.06875
25 0.892969 0.3875 0.0609375 0.08125
35 0.372656 0.152344 0.0453125 0.0953125
25 0.832812 0.384375 0.053125 0.08125
21 0.495313 0.782031 0.0375 0.0953125
25 0.657031 0.408594 0.0484375 0.0546875
25 0.533594 0.378125 0.0578125 0.090625
34 0.100781 0.145313 0.0546875 0.1125
21 0.413281 0.769531 0.0359375 0.101562
34 0.271094 0.144531 0.0515625 0.114063
25 0.469531 0.379687 0.0609375 0.09375
18 0.217969 0.817187 0.0453125 0.059375
8 0.885938 0.153906 0.065625 0.110937
28 0.526563 0.160938 0.05 0.09375
8 0.810156 0.165625 0.0703125 0.0875
34 0.216406 0.1375 0.0484375 0.125
28 0.692187 0.163281 0.05 0.0921875
34 0.0453125 0.146094 0.046875 0.101562
34 0.164062 0.141406 0.046875 0.120312
28 0.578906 0.166406 0.0484375 0.0859375
18 0.169531 0.802344 0.0453125 0.0890625
25 0.345313 0.383594 0.05625 0.0953125
18 0.0773437 0.8 0.0546875 0.1
28 0.636719 0.163281 0.0484375 0.0921875
25 0.602344 0.385938 0.0484375 0.065625
25 0.721094 0.392188 0.0640625 0.075
