4 0.385938 0.601562 0.0375 0.053125
20 0.600781 0.730469 0.0765625 0.0546875
7 0.182812 0.621875 0.046875 0.053125
1 0.66875 0.502344 0.059375 0.0390625
11 0.328125 0.620313 0.040625 0.046875
36 0.165625 0.49375 0.103125 0.059375
17 0.385938 0.603125 0.0375 0.05
21 0.474219 0.729688 0.0796875 0.04375
11 0.311719 0.61875 0.0890625 0.04375
9 0.611719 0.494531 0.0484375 0.0515625
26 0.520312 0.496094 0.10625 0.0546875
23 0.280469 0.7375 0.0515625 0.053125
22 0.335938 0.73125 0.04375 0.053125
32 0.328906 0.61875 0.0421875 0.05
15 0.669531 0.502344 0.0578125 0.0421875
9 0.795313 0.49375 0.059375 0.05
33 0.853906 0.730469 0.0140625 0.0484375
16 0.386719 0.603125 0.0390625 0.05625
19 0.28125 0.736719 0.05 0.0515625
1 0.678125 0.616406 0.03125 0.0484375
18 0.157813 0.736719 0.09375 0.0515625
19 0.335938 0.730469 0.04375 0.0515625
10 0.796094 0.495313 0.0609375 0.046875
4 0.4875 0.609375 0.0375 0.0625
27 0.609375 0.49375 0.05 0.05
24 0.671094 0.503125 0.0671875 0.040625
14 0.433594 0.4875 0.0453125 0.065625
23 0.335156 0.730469 0.0421875 0.0515625
3 0.763281 0.627344 0.0859375 0.0453125
31 0.533594 0.604688 0.0390625 0.05625
9 0.875 0.488281 0.06875 0.0734375
17 0.4375 0.615625 0.04375 0.059375
7 0.138281 0.615625 0.0359375 0.046875
7 0.0992187 0.610937 0.0359375 0.046875
33 0.870313 0.735937 0.025 0.05625
6 0.185937 0.621094 0.046875 0.0546875
5 0.785156 0.733594 0.0234375 0.0609375
13 0.310156 0.492188 0.0515625 0.0625
30 0.738281 0.720312 0.0203125 0.075
12 0.622656 0.730469 0.0359375 0.0578125
26 0.489844 0.498437 0.0515625 0.059375
28 0.657031 0.376563 0.0484375 0.053125
13 0.36875 0.489062 0.053125 0.0625
29 0.139844 0.496094 0.0484375 0.0609375
24 0.732031 0.502344 0.0578125 0.0453125
28 0.776563 0.369531 0.053125 0.0640625
11 0.239063 0.616406 0.04375 0.0453125
11 0.284375 0.617188 0.0375 0.04375
28 0.714063 0.373437 0.053125 0.05625
23 0.386719 0.734375 0.0546875 0.05625
26 0.549219 0.496875 0.0515625 0.05625
35 0.422656 0.377344 0.0390625 0.0578125
35 0.373437 0.375781 0.046875 0.0609375
28 0.533594 0.372656 0.0515625 0.0609375
2 0.896094 0.628125 0.145313 0.05
28 0.596094 0.370313 0.0609375 0.06875
20 0.542969 0.735937 0.0328125 0.053125
29 0.078125 0.498437 0.05 0.059375
36 0.192188 0.494531 0.046875 0.0640625
21 0.494531 0.726562 0.0359375 0.046875
35 0.469531 0.372656 0.0484375 0.0703125
36 0.247656 0.494531 0.0515625 0.0640625
21 0.452344 0.727344 0.0359375 0.0421875
20 0.575 0.734375 0.028125 0.05
8 0.910937 0.359375 0.05625 0.071875
35 0.313281 0.373437 0.0453125 0.0625
18 0.183594 0.735937 0.0421875 0.053125
1 0.632812 0.610937 0.046875 0.05625
18 0.228125 0.735156 0.04375 0.0546875
34 0.25625 0.373437 0.05 0.06875
8 0.845312 0.364062 0.065625 0.071875
34 0.145313 0.365625 0.04375 0.078125
34 0.197656 0.370313 0.0515625 0.075
18 0.0835937 0.7375 0.0421875 0.053125
34 0.0867188 0.367969 0.0515625 0.0765625
1 0.58125 0.613281 0.053125 0.0515625
18 0.132031 0.735937 0.0453125 0.05625
34 0.0375 0.367188 0.040625 0.075
