21 0.441406 0.799219 0.0828125 0.0890625
30 0.728125 0.607031 0.021875 0.110937
33 0.935156 0.635156 0.0265625 0.0796875
26 0.457031 0.417969 0.0328125 0.0734375
11 0.3125 0.614062 0.084375 0.06875
8 0.763281 0.428125 0.0703125 0.075
2 0.795313 0.621875 0.078125 0.0875
14 0.45625 0.417969 0.034375 0.0765625
36 0.26875 0.413281 0.1 0.0890625
32 0.378906 0.617188 0.0390625 0.065625
10 0.835156 0.4375 0.0609375 0.05625
13 0.457031 0.417969 0.0328125 0.0734375
18 0.240625 0.807813 0.084375 0.090625
3 0.971094 0.632031 0.0453125 0.0546875
3 0.882031 0.608594 0.0640625 0.0640625
11 0.267188 0.615625 0.096875 0.059375
9 0.629687 0.423438 0.046875 0.071875
19 0.310937 0.803125 0.04375 0.09375
23 0.311719 0.803906 0.0421875 0.0953125
17 0.426562 0.609375 0.046875 0.075
32 0.335156 0.613281 0.0421875 0.0734375
2 0.76875 0.617188 0.04375 0.0875
9 0.835938 0.436719 0.059375 0.0578125
19 0.263281 0.804688 0.0453125 0.09375
4 0.538281 0.614062 0.0390625 0.059375
16 0.38125 0.615625 0.0375 0.0625
27 0.628906 0.425781 0.0515625 0.0734375
7 0.140625 0.607813 0.040625 0.06875
23 0.358594 0.801562 0.0453125 0.096875
5 0.811719 0.774219 0.0234375 0.0796875
17 0.489062 0.611719 0.046875 0.0671875
9 0.9 0.421875 0.059375 0.08125
31 0.575781 0.619531 0.0296875 0.0640625
9 0.965625 0.422656 0.05625 0.0921875
14 0.410156 0.421094 0.0453125 0.0765625
26 0.505469 0.429688 0.0546875 0.08125
7 0.0890625 0.603906 0.046875 0.0671875
6 0.192188 0.609375 0.04375 0.084375
13 0.355469 0.415625 0.0515625 0.084375
13 0.297656 0.410937 0.0484375 0.0875
26 0.570312 0.420312 0.05625 0.0875
24 0.764063 0.428906 0.06875 0.0734375
34 0.215625 0.182812 0.05 0.11875
29 0.130469 0.407031 0.0515625 0.0921875
12 0.66875 0.7625 0.03125 0.0875
25 0.689844 0.440625 0.0578125 0.059375
25 0.80625 0.198437 0.05625 0.090625
33 0.879687 0.779688 0.028125 0.078125
30 0.747656 0.7625 0.0234375 0.10625
28 0.626562 0.189063 0.046875 0.103125
28 0.675 0.19375 0.059375 0.096875
11 0.240625 0.61875 0.04375 0.059375
35 0.428125 0.196875 0.05 0.090625
21 0.464063 0.79375 0.04375 0.084375
1 0.619531 0.632031 0.0484375 0.0671875
35 0.320312 0.201562 0.046875 0.0875
34 0.164844 0.186719 0.0421875 0.107813
11 0.290625 0.617188 0.04375 0.059375
25 0.960938 0.153906 0.075 0.185937
34 0.110937 0.184375 0.053125 0.1125
20 0.56875 0.802344 0.03125 0.0859375
12 0.665625 0.620313 0.034375 0.103125
35 0.373437 0.198437 0.046875 0.090625
21 0.510938 0.790625 0.034375 0.08125
8 0.882031 0.182812 0.0734375 0.109375
20 0.603906 0.8 0.0296875 0.0875
36 0.24375 0.409375 0.046875 0.0875
28 0.564844 0.1875 0.0609375 0.10625
34 0.0601562 0.189063 0.0390625 0.1
35 0.497656 0.185937 0.0578125 0.109375
21 0.417969 0.803125 0.0359375 0.09375
29 0.075 0.397656 0.05 0.0953125
18 0.119531 0.814844 0.0453125 0.0921875
36 0.188281 0.407031 0.0515625 0.0921875
25 0.74375 0.1875 0.059375 0.109375
18 0.216406 0.807813 0.0453125 0.09375
18 0.166406 0.810156 0.0453125 0.0953125
34 0.267969 0.186719 0.0453125 0.104687
18 0.0695312 0.814844 0.0484375 0.0953125
