2 0.675781 0.580469 0.0296875 0.0421875
7 0.196875 0.560156 0.090625 0.0609375
23 0.355469 0.723437 0.0328125 0.075
7 0.228125 0.523438 0.046875 0.034375
1 0.675781 0.58125 0.0328125 0.040625
19 0.355469 0.723437 0.0328125 0.075
18 0.278906 0.729688 0.0859375 0.071875
32 0.378125 0.571094 0.040625 0.0734375
15 0.680469 0.419531 0.0515625 0.0578125
24 0.680469 0.419531 0.0515625 0.0578125
16 0.421875 0.574219 0.034375 0.0578125
28 0.671094 0.185156 0.0671875 0.0328125
4 0.508594 0.572656 0.0328125 0.0546875
6 0.226562 0.519531 0.04375 0.0296875
22 0.354688 0.725 0.0375 0.075
23 0.299219 0.728906 0.0421875 0.0734375
31 0.510156 0.571875 0.0328125 0.053125
18 0.235156 0.73125 0.0890625 0.078125
9 0.8 0.424219 0.059375 0.0546875
27 0.624219 0.424219 0.0515625 0.0671875
19 0.3 0.728906 0.04375 0.0765625
8 0.46875 0.360156 0.071875 0.0546875
31 0.544531 0.578906 0.0296875 0.0578125
28 0.495313 0.241406 0.03125 0.0796875
9 0.85 0.417188 0.05625 0.078125
26 0.400781 0.420312 0.0515625 0.071875
9 0.910937 0.407813 0.0625 0.078125
13 0.400781 0.420312 0.0515625 0.071875
17 0.467969 0.564844 0.0421875 0.0546875
33 0.785156 0.724219 0.0265625 0.0734375
14 0.453906 0.424219 0.0453125 0.0640625
5 0.726562 0.719531 0.021875 0.0734375
7 0.173438 0.55625 0.040625 0.05625
24 0.738281 0.425 0.0515625 0.053125
30 0.673437 0.704687 0.021875 0.10625
13 0.348437 0.416406 0.04375 0.0734375
35 0.492969 0.241406 0.0296875 0.0796875
2 0.74375 0.564844 0.10625 0.0765625
6 0.220313 0.567187 0.040625 0.065625
26 0.50625 0.425 0.05 0.0625
26 0.563281 0.421875 0.0515625 0.06875
23 0.400781 0.725781 0.0421875 0.0765625
20 0.560938 0.722656 0.025 0.0703125
28 0.607031 0.235938 0.0546875 0.090625
3 0.864844 0.569531 0.114063 0.0765625
12 0.614844 0.717188 0.0328125 0.078125
11 0.322656 0.575 0.0453125 0.059375
28 0.542188 0.241406 0.053125 0.0828125
7 0.121875 0.567969 0.046875 0.0703125
20 0.529688 0.723437 0.025 0.06875
29 0.178125 0.404687 0.046875 0.06875
8 0.901563 0.233594 0.046875 0.0859375
28 0.657812 0.248437 0.04375 0.071875
29 0.117188 0.409375 0.053125 0.065625
35 0.352344 0.242969 0.0421875 0.0828125
11 0.271094 0.574219 0.0453125 0.0578125
36 0.239063 0.416406 0.05625 0.0703125
28 0.763281 0.241406 0.0546875 0.0828125
34 0.210156 0.239063 0.0453125 0.09375
34 0.110937 0.232812 0.04375 0.09375
8 0.839063 0.2375 0.06875 0.090625
1 0.585938 0.574219 0.046875 0.0640625
28 0.709375 0.242188 0.04375 0.078125
35 0.403125 0.239844 0.046875 0.0859375
1 0.633594 0.575781 0.0453125 0.0546875
35 0.453125 0.24375 0.046875 0.084375
34 0.160156 0.236719 0.0421875 0.0890625
18 0.208594 0.73125 0.0421875 0.075
18 0.254687 0.728125 0.04375 0.071875
18 0.160938 0.730469 0.040625 0.0796875
34 0.260156 0.241406 0.0421875 0.0890625
36 0.296094 0.417969 0.0484375 0.0734375
21 0.476562 0.723437 0.03125 0.071875
18 0.111719 0.73125 0.0453125 0.078125
34 0.307813 0.242188 0.04375 0.090625
21 0.442187 0.726562 0.03125 0.078125
