35 0.414062 0.13125 0.03125 0.0375
7 0.167969 0.485156 0.0234375 0.0453125
0 0.629687 0.495313 0.028125 0.03125
34 0.258594 0.141406 0.0890625 0.0890625
35 0.336719 0.150781 0.0328125 0.0765625
2 0.7375 0.466406 0.034375 0.0640625
25 0.573438 0.161719 0.03125 0.0640625
25 0.175781 0.323438 0.0515625 0.06875
4 0.478125 0.485156 0.028125 0.0359375
32 0.342969 0.490625 0.0390625 0.053125
23 0.371094 0.625 0.0296875 0.0625
35 0.322656 0.139062 0.0234375 0.078125
18 0.284375 0.664844 0.046875 0.0796875
2 0.65625 0.478125 0.01875 0.075
14 0.450781 0.299219 0.0234375 0.0546875
16 0.34375 0.489062 0.034375 0.053125
20 0.503906 0.65625 0.0578125 0.084375
2 0.699219 0.471875 0.0265625 0.071875
34 0.321094 0.138281 0.0234375 0.0859375
31 0.511719 0.472656 0.0296875 0.0515625
25 0.401563 0.479688 0.040625 0.059375
1 0.630469 0.492969 0.0296875 0.0390625
25 0.382812 0.480469 0.028125 0.0546875
26 0.51875 0.297656 0.034375 0.0390625
34 0.171094 0.134375 0.0515625 0.090625
19 0.282813 0.664844 0.05 0.0828125
26 0.365625 0.341406 0.059375 0.0453125
28 0.571875 0.157031 0.034375 0.0703125
6 0.209375 0.442187 0.040625 0.03125
26 0.529688 0.339844 0.05 0.0296875
13 0.367188 0.339844 0.05625 0.0484375
23 0.335938 0.653906 0.04375 0.0859375
13 0.321094 0.310937 0.0421875 0.059375
14 0.417188 0.31875 0.0375 0.0625
13 0.274219 0.31875 0.0484375 0.075
9 0.735156 0.333594 0.0484375 0.0515625
7 0.117969 0.442969 0.0359375 0.0453125
7 0.129688 0.4875 0.04375 0.05
25 0.408594 0.167969 0.0546875 0.0421875
17 0.453906 0.453906 0.0296875 0.0515625
25 0.584375 0.330469 0.040625 0.0421875
5 0.671094 0.657812 0.0234375 0.096875
25 0.164062 0.134375 0.0375 0.096875
3 0.807031 0.483594 0.0640625 0.0765625
25 0.832031 0.333594 0.0578125 0.0515625
33 0.739844 0.658594 0.0265625 0.0890625
30 0.627344 0.634375 0.0203125 0.109375
11 0.309375 0.435937 0.034375 0.040625
11 0.257031 0.467969 0.0359375 0.0453125
26 0.472656 0.330469 0.0453125 0.0515625
11 0.303125 0.48125 0.0375 0.046875
25 0.20625 0.330469 0.046875 0.0640625
35 0.469531 0.154687 0.0390625 0.075
34 0.286719 0.139844 0.0421875 0.0953125
25 0.6125 0.163281 0.04375 0.0578125
1 0.553125 0.461719 0.0375 0.0484375
35 0.35 0.155469 0.0375 0.0703125
25 0.701563 0.157813 0.046875 0.06875
28 0.520312 0.15625 0.04375 0.071875
34 0.0929687 0.133594 0.0265625 0.0921875
1 0.592188 0.4875 0.0375 0.05625
28 0.653906 0.160156 0.0328125 0.0578125
29 0.164844 0.317187 0.0296875 0.0625
34 0.124219 0.134375 0.0359375 0.090625
20 0.488281 0.653125 0.0265625 0.090625
8 0.754687 0.151562 0.04375 0.075
25 0.683594 0.332812 0.0515625 0.053125
28 0.633594 0.110156 0.0609375 0.0328125
36 0.271875 0.314844 0.046875 0.0765625
21 0.435937 0.633594 0.025 0.0890625
29 0.11875 0.321875 0.05 0.065625
34 0.198437 0.1375 0.028125 0.0875
20 0.519531 0.653906 0.0265625 0.0890625
25 0.236719 0.1375 0.0453125 0.09375
12 0.580469 0.620313 0.0265625 0.0875
25 0.203906 0.489844 0.0421875 0.0609375
25 0.815625 0.153125 0.059375 0.078125
21 0.402344 0.65 0.0265625 0.0875
18 0.175781 0.665625 0.0484375 0.084375
18 0.117188 0.680469 0.0625 0.0828125
18 0.23125 0.671875 0.046875 0.078125
