28 0.682031 0.724219 0.0421875 0.0515625
2 0.749219 0.507812 0.0859375 0.025
28 0.480469 0.129688 0.0515625 0.025
7 0.176563 0.479688 0.028125 0.0375
30 0.644531 0.667188 0.0296875 0.103125
6 0.0953125 0.478125 0.075 0.028125
10 0.714844 0.357031 0.0421875 0.0390625
34 0.182812 0.166406 0.034375 0.0796875
32 0.339063 0.508594 0.0375 0.0609375
28 0.627344 0.175781 0.0890625 0.0640625
7 0.360938 0.352344 0.040625 0.0546875
34 0.2125 0.492188 0.0375 0.04375
25 0.382031 0.541406 0.0359375 0.0390625
13 0.83125 0.338281 0.03125 0.0828125
1 0.600781 0.525781 0.0609375 0.0453125
28 0.723437 0.175781 0.096875 0.0640625
25 0.221875 0.342187 0.05625 0.065625
26 0.360156 0.353125 0.0421875 0.05625
35 0.363281 0.196875 0.0765625 0.025
25 0.682031 0.724219 0.0421875 0.0484375
25 0.6625 0.341406 0.05 0.0296875
36 0.682031 0.471875 0.0203125 0.065625
12 0.185937 0.167187 0.028125 0.075
35 0.448438 0.165625 0.028125 0.053125
9 0.715625 0.360156 0.04375 0.0390625
2 0.861719 0.735156 0.0515625 0.0609375
25 0.23125 0.54375 0.08125 0.028125
29 0.167969 0.315625 0.0515625 0.040625
23 0.407031 0.647656 0.0484375 0.0703125
29 0.121875 0.314844 0.03125 0.0453125
18 0.114063 0.6375 0.053125 0.071875
6 0.211719 0.49375 0.0359375 0.05
36 0.222656 0.311719 0.0453125 0.0390625
14 0.45 0.352344 0.0375 0.0546875
29 0.282031 0.171094 0.0453125 0.0703125
26 0.548437 0.350781 0.0375 0.0578125
12 0.653125 0.666406 0.021875 0.0890625
35 0.374219 0.161719 0.0359375 0.0390625
18 0.492188 0.175781 0.046875 0.0609375
8 0.863281 0.174219 0.0296875 0.0578125
35 0.413281 0.161719 0.0390625 0.0421875
30 0.633594 0.667188 0.0203125 0.10625
26 0.570312 0.289844 0.046875 0.0453125
25 0.197656 0.107031 0.0921875 0.0328125
25 0.225781 0.361719 0.0640625 0.0421875
9 0.885938 0.347656 0.04375 0.0609375
1 0.634375 0.532031 0.040625 0.0421875
11 0.14375 0.532031 0.04375 0.0578125
34 0.110156 0.166406 0.0296875 0.0765625
21 0.410937 0.342187 0.028125 0.08125
28 0.561719 0.179688 0.0359375 0.05
20 0.5875 0.726562 0.05 0.05625
23 0.402344 0.715625 0.0515625 0.059375
25 0.302344 0.35 0.0484375 0.0625
6 0.295312 0.4875 0.0375 0.046875
33 0.80625 0.676562 0.021875 0.0875
3 0.867188 0.527344 0.065625 0.0578125
20 0.567187 0.658594 0.025 0.0703125
25 0.592969 0.357031 0.0453125 0.0546875
34 0.1375 0.165625 0.028125 0.078125
1 0.591406 0.513281 0.0421875 0.0421875
28 0.753125 0.175781 0.04375 0.0671875
25 0.900781 0.167187 0.0484375 0.075
34 0.134375 0.3625 0.09375 0.03125
21 0.495313 0.660937 0.028125 0.078125
36 0.645312 0.466406 0.0375 0.0765625
35 0.332812 0.15625 0.034375 0.046875
21 0.682031 0.473437 0.0203125 0.0625
28 0.605469 0.174219 0.0390625 0.0703125
21 0.371094 0.482031 0.0203125 0.0703125
20 0.532031 0.68125 0.0296875 0.084375
21 0.421094 0.485938 0.0296875 0.059375
25 0.220313 0.169531 0.034375 0.0734375
28 0.652344 0.177344 0.0421875 0.0609375
18 0.189844 0.709375 0.0453125 0.065625
21 0.453125 0.685938 0.025 0.0875
28 0.7 0.175781 0.04375 0.0671875
25 0.76875 0.357031 0.05625 0.0421875
28 0.740625 0.708594 0.05 0.104687
18 0.0867188 0.529688 0.0546875 0.059375
34 0.254687 0.651563 0.040625 0.08125
18 0.296094 0.702344 0.0421875 0.0890625
8 0.813281 0.161719 0.0609375 0.0890625
18 0.247656 0.728906 0.0484375 0.0609375
18 0.114063 0.710156 0.05 0.0515625
