17 0.527344 0.617969 0.0484375 0.0546875
30 0.64375 0.792188 0.025 0.128125
25 0.524219 0.617188 0.0546875 0.05625
0 0.686719 0.61875 0.0359375 0.040625
4 0.6875 0.61875 0.0375 0.040625
7 0.114844 0.563281 0.0453125 0.0390625
28 0.739844 0.164844 0.0171875 0.0890625
18 0.254687 0.776563 0.04375 0.09375
22 0.353906 0.790625 0.0453125 0.096875
24 0.660156 0.403906 0.0578125 0.0515625
2 0.786719 0.595312 0.0984375 0.065625
10 0.791406 0.40625 0.0546875 0.05
29 0.0898438 0.379687 0.0984375 0.0875
7 0.107813 0.526563 0.04375 0.034375
30 0.653906 0.789062 0.0234375 0.1125
21 0.420312 0.542969 0.01875 0.0734375
1 0.6875 0.617969 0.0375 0.0421875
36 0.601562 0.392188 0.046875 0.06875
32 0.309375 0.596875 0.04375 0.059375
11 0.221094 0.563281 0.0390625 0.0359375
28 0.636719 0.177344 0.0484375 0.0609375
15 0.660156 0.403125 0.0578125 0.05
26 0.290625 0.378125 0.05 0.0875
16 0.35625 0.611719 0.0375 0.0359375
27 0.602344 0.395312 0.0515625 0.06875
19 0.253906 0.777344 0.0421875 0.0953125
26 0.397656 0.385156 0.0390625 0.0890625
17 0.435937 0.600781 0.040625 0.0578125
9 0.792188 0.404687 0.053125 0.05
23 0.352344 0.792188 0.0515625 0.096875
25 0.1375 0.595312 0.065625 0.06875
9 0.858594 0.385156 0.0578125 0.0859375
25 0.203125 0.607813 0.05625 0.05
23 0.302344 0.778906 0.0453125 0.101562
14 0.397656 0.385156 0.0390625 0.0828125
5 0.78125 0.81875 0.028125 0.109375
26 0.535937 0.388281 0.059375 0.0828125
26 0.45625 0.385156 0.06875 0.0921875
13 0.289844 0.378125 0.0515625 0.0875
9 0.919531 0.383594 0.0578125 0.0953125
24 0.726562 0.401563 0.0625 0.0625
29 0.119531 0.379687 0.0453125 0.090625
34 0.160938 0.166406 0.034375 0.107813
33 0.875 0.819531 0.028125 0.101562
3 0.908594 0.607031 0.117188 0.0859375
21 0.366406 0.547656 0.0265625 0.0921875
35 0.396875 0.1875 0.028125 0.065625
35 0.466406 0.163281 0.0609375 0.0828125
11 0.260938 0.596875 0.040625 0.05625
13 0.346094 0.379687 0.0515625 0.090625
20 0.528125 0.80625 0.03125 0.103125
20 0.6125 0.796094 0.03125 0.107813
28 0.771094 0.163281 0.0515625 0.101562
29 0.0640625 0.383594 0.05 0.0796875
7 0.0648438 0.569531 0.0453125 0.0671875
36 0.232031 0.380469 0.0515625 0.0859375
30 0.708594 0.757812 0.0234375 0.128125
20 0.564844 0.778906 0.0265625 0.0859375
34 0.250781 0.176563 0.0453125 0.09375
1 0.642187 0.616406 0.046875 0.0546875
28 0.703125 0.164844 0.05 0.0921875
21 0.485938 0.771875 0.040625 0.090625
36 0.178906 0.380469 0.0453125 0.0859375
35 0.304688 0.182031 0.046875 0.0828125
34 0.205469 0.172656 0.0328125 0.0921875
28 0.534375 0.15625 0.046875 0.096875
8 0.910156 0.157031 0.0578125 0.114063
34 0.124219 0.173438 0.0453125 0.090625
1 0.589844 0.589844 0.0453125 0.0546875
8 0.84375 0.163281 0.06875 0.0953125
28 0.585938 0.153125 0.053125 0.103125
18 0.110937 0.775781 0.046875 0.0921875
18 0.0609375 0.779688 0.046875 0.09375
18 0.207813 0.779688 0.046875 0.09375
34 0.071875 0.170312 0.04375 0.103125
35 0.355469 0.183594 0.0453125 0.0796875
18 0.157813 0.777344 0.04375 0.0890625
21 0.445312 0.775781 0.0375 0.0890625
