23 0.942969 0.921875 0.0828125 0.125
17 0.675 0.721094 0.1 0.104687
17 0.898438 0.657031 0.0875 0.0421875
22 0.50625 0.932813 0.1 0.103125
18 0.250781 0.9375 0.195312 0.10625
23 0.616406 0.930469 0.104687 0.101562
17 0.975781 0.725781 0.0484375 0.0828125
19 0.507812 0.932031 0.096875 0.101562
23 0.853906 0.925 0.0796875 0.125
13 0.960938 0.492969 0.078125 0.114063
19 0.615625 0.929688 0.10625 0.103125
22 0.614844 0.932031 0.104687 0.101562
11 0.203906 0.684375 0.0796875 0.1
17 0.889844 0.725781 0.104687 0.0828125
4 0.976562 0.726562 0.046875 0.084375
6 0.3125 0.705469 0.096875 0.101562
26 0.960938 0.492969 0.078125 0.114063
7 0.207031 0.6875 0.0953125 0.1
11 0.313281 0.707812 0.0921875 0.1125
21 0.855469 0.927344 0.0734375 0.114063
23 0.726562 0.928906 0.109375 0.107813
7 0.0835937 0.70625 0.110937 0.11875
11 0.433594 0.720312 0.0984375 0.103125
11 0.554688 0.724219 0.1 0.0953125
29 0.160156 0.471094 0.117188 0.114063
36 0.433594 0.489062 0.120312 0.1375
21 0.942187 0.924219 0.078125 0.114063
13 0.717969 0.496875 0.129688 0.125
34 0.059375 0.203906 0.10625 0.170312
35 0.567187 0.217187 0.1125 0.1625
36 0.294531 0.480469 0.114063 0.139062
18 0.0773437 0.939844 0.0921875 0.101562
34 0.184375 0.203125 0.128125 0.1875
29 0.04375 0.483594 0.0875 0.129688
13 0.579687 0.491406 0.1125 0.123438
34 0.317187 0.207031 0.121875 0.173438
35 0.697656 0.217969 0.117188 0.164062
35 0.951563 0.226562 0.096875 0.15625
18 0.189063 0.934375 0.096875 0.103125
18 0.296094 0.934375 0.0921875 0.1
34 0.445312 0.211719 0.109375 0.164062
35 0.828125 0.222656 0.115625 0.157813
18 0.403125 0.932813 0.1 0.1
