24 0.746094 0.515625 0.0640625 0.0875
19 0.35625 0.957812 0.046875 0.084375
23 0.30625 0.959375 0.046875 0.08125
1 0.81875 0.727344 0.115625 0.132812
17 0.540625 0.747656 0.040625 0.0953125
17 0.436719 0.742969 0.0453125 0.0921875
1 0.741406 0.760938 0.0390625 0.065625
18 0.134375 0.957031 0.103125 0.0796875
21 0.489062 0.950781 0.078125 0.0890625
28 0.950781 0.191406 0.0859375 0.182812
16 0.436719 0.744531 0.0421875 0.0921875
23 0.358594 0.95625 0.0484375 0.084375
4 0.539062 0.746875 0.040625 0.090625
31 0.582812 0.747656 0.0375 0.101562
19 0.305469 0.958594 0.0484375 0.0828125
13 0.53125 0.49375 0.059375 0.125
15 0.742188 0.517969 0.075 0.0921875
34 0.121094 0.170312 0.107813 0.1875
5 0.791406 0.951563 0.0265625 0.09375
4 0.436719 0.744531 0.0421875 0.0921875
27 0.674219 0.510156 0.0640625 0.101562
14 0.475 0.5 0.05 0.11875
17 0.488281 0.746094 0.0515625 0.0859375
6 0.217187 0.727344 0.046875 0.104687
23 0.410156 0.95625 0.0484375 0.0875
33 0.864062 0.957031 0.028125 0.0859375
9 0.9625 0.4875 0.06875 0.153125
26 0.532031 0.499219 0.0546875 0.123438
24 0.814062 0.488281 0.059375 0.107813
9 0.890625 0.510938 0.065625 0.10625
26 0.600781 0.501562 0.0671875 0.13125
13 0.342187 0.486719 0.053125 0.139062
12 0.664844 0.951563 0.0359375 0.096875
7 0.166406 0.70625 0.0453125 0.10625
7 0.104687 0.728906 0.05625 0.117188
2 0.821094 0.727344 0.126563 0.135937
29 0.142188 0.469531 0.05625 0.123438
29 0.0742188 0.480469 0.0640625 0.129688
30 0.73125 0.936719 0.028125 0.126563
11 0.330469 0.745313 0.0515625 0.09375
20 0.571094 0.957812 0.0328125 0.084375
20 0.603906 0.957031 0.0296875 0.0828125
11 0.271875 0.742188 0.053125 0.09375
36 0.203906 0.478906 0.0640625 0.148438
13 0.408594 0.492188 0.0640625 0.140625
1 0.689844 0.751562 0.0546875 0.090625
21 0.471875 0.955469 0.0375 0.0890625
3 0.946094 0.732813 0.107813 0.1375
21 0.513281 0.954687 0.0359375 0.090625
18 0.25625 0.959375 0.046875 0.08125
1 0.632031 0.753125 0.0578125 0.090625
36 0.273438 0.488281 0.06875 0.157813
18 0.101562 0.960156 0.05 0.0796875
35 0.397656 0.192969 0.0578125 0.170312
28 0.663281 0.192969 0.0546875 0.182812
28 0.865625 0.198437 0.065625 0.175
28 0.597656 0.196875 0.0578125 0.18125
34 0.217187 0.175781 0.05625 0.182812
18 0.155469 0.959375 0.0484375 0.08125
28 0.792969 0.192188 0.0609375 0.1875
35 0.459375 0.2 0.05625 0.165625
18 0.20625 0.958594 0.046875 0.0828125
28 0.727344 0.197656 0.0515625 0.170312
35 0.525781 0.2 0.0609375 0.16875
8 0.953125 0.192188 0.0875 0.175
34 0.0953125 0.170312 0.05 0.18125
34 0.275781 0.18125 0.0515625 0.171875
34 0.03125 0.167187 0.05625 0.1875
35 0.335938 0.185156 0.059375 0.185937
34 0.154687 0.167969 0.05625 0.189063
