13 0.473437 0.196875 0.0875 0.19375
26 0.78125 0.686719 0.078125 0.132812
26 0.815625 0.151562 0.153125 0.228125
14 0.860156 0.870313 0.0734375 0.090625
14 0.633594 0.651563 0.0671875 0.11875
14 0.560156 0.628906 0.0640625 0.114063
14 0.783594 0.6875 0.0828125 0.140625
26 0.860937 0.869531 0.075 0.0953125
26 0.954687 0.903906 0.08125 0.101562
13 0.575781 0.471875 0.0796875 0.121875
13 0.804688 0.478125 0.10625 0.153125
13 0.920313 0.497656 0.10625 0.170312
13 0.617969 0.20625 0.139062 0.159375
13 0.680469 0.470313 0.104687 0.140625
