13 0.736719 0.851562 0.126563 0.190625
13 0.905469 0.852344 0.164062 0.173438
14 0.578125 0.846094 0.1375 0.189063
26 0.738281 0.847656 0.148438 0.195312
26 0.907812 0.851562 0.15625 0.209375
36 0.0617188 0.828125 0.123438 0.24375
13 0.229687 0.824219 0.14375 0.232812
28 0.896094 0.333594 0.160938 0.310937
13 0.400781 0.834375 0.160938 0.23125
35 0.211719 0.329688 0.151562 0.309375
34 0.0632813 0.317187 0.126563 0.309375
35 0.710938 0.340625 0.165625 0.3
35 0.376563 0.334375 0.153125 0.309375
35 0.536719 0.341406 0.154687 0.304688
