26 0.501562 0.360938 0.0625 0.04375
25 0.35 0.747656 0.034375 0.0578125
27 0.500781 0.35625 0.0609375 0.046875
15 0.621094 0.444531 0.0578125 0.0390625
9 0.557813 0.433594 0.05625 0.0515625
12 0.778906 0.828906 0.0234375 0.0921875
21 0.45 0.80625 0.021875 0.053125
2 0.8 0.623438 0.034375 0.075
21 0.349219 0.746094 0.0359375 0.0578125
2 0.567969 0.595312 0.0484375 0.046875
19 0.30625 0.799219 0.046875 0.0859375
16 0.275781 0.595312 0.0453125 0.040625
17 0.467187 0.628125 0.046875 0.05625
1 0.566406 0.599219 0.0421875 0.0453125
31 0.524219 0.601562 0.0265625 0.046875
24 0.621875 0.444531 0.05625 0.0390625
10 0.625 0.4 0.053125 0.034375
18 0.147656 0.814844 0.0859375 0.0640625
11 0.275 0.597656 0.046875 0.0453125
23 0.35625 0.805469 0.040625 0.0546875
5 0.777344 0.824219 0.0234375 0.0953125
4 0.471094 0.629687 0.0421875 0.05625
33 0.778906 0.835156 0.0234375 0.0859375
13 0.391406 0.342187 0.0328125 0.06875
4 0.3625 0.603906 0.028125 0.0421875
2 0.767969 0.622656 0.0890625 0.0796875
35 0.326562 0.169531 0.05 0.0484375
32 0.323438 0.624219 0.0375 0.0578125
2 0.714063 0.627344 0.084375 0.0859375
23 0.30625 0.799219 0.046875 0.0859375
27 0.557031 0.435156 0.0609375 0.0484375
9 0.625 0.4 0.053125 0.040625
33 0.860156 0.841406 0.0265625 0.0765625
8 0.696875 0.132812 0.0875 0.05
21 0.417969 0.804688 0.0265625 0.059375
30 0.709375 0.798437 0.021875 0.115625
14 0.296094 0.339844 0.0359375 0.0765625
29 0.294531 0.333594 0.0390625 0.0765625
7 0.08125 0.585938 0.0375 0.065625
6 0.139062 0.553125 0.040625 0.053125
11 0.227344 0.601562 0.0359375 0.05625
18 0.0914062 0.790625 0.0328125 0.075
18 0.75 0.427344 0.0625 0.0765625
6 0.180469 0.611719 0.0390625 0.0671875
28 0.790625 0.154687 0.046875 0.059375
24 0.685938 0.430469 0.05625 0.0453125
29 0.198437 0.342187 0.040625 0.065625
9 0.817187 0.408594 0.05625 0.0953125
28 0.400781 0.116406 0.0734375 0.0515625
20 0.0585938 0.817969 0.0328125 0.0921875
12 0.509375 0.825 0.03125 0.084375
26 0.491406 0.428125 0.0609375 0.075
3 0.877344 0.625781 0.0953125 0.0828125
28 0.66875 0.814844 0.046875 0.101562
11 0.316406 0.560938 0.0515625 0.040625
28 0.439844 0.745313 0.0515625 0.075
20 0.54375 0.825 0.03125 0.084375
34 0.329688 0.225 0.053125 0.046875
36 0.096875 0.334375 0.0625 0.046875
13 0.289062 0.421875 0.05 0.078125
9 0.8875 0.415625 0.065625 0.09375
35 0.260156 0.121094 0.0421875 0.0484375
36 0.232031 0.410156 0.0453125 0.0828125
7 0.121094 0.611719 0.0453125 0.0578125
29 0.125781 0.409375 0.0453125 0.084375
25 0.823438 0.757812 0.109375 0.059375
35 0.410937 0.203125 0.046875 0.0875
13 0.346094 0.41875 0.0515625 0.084375
8 0.798437 0.221094 0.065625 0.0515625
26 0.425781 0.419531 0.0515625 0.0796875
7 0.192969 0.547656 0.0453125 0.0484375
18 0.695312 0.628125 0.05 0.0875
28 0.467969 0.196875 0.0484375 0.103125
24 0.914844 0.839063 0.0734375 0.090625
29 0.06875 0.417188 0.05 0.075
36 0.179688 0.416406 0.053125 0.0828125
34 0.210938 0.191406 0.046875 0.120312
35 0.530469 0.740625 0.0484375 0.06875
18 0.174219 0.817187 0.0390625 0.059375
28 0.541406 0.198437 0.0609375 0.096875
18 0.21875 0.8125 0.040625 0.0625
28 0.670313 0.211719 0.059375 0.0671875
28 0.732031 0.201562 0.0515625 0.090625
8 0.892969 0.195312 0.0734375 0.10625
34 0.266406 0.202344 0.0546875 0.0953125
28 0.604688 0.198437 0.05 0.1
12 0.623438 0.777344 0.034375 0.0953125
18 0.129688 0.811719 0.040625 0.0796875
34 0.0515625 0.191406 0.046875 0.104687
34 0.160156 0.189844 0.0484375 0.110937
36 0.177344 0.746875 0.0484375 0.071875
34 0.107813 0.190625 0.053125 0.1125
