25 0.388281 0.698438 0.0390625 0.078125
18 0.283594 0.772656 0.0859375 0.0890625
2 0.782812 0.552344 0.03125 0.0765625
31 0.413281 0.504687 0.0328125 0.0375
11 0.282813 0.522656 0.08125 0.0484375
17 0.504687 0.5125 0.040625 0.0375
1 0.574219 0.525781 0.0421875 0.0515625
35 0.307813 0.136719 0.04375 0.0578125
11 0.296094 0.567187 0.0484375 0.034375
31 0.536719 0.525781 0.0265625 0.0421875
13 0.458594 0.344531 0.0515625 0.0765625
34 0.1875 0.136719 0.0875 0.0921875
7 0.15625 0.470313 0.040625 0.059375
34 0.310156 0.155469 0.0453125 0.0515625
31 0.445312 0.508594 0.025 0.0359375
5 0.767187 0.773438 0.025 0.134375
24 0.624219 0.369531 0.0515625 0.0421875
15 0.623438 0.369531 0.05 0.0421875
9 0.63125 0.326562 0.04375 0.0375
9 0.569531 0.360156 0.0453125 0.0515625
27 0.525 0.285937 0.046875 0.046875
22 0.346094 0.758594 0.0484375 0.104687
32 0.347656 0.55 0.0390625 0.065625
1 0.657031 0.533594 0.0421875 0.0359375
35 0.304688 0.121875 0.03125 0.040625
35 0.435937 0.142969 0.021875 0.0828125
35 0.310937 0.15625 0.046875 0.053125
2 0.573438 0.527344 0.040625 0.0515625
34 0.0914062 0.135156 0.0890625 0.0859375
35 0.354688 0.16875 0.03125 0.034375
19 0.347656 0.7625 0.0453125 0.096875
4 0.483594 0.560938 0.0359375 0.059375
27 0.569531 0.360938 0.0484375 0.05
16 0.385156 0.524219 0.0328125 0.0484375
6 0.245312 0.524219 0.034375 0.0609375
4 0.385156 0.523438 0.0328125 0.05
10 0.736719 0.34375 0.0484375 0.05
23 0.394531 0.777344 0.0390625 0.0640625
11 0.245312 0.525 0.034375 0.059375
7 0.100781 0.503906 0.0390625 0.0578125
25 0.264062 0.692969 0.084375 0.0421875
16 0.296875 0.516406 0.046875 0.0453125
23 0.347656 0.763281 0.0453125 0.0984375
2 0.744531 0.55 0.104687 0.1
14 0.296875 0.25625 0.0375 0.06875
33 0.839844 0.778906 0.0265625 0.126563
19 0.297656 0.76875 0.0453125 0.09375
14 0.398438 0.346875 0.040625 0.065625
8 0.682031 0.0757812 0.0703125 0.0515625
28 0.767969 0.09375 0.0390625 0.05625
13 0.386719 0.269531 0.0453125 0.0703125
9 0.7375 0.342187 0.046875 0.053125
24 0.682031 0.353125 0.0546875 0.040625
28 0.664062 0.758594 0.040625 0.135937
26 0.511719 0.35625 0.0515625 0.075
26 0.457812 0.346094 0.05625 0.0796875
6 0.15625 0.469531 0.0375 0.0546875
13 0.292188 0.338281 0.05 0.0796875
29 0.208594 0.260156 0.0421875 0.0578125
7 0.136719 0.538281 0.0484375 0.0640625
7 0.208594 0.464844 0.0453125 0.0546875
30 0.700781 0.747656 0.0234375 0.145313
21 0.389062 0.696875 0.0375 0.078125
35 0.252344 0.0773437 0.0359375 0.0390625
13 0.349219 0.3375 0.0484375 0.084375
35 0.461719 0.145313 0.0296875 0.08125
9 0.853125 0.3375 0.05625 0.09375
3 0.852344 0.552344 0.0828125 0.0890625
21 0.461719 0.7375 0.0296875 0.096875
9 0.792188 0.329688 0.05 0.0875
6 0.200781 0.53125 0.0453125 0.08125
8 0.774219 0.157031 0.0515625 0.0484375
36 0.107813 0.257031 0.065625 0.0453125
11 0.335938 0.475781 0.053125 0.0421875
28 0.554688 0.142969 0.053125 0.0859375
24 0.890625 0.792969 0.06875 0.110937
35 0.399219 0.148438 0.0484375 0.075
28 0.382812 0.0765625 0.06875 0.053125
29 0.1375 0.325781 0.04375 0.0859375
29 0.0820312 0.335156 0.0484375 0.0703125
28 0.503906 0.138281 0.0390625 0.0890625
12 0.61875 0.723437 0.028125 0.1
12 0.514063 0.767187 0.028125 0.121875
36 0.238281 0.327344 0.0421875 0.0796875
8 0.847656 0.136719 0.0609375 0.0921875
36 0.188281 0.335156 0.0484375 0.0796875
18 0.246875 0.780469 0.04375 0.0734375
21 0.43125 0.738281 0.025 0.0984375
28 0.719531 0.142188 0.0453125 0.08125
36 0.2 0.692187 0.046875 0.0875
20 0.547656 0.775 0.0328125 0.10625
28 0.614844 0.138281 0.0390625 0.0953125
28 0.667969 0.149219 0.0484375 0.0609375
18 0.195312 0.782031 0.05 0.0796875
34 0.208594 0.1375 0.0390625 0.09375
18 0.0945313 0.774219 0.0484375 0.104687
34 0.0671875 0.1375 0.04375 0.0875
34 0.115625 0.136719 0.04375 0.0953125
18 0.146875 0.773438 0.046875 0.096875
34 0.258594 0.146094 0.0453125 0.0828125
34 0.161719 0.135937 0.0453125 0.096875
