25 0.742969 0.422656 0.0609375 0.0359375
21 0.548437 0.722656 0.01875 0.0671875
18 0.10625 0.735156 0.053125 0.0578125
34 0.125781 0.553125 0.0390625 0.0375
17 0.45625 0.539844 0.040625 0.0671875
25 0.621094 0.176563 0.0515625 0.0625
34 0.185937 0.567969 0.0625 0.0328125
17 0.402344 0.607813 0.0609375 0.040625
6 0.0546875 0.546875 0.084375 0.028125
2 0.746094 0.578906 0.0828125 0.0265625
2 0.844531 0.594531 0.0203125 0.0578125
25 0.719531 0.611719 0.0453125 0.0296875
26 0.601562 0.365625 0.046875 0.0375
21 0.345313 0.603125 0.025 0.040625
23 0.365625 0.780469 0.03125 0.0484375
13 0.346094 0.419531 0.0359375 0.0578125
20 0.530469 0.726562 0.0171875 0.071875
25 0.191406 0.608594 0.0609375 0.0296875
25 0.459375 0.360156 0.071875 0.0265625
36 0.245312 0.353906 0.034375 0.0390625
24 0.661719 0.428125 0.0796875 0.04375
13 0.442187 0.399219 0.05 0.0484375
9 0.830469 0.389062 0.0421875 0.040625
12 0.578906 0.572656 0.0234375 0.0828125
34 0.186719 0.545313 0.0453125 0.034375
24 0.740625 0.428906 0.065625 0.0390625
6 0.13125 0.551562 0.04375 0.0375
28 0.520312 0.234375 0.034375 0.065625
25 0.817187 0.428125 0.05625 0.040625
18 0.620313 0.175 0.053125 0.0625
28 0.751562 0.760938 0.059375 0.040625
27 0.582031 0.419531 0.0484375 0.0578125
26 0.442969 0.402344 0.0453125 0.0484375
26 0.664062 0.428125 0.071875 0.046875
21 0.311719 0.58125 0.0265625 0.078125
9 0.115625 0.229687 0.053125 0.08125
33 0.802344 0.76875 0.0203125 0.075
28 0.688281 0.225781 0.0390625 0.0296875
26 0.507031 0.427344 0.0640625 0.0453125
26 0.651563 0.378125 0.04375 0.04375
36 0.190625 0.385938 0.046875 0.04375
20 0.309375 0.585938 0.028125 0.08125
11 0.271875 0.582812 0.040625 0.046875
25 0.659375 0.792969 0.053125 0.0453125
35 0.378906 0.222656 0.0296875 0.0765625
13 0.297656 0.414062 0.0515625 0.071875
30 0.704687 0.752344 0.021875 0.120312
21 0.351562 0.55 0.015625 0.065625
34 0.0726563 0.236719 0.0265625 0.0796875
18 0.0671875 0.765625 0.04375 0.05625
8 0.86875 0.239063 0.040625 0.06875
35 0.31875 0.222656 0.046875 0.0484375
21 0.432031 0.728125 0.0203125 0.071875
36 0.194531 0.434375 0.0734375 0.034375
11 0.10625 0.604688 0.04375 0.05
36 0.244531 0.401563 0.0421875 0.053125
28 0.53125 0.210156 0.046875 0.0359375
9 0.885156 0.410937 0.0515625 0.06875
29 0.121094 0.403125 0.0421875 0.05625
35 0.457812 0.240625 0.0375 0.059375
25 0.563281 0.251563 0.0453125 0.040625
25 0.913281 0.235156 0.0421875 0.0765625
25 0.182031 0.235156 0.0484375 0.0734375
28 0.644531 0.603125 0.0578125 0.053125
21 0.671094 0.540625 0.0203125 0.05625
34 0.0945313 0.446875 0.101562 0.03125
20 0.557031 0.797656 0.0546875 0.0515625
25 0.166406 0.165625 0.0890625 0.034375
18 0.0484375 0.594531 0.0625 0.0578125
12 0.629687 0.733594 0.028125 0.0765625
12 0.83125 0.774219 0.03125 0.0921875
20 0.492969 0.6125 0.0890625 0.040625
8 0.736719 0.209375 0.0578125 0.071875
18 0.163281 0.769531 0.0453125 0.0609375
18 0.615625 0.24375 0.053125 0.059375
36 0.634375 0.53125 0.04375 0.071875
29 0.071875 0.389062 0.05 0.078125
20 0.504687 0.728125 0.028125 0.071875
18 0.21875 0.785937 0.04375 0.05625
34 0.223438 0.238281 0.03125 0.0703125
34 0.225 0.714844 0.0375 0.0796875
34 0.261719 0.166406 0.0546875 0.0453125
18 0.26875 0.759375 0.04375 0.08125
21 0.460156 0.728906 0.0328125 0.0734375
8 0.810156 0.232812 0.0640625 0.084375
34 0.263281 0.238281 0.0421875 0.0734375
28 0.914844 0.788281 0.0484375 0.0734375
28 0.883594 0.575 0.0484375 0.046875
21 0.407031 0.755469 0.0296875 0.0796875
21 0.307813 0.746875 0.028125 0.084375
