13 0.336719 0.402344 0.101562 0.0765625
29 0.158594 0.4 0.101562 0.071875
23 0.271094 0.7 0.0453125 0.0625
21 0.39375 0.691406 0.078125 0.0640625
21 0.446875 0.700781 0.071875 0.0671875
8 0.725 0.402344 0.0625 0.0671875
32 0.325 0.548437 0.040625 0.078125
15 0.65 0.408594 0.0625 0.0640625
24 0.65 0.407813 0.0625 0.0625
9 0.58125 0.404687 0.046875 0.071875
19 0.325781 0.698438 0.0515625 0.0625
27 0.582812 0.404687 0.05 0.075
31 0.504687 0.549219 0.034375 0.0765625
4 0.463281 0.541406 0.0359375 0.0765625
1 0.647656 0.5625 0.0265625 0.046875
19 0.270312 0.7 0.04375 0.0625
23 0.325 0.698438 0.053125 0.0625
13 0.3625 0.403906 0.04375 0.0734375
16 0.369531 0.55 0.0359375 0.071875
5 0.757812 0.704687 0.021875 0.075
6 0.172656 0.551562 0.0453125 0.078125
35 0.413281 0.258594 0.0359375 0.0609375
26 0.530469 0.405469 0.0484375 0.0671875
17 0.417969 0.560938 0.0421875 0.06875
13 0.307813 0.403125 0.046875 0.08125
35 0.373437 0.251563 0.05 0.078125
9 0.8625 0.392969 0.065625 0.0859375
30 0.669531 0.69375 0.0203125 0.096875
9 0.79375 0.397656 0.059375 0.0734375
14 0.415625 0.404687 0.046875 0.075
33 0.823438 0.707812 0.028125 0.075
7 0.120312 0.555469 0.04375 0.0703125
26 0.474219 0.407031 0.0515625 0.0671875
23 0.380469 0.6875 0.0421875 0.065625
7 0.0625 0.560156 0.046875 0.0734375
24 0.724219 0.403906 0.0671875 0.0734375
3 0.715625 0.557031 0.1 0.0734375
11 0.224219 0.560938 0.0421875 0.059375
18 0.224219 0.701563 0.0421875 0.065625
28 0.647656 0.247656 0.0484375 0.0828125
12 0.613281 0.701563 0.0328125 0.078125
1 0.604688 0.549219 0.046875 0.0796875
11 0.274219 0.564844 0.0484375 0.0609375
20 0.513281 0.702344 0.0296875 0.0703125
36 0.186719 0.396875 0.0484375 0.08125
35 0.458594 0.246875 0.0484375 0.084375
21 0.427344 0.697656 0.0328125 0.0671875
8 0.824219 0.245312 0.0671875 0.078125
35 0.313281 0.249219 0.0453125 0.0828125
2 0.847656 0.558594 0.139062 0.0796875
1 0.552344 0.559375 0.0453125 0.071875
8 0.905469 0.239063 0.0703125 0.0875
28 0.700781 0.252344 0.0515625 0.0734375
29 0.071875 0.399219 0.053125 0.0796875
28 0.580469 0.248437 0.0546875 0.084375
29 0.130469 0.403125 0.0484375 0.071875
20 0.546875 0.701563 0.028125 0.06875
28 0.757031 0.247656 0.0515625 0.0796875
28 0.521875 0.247656 0.05 0.0859375
18 0.133594 0.697656 0.0453125 0.0703125
18 0.178906 0.701563 0.0421875 0.06875
34 0.10625 0.240625 0.034375 0.090625
18 0.0820312 0.698438 0.0453125 0.06875
34 0.0601562 0.241406 0.0484375 0.0921875
36 0.244531 0.401563 0.0484375 0.08125
34 0.259375 0.246875 0.05 0.084375
34 0.201562 0.242969 0.053125 0.0921875
21 0.465625 0.701563 0.03125 0.06875
34 0.147656 0.240625 0.0453125 0.096875
