20 0.552344 0.783594 0.0515625 0.0796875
6 0.0632813 0.557813 0.0703125 0.03125
16 0.3375 0.589844 0.028125 0.0328125
2 0.846094 0.873438 0.0484375 0.0375
10 0.713281 0.429688 0.0453125 0.04375
2 0.714844 0.632812 0.0234375 0.05625
18 0.253125 0.771875 0.0375 0.05
36 0.135937 0.377344 0.046875 0.0515625
1 0.585938 0.625781 0.04375 0.0546875
34 0.130469 0.382812 0.0421875 0.071875
35 0.510156 0.20625 0.0234375 0.065625
35 0.314063 0.216406 0.065625 0.0796875
16 0.501562 0.636719 0.04375 0.0453125
3 0.874219 0.821875 0.0484375 0.059375
21 0.470313 0.778906 0.021875 0.0953125
35 0.4 0.221875 0.0875 0.06875
32 0.301562 0.611719 0.0375 0.0578125
31 0.548437 0.614844 0.021875 0.0328125
9 0.896875 0.421875 0.040625 0.065625
16 0.445312 0.624219 0.03125 0.0515625
21 0.501562 0.779688 0.025 0.084375
9 0.714063 0.432813 0.04375 0.04375
18 0.132031 0.766406 0.0265625 0.0796875
35 0.432813 0.219531 0.028125 0.0640625
34 0.152344 0.20625 0.0203125 0.096875
3 0.907031 0.885156 0.0390625 0.0421875
8 0.871094 0.203906 0.0359375 0.0703125
13 0.835938 0.410937 0.034375 0.090625
4 0.500781 0.636719 0.0421875 0.0453125
17 0.398438 0.619531 0.04375 0.0484375
6 0.174219 0.569531 0.0359375 0.0515625
25 0.680469 0.634375 0.0328125 0.040625
23 0.358594 0.817187 0.0515625 0.06875
18 0.435156 0.222656 0.0265625 0.0640625
36 0.189844 0.377344 0.0390625 0.0453125
11 0.253125 0.621094 0.0375 0.0484375
21 0.363281 0.407813 0.0234375 0.09375
25 0.653125 0.408594 0.0625 0.0359375
29 0.245312 0.217187 0.046875 0.08125
4 0.445312 0.624219 0.03125 0.0515625
3 0.871094 0.632031 0.0796875 0.0640625
11 0.113281 0.61875 0.0421875 0.0625
25 0.267188 0.413281 0.046875 0.0796875
12 0.585156 0.198437 0.0265625 0.1
21 0.403906 0.771875 0.0234375 0.1
25 0.588281 0.625 0.0453125 0.053125
6 0.257031 0.56875 0.0390625 0.053125
23 0.302344 0.754687 0.0421875 0.078125
20 0.524219 0.85625 0.0328125 0.084375
28 0.544531 0.207031 0.0390625 0.0703125
33 0.8125 0.797656 0.021875 0.0953125
29 0.132812 0.377344 0.04375 0.0546875
26 0.538281 0.414844 0.0453125 0.0765625
34 0.228906 0.721094 0.0953125 0.0390625
1 0.635938 0.634375 0.04375 0.04375
25 0.194531 0.424219 0.0578125 0.0546875
29 0.08125 0.38125 0.046875 0.05625
26 0.480469 0.413281 0.0546875 0.0796875
13 0.325781 0.401563 0.0453125 0.0875
20 0.536719 0.778906 0.0296875 0.0671875
26 0.422656 0.415625 0.0453125 0.078125
21 0.678906 0.567969 0.0234375 0.0765625
35 0.292969 0.214844 0.0359375 0.0890625
20 0.56875 0.795313 0.028125 0.084375
30 0.703906 0.778906 0.0203125 0.117188
18 0.221094 0.770312 0.0328125 0.05
28 0.748438 0.209375 0.059375 0.06875
25 0.914062 0.192969 0.059375 0.0921875
25 0.182812 0.203125 0.04375 0.1
21 0.432031 0.771875 0.0265625 0.090625
20 0.622656 0.857813 0.0734375 0.053125
28 0.746875 0.832812 0.05625 0.125
28 0.692187 0.204688 0.046875 0.071875
34 0.104687 0.434375 0.1 0.034375
25 0.5875 0.428125 0.046875 0.065625
28 0.639063 0.209375 0.046875 0.071875
8 0.817969 0.186719 0.0671875 0.110937
25 0.771094 0.432031 0.0578125 0.0421875
18 0.059375 0.611719 0.05625 0.0703125
35 0.3375 0.220313 0.040625 0.06875
28 0.182812 0.625 0.078125 0.040625
34 0.117969 0.200781 0.0421875 0.107813
18 0.16875 0.817969 0.05 0.0671875
12 0.654688 0.782031 0.028125 0.0921875
34 0.0742188 0.2 0.0421875 0.10625
35 0.378125 0.221094 0.034375 0.0765625
18 0.0890625 0.792188 0.046875 0.0875
