25 0.444531 0.164844 0.0921875 0.0953125
2 0.816406 0.603125 0.0265625 0.08125
2 0.742188 0.603125 0.021875 0.08125
1 0.5875 0.6 0.046875 0.0625
2 0.76875 0.602344 0.078125 0.0859375
25 0.639844 0.599219 0.0421875 0.0546875
17 0.445312 0.598437 0.040625 0.075
25 0.588281 0.601562 0.0484375 0.059375
23 0.314844 0.815625 0.0421875 0.090625
19 0.315625 0.817187 0.04375 0.09375
2 0.719531 0.603125 0.0203125 0.078125
18 0.265625 0.81875 0.04375 0.09375
19 0.265625 0.821094 0.04375 0.0890625
25 0.491406 0.603906 0.0390625 0.0546875
20 0.5625 0.81875 0.03125 0.109375
5 0.797656 0.815625 0.0296875 0.115625
3 0.905469 0.60625 0.117188 0.096875
33 0.878906 0.832812 0.0265625 0.10625
23 0.3625 0.808594 0.04375 0.0890625
25 0.269531 0.157031 0.0578125 0.114063
25 0.377344 0.617969 0.0390625 0.0703125
25 0.6875 0.594531 0.03125 0.0453125
25 0.0851562 0.15625 0.0453125 0.115625
25 0.538281 0.599219 0.0390625 0.0640625
25 0.321094 0.164844 0.0296875 0.0953125
25 0.283594 0.603125 0.0453125 0.071875
25 0.417969 0.164062 0.0421875 0.096875
25 0.154687 0.404687 0.053125 0.1
25 0.780469 0.397656 0.0453125 0.0640625
25 0.40625 0.416406 0.040625 0.0734375
20 0.525 0.821094 0.03125 0.114063
25 0.527344 0.383594 0.0578125 0.0890625
25 0.651563 0.410156 0.053125 0.0578125
25 0.471094 0.167187 0.0421875 0.09375
25 0.232031 0.619531 0.0453125 0.0671875
25 0.139062 0.147656 0.05 0.135937
25 0.8375 0.3875 0.059375 0.0875
25 0.596875 0.391406 0.053125 0.0640625
25 0.364844 0.163281 0.0484375 0.104687
25 0.752344 0.175 0.0546875 0.08125
30 0.721875 0.796875 0.025 0.159375
25 0.635156 0.158594 0.0546875 0.110937
12 0.635938 0.808594 0.034375 0.117188
25 0.0351562 0.1625 0.0546875 0.103125
25 0.519531 0.164062 0.0421875 0.103125
25 0.223438 0.417188 0.05625 0.08125
18 0.120312 0.823438 0.046875 0.09375
25 0.0625 0.610937 0.05625 0.075
25 0.175 0.614844 0.046875 0.0953125
25 0.903125 0.394531 0.0625 0.0796875
25 0.332031 0.616406 0.0421875 0.0859375
25 0.101562 0.392969 0.05 0.107813
25 0.0515625 0.373437 0.05 0.11875
21 0.421875 0.811719 0.034375 0.107813
25 0.192969 0.146094 0.0515625 0.139062
25 0.285156 0.398438 0.0546875 0.1
25 0.463281 0.382812 0.0546875 0.096875
25 0.574219 0.163281 0.0515625 0.107813
21 0.464063 0.813281 0.0375 0.104687
18 0.169531 0.823438 0.0453125 0.09375
25 0.345313 0.405469 0.05625 0.0953125
25 0.899219 0.158594 0.0640625 0.117188
25 0.69375 0.163281 0.05 0.110937
25 0.122656 0.610937 0.0484375 0.075
18 0.21875 0.821094 0.046875 0.0921875
25 0.720312 0.396875 0.065625 0.075
25 0.821875 0.166406 0.078125 0.0984375
18 0.0664062 0.821094 0.0515625 0.0953125
