13 0.304688 0.382812 0.025 0.053125
27 0.549219 0.3875 0.0390625 0.046875
35 0.305469 0.246875 0.0234375 0.053125
17 0.407813 0.529688 0.034375 0.04375
28 0.55 0.230469 0.028125 0.0328125
6 0.204688 0.525781 0.021875 0.0515625
17 0.371875 0.528125 0.028125 0.040625
4 0.500781 0.385938 0.0328125 0.053125
35 0.390625 0.245312 0.021875 0.046875
32 0.336719 0.521875 0.0296875 0.05
7 0.145313 0.524219 0.06875 0.0515625
19 0.291406 0.664844 0.0359375 0.0578125
16 0.501562 0.385938 0.03125 0.05
13 0.457812 0.383594 0.0375 0.0546875
25 0.367969 0.255469 0.0296875 0.0328125
19 0.371094 0.663281 0.0359375 0.0578125
2 0.735937 0.534375 0.04375 0.04375
34 0.28125 0.240625 0.025 0.0625
14 0.4875 0.529688 0.034375 0.05625
8 0.682813 0.24375 0.028125 0.05
12 0.571094 0.517969 0.0234375 0.0703125
28 0.494531 0.251563 0.0328125 0.0375
23 0.371875 0.664844 0.0375 0.0546875
5 0.713281 0.678906 0.0171875 0.0734375
26 0.457812 0.383594 0.040625 0.0546875
16 0.529688 0.538281 0.03125 0.0421875
28 0.547656 0.248437 0.0359375 0.05
11 0.294531 0.529688 0.0453125 0.046875
20 0.439063 0.522656 0.021875 0.0609375
23 0.292188 0.663281 0.0375 0.0609375
30 0.610937 0.650781 0.01875 0.101562
9 0.755469 0.38125 0.0359375 0.0625
36 0.75625 0.380469 0.034375 0.0609375
36 0.24375 0.382031 0.01875 0.0546875
29 0.179688 0.382812 0.03125 0.05625
28 0.583594 0.250781 0.0265625 0.0421875
8 0.711719 0.24375 0.0265625 0.053125
7 0.174219 0.525 0.0328125 0.053125
33 0.683594 0.682031 0.0203125 0.0703125
28 0.682813 0.246094 0.025 0.0484375
14 0.411719 0.385938 0.0390625 0.05625
34 0.170312 0.24375 0.028125 0.053125
5 0.735937 0.678906 0.01875 0.0765625
35 0.420312 0.252344 0.03125 0.0390625
13 0.778906 0.529688 0.0359375 0.04375
20 0.502344 0.671875 0.0265625 0.06875
20 0.478125 0.663281 0.01875 0.0609375
28 0.614062 0.246094 0.028125 0.0484375
35 0.330469 0.249219 0.0296875 0.0484375
35 0.516406 0.2125 0.0296875 0.040625
23 0.332031 0.661719 0.0359375 0.0578125
28 0.638281 0.383594 0.0359375 0.0578125
34 0.269531 0.384375 0.0296875 0.053125
21 0.352344 0.38125 0.0234375 0.0625
18 0.146094 0.655469 0.0359375 0.0484375
8 0.648438 0.241406 0.0375 0.0578125
18 0.247656 0.679688 0.0390625 0.05
21 0.667188 0.523438 0.025 0.06875
34 0.142188 0.378125 0.0375 0.065625
8 0.75 0.241406 0.04375 0.0546875
21 0.450781 0.65 0.0234375 0.0625
35 0.45625 0.244531 0.03125 0.0546875
34 0.210156 0.239063 0.0359375 0.06875
29 0.13125 0.523438 0.040625 0.053125
18 0.194531 0.675781 0.0453125 0.0578125
36 0.214844 0.38125 0.0296875 0.05625
18 0.241406 0.529688 0.0421875 0.05
36 0.715625 0.377344 0.0375 0.0671875
21 0.563281 0.667188 0.0265625 0.06875
34 0.136719 0.242188 0.0296875 0.059375
34 0.594531 0.382812 0.0359375 0.059375
34 0.249219 0.240625 0.0328125 0.065625
18 0.250781 0.623438 0.0390625 0.053125
21 0.407813 0.650781 0.03125 0.0671875
