36 0.289844 0.369531 0.0328125 0.0796875
3 0.723437 0.544531 0.025 0.0609375
0 0.633594 0.554688 0.0234375 0.040625
4 0.367188 0.542188 0.034375 0.075
34 0.0867188 0.208594 0.0203125 0.0859375
9 0.565625 0.38125 0.040625 0.0625
27 0.565625 0.382812 0.040625 0.0625
10 0.61875 0.382812 0.053125 0.059375
10 0.832812 0.221094 0.05 0.0484375
21 0.45 0.710938 0.0625 0.078125
21 0.39375 0.707812 0.075 0.071875
18 0.282813 0.710156 0.040625 0.0765625
11 0.299219 0.552344 0.0828125 0.0640625
22 0.328906 0.707031 0.0453125 0.0734375
25 0.633594 0.554688 0.0234375 0.04375
31 0.467187 0.544531 0.03125 0.0703125
35 0.423438 0.221094 0.025 0.0640625
36 0.564844 0.382031 0.0390625 0.0609375
27 0.814062 0.370313 0.046875 0.084375
29 0.122656 0.38125 0.110937 0.065625
19 0.328906 0.70625 0.0453125 0.075
18 0.203125 0.717188 0.090625 0.071875
34 0.289062 0.371875 0.028125 0.0875
19 0.282813 0.708594 0.04375 0.0765625
13 0.382031 0.374219 0.0265625 0.0796875
32 0.325781 0.541406 0.0390625 0.0765625
9 0.835156 0.221094 0.0484375 0.0515625
9 0.61875 0.384375 0.053125 0.0625
23 0.328906 0.70625 0.0421875 0.075
9 0.8125 0.369531 0.05 0.0890625
16 0.367188 0.544531 0.034375 0.0734375
14 0.422656 0.379687 0.0421875 0.075
26 0.478125 0.382812 0.0375 0.065625
4 0.467187 0.547656 0.03125 0.0703125
28 0.649219 0.217969 0.0484375 0.0671875
3 0.682813 0.535156 0.0625 0.0859375
5 0.724219 0.70625 0.0234375 0.08125
6 0.182812 0.545313 0.04375 0.08125
11 0.232812 0.553906 0.040625 0.0640625
35 0.367188 0.213281 0.025 0.0703125
31 0.503125 0.54375 0.028125 0.078125
26 0.523438 0.378125 0.034375 0.06875
23 0.378125 0.704687 0.04375 0.075
17 0.424219 0.550781 0.0390625 0.0671875
18 0.179688 0.715625 0.040625 0.071875
7 0.134375 0.549219 0.040625 0.0703125
33 0.789062 0.714063 0.025 0.084375
30 0.65 0.698438 0.021875 0.109375
35 0.397656 0.21875 0.0328125 0.065625
24 0.683594 0.38125 0.0578125 0.059375
29 0.155469 0.383594 0.0453125 0.0671875
34 0.253906 0.369531 0.0359375 0.0984375
28 0.702344 0.217969 0.0453125 0.0609375
36 0.209375 0.375 0.04375 0.078125
28 0.55 0.217969 0.04375 0.0671875
2 0.794531 0.536719 0.117188 0.0890625
12 0.592188 0.707031 0.028125 0.0859375
11 0.279687 0.557813 0.040625 0.059375
1 0.594531 0.5375 0.0390625 0.065625
7 0.0804688 0.550781 0.0453125 0.0703125
1 0.545313 0.545313 0.04375 0.06875
35 0.453906 0.217187 0.0390625 0.075
35 0.329688 0.216406 0.040625 0.0734375
28 0.598437 0.216406 0.0375 0.0703125
8 0.767969 0.211719 0.0640625 0.0765625
28 0.503125 0.217969 0.040625 0.0671875
20 0.54375 0.711719 0.025 0.0734375
34 0.347656 0.370313 0.0390625 0.103125
29 0.0914062 0.382031 0.0546875 0.0703125
20 0.513281 0.713281 0.0265625 0.0734375
18 0.133594 0.717188 0.0421875 0.075
18 0.0859375 0.717188 0.04375 0.071875
21 0.467969 0.710156 0.0296875 0.0796875
34 0.117188 0.20625 0.05 0.090625
34 0.279687 0.214844 0.04375 0.0765625
21 0.433594 0.709375 0.0296875 0.078125
34 0.230469 0.214062 0.0421875 0.078125
34 0.182031 0.207031 0.0453125 0.0921875
18 0.229687 0.716406 0.04375 0.0734375
