33 0.685156 0.428906 0.0203125 0.0609375
7 0.597656 0.55625 0.0328125 0.0625
28 0.653906 0.305469 0.0421875 0.0484375
16 0.632812 0.573438 0.025 0.034375
35 0.442187 0.307031 0.028125 0.0421875
10 0.825 0.30625 0.046875 0.040625
28 0.475781 0.299219 0.0359375 0.0515625
28 0.403906 0.309375 0.0296875 0.0375
18 0.15625 0.708594 0.04375 0.0640625
17 0.315625 0.564844 0.04375 0.0546875
12 0.601562 0.704687 0.021875 0.075
9 0.811719 0.425781 0.0296875 0.0640625
25 0.111719 0.300781 0.0296875 0.0390625
27 0.297656 0.682031 0.0390625 0.0828125
7 0.436719 0.564844 0.0296875 0.0515625
2 0.70625 0.575781 0.046875 0.0421875
19 0.2 0.704687 0.0375 0.059375
2 0.772656 0.71875 0.0328125 0.065625
13 0.716406 0.3 0.0359375 0.059375
28 0.717188 0.300781 0.0375 0.0546875
26 0.478906 0.436719 0.0390625 0.0484375
18 0.201562 0.70625 0.0375 0.059375
25 0.707031 0.577344 0.0453125 0.0359375
9 0.825781 0.307031 0.0453125 0.0390625
5 0.710156 0.43125 0.0234375 0.059375
25 0.522656 0.428125 0.0265625 0.059375
17 0.436719 0.564844 0.0265625 0.0515625
13 0.276563 0.425781 0.0375 0.0671875
2 0.853125 0.576563 0.04375 0.040625
8 0.714844 0.298438 0.0390625 0.059375
36 0.298438 0.682031 0.040625 0.0828125
20 0.467187 0.704687 0.028125 0.06875
33 0.802344 0.7125 0.0203125 0.06875
13 0.365625 0.428906 0.025 0.0546875
19 0.157031 0.708594 0.0421875 0.0609375
11 0.480469 0.435937 0.0390625 0.05
28 0.490625 0.25 0.03125 0.03125
21 0.4375 0.696875 0.025 0.0625
5 0.601562 0.703906 0.021875 0.0765625
13 0.329688 0.428906 0.0375 0.0609375
14 0.517969 0.566406 0.0328125 0.0578125
28 0.640625 0.302344 0.021875 0.0515625
34 0.249219 0.291406 0.0359375 0.0703125
35 0.370313 0.299219 0.025 0.0546875
20 0.535937 0.690625 0.021875 0.05625
11 0.139062 0.651563 0.04375 0.040625
11 0.123438 0.435156 0.040625 0.0484375
20 0.55625 0.717188 0.025 0.059375
7 0.164844 0.557031 0.0265625 0.0515625
28 0.673437 0.303125 0.034375 0.053125
29 0.175781 0.432031 0.0390625 0.0546875
11 0.252344 0.564844 0.0359375 0.0484375
6 0.475 0.564062 0.03125 0.0625
34 0.286719 0.239844 0.0359375 0.0296875
21 0.438281 0.428125 0.0203125 0.059375
35 0.204688 0.290625 0.0375 0.0625
35 0.340625 0.29375 0.028125 0.0625
36 0.653125 0.699219 0.04375 0.0890625
28 0.564844 0.301562 0.0421875 0.053125
36 0.399219 0.428906 0.0359375 0.0609375
28 0.6125 0.300781 0.03125 0.0546875
20 0.507812 0.707031 0.025 0.0671875
35 0.475 0.298438 0.034375 0.059375
29 0.114063 0.564062 0.040625 0.059375
28 0.522656 0.297656 0.0359375 0.0578125
21 0.466406 0.704687 0.0296875 0.06875
34 0.1625 0.285156 0.0375 0.0734375
36 0.275 0.423438 0.0375 0.065625
18 0.735156 0.719531 0.0390625 0.0609375
18 0.2 0.571875 0.040625 0.04375
18 0.245312 0.708594 0.04375 0.0609375
34 0.630469 0.426562 0.0359375 0.06875
36 0.230469 0.421094 0.0421875 0.0671875
12 0.826563 0.710938 0.025 0.071875
8 0.765625 0.292969 0.05 0.0703125
34 0.558594 0.558594 0.0359375 0.0703125
18 0.398438 0.698438 0.04375 0.05625
