28 0.513281 0.421875 0.0828125 0.053125
13 0.389844 0.542188 0.0359375 0.05
19 0.266406 0.786719 0.0359375 0.0546875
35 0.375781 0.421875 0.0765625 0.053125
28 0.151562 0.764063 0.0375 0.0375
8 0.144531 0.673437 0.0296875 0.046875
6 0.150781 0.764844 0.0359375 0.0390625
1 0.485156 0.664062 0.0765625 0.053125
2 0.545313 0.678906 0.040625 0.0359375
34 0.180469 0.535937 0.0203125 0.059375
31 0.425781 0.670313 0.0328125 0.053125
20 0.395312 0.788281 0.065625 0.0640625
1 0.507031 0.659375 0.0359375 0.05625
13 0.309375 0.535937 0.025 0.059375
34 0.14375 0.674219 0.03125 0.0484375
7 0.078125 0.671094 0.078125 0.0484375
34 0.155469 0.417969 0.0765625 0.0640625
16 0.224219 0.800781 0.0328125 0.0734375
5 0.6375 0.807031 0.01875 0.0671875
9 0.746875 0.426562 0.0375 0.0375
36 0.178125 0.538281 0.01875 0.0578125
36 0.165625 0.489062 0.04375 0.028125
30 0.560938 0.779688 0.025 0.090625
9 0.714063 0.5375 0.040625 0.065625
14 0.425 0.66875 0.034375 0.053125
8 0.667969 0.419531 0.0265625 0.0578125
2 0.692969 0.677344 0.0421875 0.0484375
12 0.617188 0.417188 0.021875 0.0625
13 0.303906 0.657812 0.0390625 0.071875
33 0.620313 0.800781 0.0125 0.0640625
13 0.252344 0.5375 0.0328125 0.0625
17 0.544531 0.680469 0.0421875 0.0359375
21 0.216406 0.420312 0.0265625 0.05625
34 0.0984375 0.419531 0.025 0.0546875
3 0.59375 0.669531 0.01875 0.0484375
20 0.64375 0.66875 0.025 0.065625
6 0.142188 0.673437 0.03125 0.046875
28 0.592969 0.41875 0.0234375 0.05625
26 0.391406 0.542188 0.0390625 0.053125
5 0.692969 0.808594 0.0203125 0.0671875
12 0.257812 0.667969 0.025 0.0640625
35 0.280469 0.404687 0.0265625 0.0375
23 0.265625 0.786719 0.040625 0.0515625
13 0.739844 0.672656 0.0390625 0.0453125
16 0.442187 0.54375 0.028125 0.05
7 0.10625 0.66875 0.034375 0.05
33 0.638281 0.80625 0.0203125 0.0625
28 0.569531 0.41875 0.0234375 0.053125
30 0.570312 0.775 0.015625 0.0875
34 0.24375 0.421875 0.025 0.05625
14 0.35 0.540625 0.034375 0.05625
30 0.553125 0.779688 0.015625 0.0875
18 0.386719 0.671875 0.0359375 0.046875
29 0.109375 0.547656 0.034375 0.0484375
5 0.671094 0.80625 0.0171875 0.06875
20 0.422656 0.790625 0.0234375 0.059375
35 0.488281 0.423438 0.0390625 0.05
8 0.701563 0.416406 0.0375 0.0578125
1 0.466406 0.671875 0.0359375 0.05
18 0.178906 0.805469 0.0421875 0.0453125
21 0.492969 0.540625 0.0265625 0.05625
18 0.124219 0.807031 0.0421875 0.0453125
20 0.45 0.791406 0.025 0.0609375
8 0.184375 0.660156 0.040625 0.0765625
29 0.0585938 0.670313 0.0390625 0.053125
34 0.20625 0.542188 0.03125 0.05625
36 0.661719 0.539844 0.0390625 0.0609375
35 0.316406 0.420312 0.0296875 0.053125
11 0.223438 0.675781 0.034375 0.0484375
35 0.355469 0.423438 0.0359375 0.053125
28 0.440625 0.423438 0.0375 0.05
34 0.06875 0.538281 0.04375 0.0640625
36 0.147656 0.540625 0.0359375 0.05625
28 0.536719 0.419531 0.0359375 0.0578125
28 0.589063 0.542188 0.040625 0.059375
21 0.380469 0.791406 0.0296875 0.0640625
18 0.0726563 0.8 0.0421875 0.05625
34 0.175781 0.414844 0.0359375 0.0671875
34 0.133594 0.416406 0.0390625 0.0671875
35 0.396094 0.419531 0.0328125 0.0578125
18 0.30625 0.805469 0.034375 0.0578125
34 0.540625 0.541406 0.0375 0.0546875
34 0.0648438 0.417188 0.0328125 0.0625
21 0.509375 0.79375 0.028125 0.0625
