18 0.242969 0.86875 0.0359375 0.0625
17 0.352344 0.722656 0.0390625 0.0640625
24 0.728125 0.577344 0.034375 0.0609375
36 0.311719 0.573438 0.0421875 0.065625
10 0.885938 0.4125 0.046875 0.046875
18 0.404687 0.869531 0.075 0.0609375
21 0.817187 0.85 0.04375 0.05625
12 0.314063 0.398438 0.028125 0.090625
9 0.8375 0.572656 0.025 0.0703125
34 0.560156 0.720312 0.0296875 0.075
1 0.734375 0.852344 0.03125 0.0484375
11 0.526563 0.583594 0.0375 0.0609375
16 0.382812 0.870313 0.034375 0.071875
30 0.732031 0.807031 0.0171875 0.0484375
33 0.539062 0.871875 0.025 0.071875
16 0.284375 0.722656 0.03125 0.0609375
18 0.169531 0.842188 0.0265625 0.046875
23 0.201562 0.86875 0.040625 0.065625
21 0.476562 0.846875 0.065625 0.0625
14 0.527344 0.727344 0.0265625 0.0640625
19 0.242969 0.86875 0.0359375 0.059375
13 0.239063 0.573438 0.046875 0.06875
34 0.600781 0.723437 0.0328125 0.065625
9 0.867969 0.578125 0.0296875 0.065625
34 0.789844 0.390625 0.0359375 0.09375
16 0.571094 0.5875 0.0296875 0.05
3 0.803125 0.596875 0.025 0.034375
20 0.539844 0.873438 0.0234375 0.065625
14 0.599219 0.724219 0.0328125 0.0609375
19 0.201562 0.86875 0.040625 0.0625
5 0.699219 0.842969 0.0140625 0.0609375
11 0.734375 0.852344 0.03125 0.0484375
20 0.314844 0.401563 0.0296875 0.08125
6 0.560938 0.719531 0.03125 0.0765625
25 0.773438 0.734375 0.040625 0.0375
20 0.836719 0.727344 0.0234375 0.0640625
2 0.832031 0.849219 0.0328125 0.0578125
8 0.789062 0.391406 0.040625 0.0953125
14 0.482031 0.569531 0.0296875 0.0703125
13 0.364062 0.561719 0.04375 0.0765625
21 0.561719 0.828125 0.0203125 0.04375
28 0.747656 0.397656 0.0390625 0.0921875
20 0.644531 0.832031 0.0171875 0.0515625
21 0.591406 0.824219 0.0234375 0.0453125
12 0.880469 0.844531 0.0203125 0.0546875
20 0.619531 0.844531 0.0203125 0.0515625
34 0.397656 0.30625 0.0328125 0.075
35 0.469531 0.398438 0.0421875 0.084375
28 0.460156 0.322656 0.0421875 0.0453125
34 0.277344 0.4 0.0359375 0.075
36 0.335938 0.85625 0.04375 0.090625
35 0.3125 0.575 0.04375 0.06875
29 0.196875 0.573438 0.0375 0.065625
36 0.624219 0.396875 0.0484375 0.084375
34 0.178125 0.390625 0.04375 0.096875
13 0.879687 0.725781 0.034375 0.0484375
34 0.34375 0.399219 0.025 0.0859375
28 0.692187 0.401563 0.046875 0.078125
21 0.803125 0.85 0.021875 0.05625
34 0.638281 0.720312 0.0328125 0.06875
29 0.150781 0.722656 0.0453125 0.0703125
8 0.707812 0.717969 0.040625 0.0671875
28 0.573438 0.4 0.04375 0.084375
18 0.285156 0.870313 0.0421875 0.059375
35 0.430469 0.400781 0.0296875 0.0828125
7 0.199219 0.721094 0.0328125 0.0671875
11 0.148438 0.579687 0.04375 0.05625
28 0.522656 0.390625 0.0453125 0.1
21 0.615625 0.577344 0.025 0.0765625
34 0.677344 0.574219 0.0390625 0.0828125
34 0.233594 0.389844 0.0421875 0.0953125
18 0.424219 0.8625 0.0390625 0.0625
21 0.499219 0.842969 0.0296875 0.0609375
35 0.386719 0.402344 0.0453125 0.0796875
21 0.416406 0.725781 0.0296875 0.0734375
18 0.239063 0.73125 0.04375 0.05
34 0.132031 0.390625 0.0421875 0.090625
18 0.410156 0.58125 0.0453125 0.053125
34 0.832812 0.386719 0.04375 0.0984375
21 0.458594 0.847656 0.0265625 0.0609375
