36 0.585156 0.416406 0.0484375 0.0734375
17 0.363281 0.56875 0.0390625 0.078125
9 0.838281 0.411719 0.117188 0.0796875
8 0.871875 0.25625 0.15 0.078125
28 0.552344 0.258594 0.107813 0.0765625
35 0.334375 0.260156 0.10625 0.0765625
19 0.317187 0.717969 0.059375 0.0703125
11 0.317187 0.564844 0.04375 0.0859375
22 0.319531 0.71875 0.0578125 0.06875
21 0.448438 0.720312 0.075 0.071875
24 0.657812 0.424219 0.065625 0.0640625
32 0.316406 0.565625 0.0421875 0.084375
23 0.317969 0.717969 0.0609375 0.0671875
4 0.463281 0.55625 0.0390625 0.08125
27 0.585938 0.415625 0.053125 0.075
19 0.265625 0.720312 0.040625 0.06875
16 0.3625 0.569531 0.034375 0.0734375
35 0.409375 0.267969 0.034375 0.0609375
31 0.509375 0.566406 0.0375 0.0765625
6 0.166406 0.566406 0.0453125 0.0890625
23 0.377344 0.710156 0.0484375 0.0703125
9 0.807031 0.414844 0.0609375 0.0703125
9 0.872656 0.410937 0.0671875 0.090625
30 0.679688 0.709375 0.021875 0.096875
26 0.472656 0.421094 0.0546875 0.0703125
5 0.772656 0.721875 0.0234375 0.078125
13 0.300781 0.415625 0.0453125 0.08125
33 0.838281 0.724219 0.0296875 0.0734375
13 0.355469 0.416406 0.0453125 0.0734375
17 0.416406 0.574219 0.0453125 0.0703125
26 0.532031 0.417188 0.0484375 0.06875
35 0.367188 0.259375 0.05 0.075
14 0.411719 0.41875 0.0515625 0.078125
11 0.219531 0.578125 0.0421875 0.0625
3 0.726562 0.574219 0.103125 0.0734375
1 0.611719 0.564062 0.0484375 0.08125
2 0.8625 0.572656 0.140625 0.0796875
29 0.127344 0.414062 0.0484375 0.078125
20 0.51875 0.725781 0.03125 0.0703125
24 0.734375 0.414062 0.06875 0.065625
34 0.142969 0.249219 0.0484375 0.0984375
11 0.265625 0.578125 0.040625 0.065625
7 0.116406 0.56875 0.0453125 0.078125
12 0.621875 0.719531 0.03125 0.0828125
7 0.0578125 0.573438 0.046875 0.071875
18 0.078125 0.714063 0.05 0.075
18 0.175 0.717188 0.04375 0.071875
8 0.833594 0.260938 0.0703125 0.075
18 0.128125 0.716406 0.04375 0.0703125
34 0.100781 0.250781 0.0328125 0.0859375
36 0.185156 0.408594 0.0515625 0.0859375
36 0.241406 0.413281 0.0515625 0.0796875
35 0.30625 0.25625 0.04375 0.090625
1 0.557813 0.573438 0.046875 0.06875
20 0.553125 0.721875 0.03125 0.075
28 0.582812 0.257812 0.059375 0.084375
29 0.0695312 0.410937 0.0578125 0.08125
28 0.70625 0.264844 0.053125 0.0671875
21 0.467187 0.721094 0.034375 0.0734375
34 0.0554687 0.250781 0.0484375 0.0890625
28 0.522656 0.257031 0.0484375 0.0828125
28 0.764063 0.259375 0.05 0.078125
18 0.220313 0.719531 0.04375 0.0671875
28 0.651563 0.257812 0.05 0.08125
21 0.427344 0.71875 0.0328125 0.071875
8 0.914062 0.251563 0.065625 0.084375
35 0.452344 0.257031 0.0484375 0.0828125
34 0.198437 0.253906 0.053125 0.0890625
34 0.255469 0.259375 0.0484375 0.084375
