11 0.339063 0.550781 0.090625 0.0734375
4 0.403906 0.546094 0.0328125 0.0734375
1 0.667188 0.555469 0.028125 0.0484375
11 0.3625 0.544531 0.040625 0.0796875
36 0.603906 0.394531 0.0484375 0.0734375
22 0.364062 0.694531 0.046875 0.0703125
1 0.492969 0.536719 0.0359375 0.0796875
18 0.1625 0.696875 0.0875 0.071875
19 0.315625 0.696875 0.040625 0.06875
15 0.66875 0.399219 0.0625 0.0609375
36 0.259375 0.389062 0.1 0.0875
32 0.361719 0.545313 0.0390625 0.078125
19 0.3625 0.696094 0.04375 0.0734375
27 0.603906 0.394531 0.0484375 0.0734375
23 0.3625 0.695312 0.04375 0.065625
24 0.670313 0.4 0.0625 0.059375
4 0.492188 0.535156 0.034375 0.0765625
16 0.402344 0.547656 0.0328125 0.0765625
13 0.396875 0.39375 0.04375 0.075
30 0.688281 0.689844 0.0203125 0.101562
33 0.832812 0.703906 0.025 0.0765625
7 0.125 0.550781 0.04375 0.0734375
31 0.533594 0.544531 0.0328125 0.0796875
3 0.728125 0.551562 0.09375 0.075
11 0.26875 0.55625 0.040625 0.065625
6 0.220313 0.545313 0.040625 0.08125
13 0.344531 0.392188 0.0453125 0.08125
9 0.86875 0.3875 0.0625 0.084375
9 0.802344 0.389844 0.0546875 0.0703125
17 0.45 0.553906 0.040625 0.0765625
7 0.175 0.546875 0.040625 0.071875
23 0.415625 0.685938 0.040625 0.071875
24 0.739062 0.392969 0.0625 0.0703125
11 0.314844 0.558594 0.0421875 0.0609375
14 0.447656 0.394531 0.0453125 0.0796875
29 0.184375 0.391406 0.04375 0.0765625
26 0.505469 0.400781 0.0484375 0.0671875
5 0.773438 0.7 0.021875 0.075
35 0.352344 0.232812 0.0421875 0.0875
26 0.554688 0.398438 0.04375 0.06875
1 0.629687 0.539062 0.04375 0.084375
1 0.579687 0.555469 0.04375 0.0671875
20 0.54375 0.703125 0.028125 0.071875
20 0.575781 0.702344 0.0265625 0.0734375
8 0.832031 0.23125 0.0640625 0.078125
36 0.289062 0.3875 0.046875 0.090625
18 0.138281 0.694531 0.0421875 0.0703125
18 0.269531 0.698438 0.0390625 0.071875
28 0.71875 0.239063 0.046875 0.071875
18 0.227344 0.697656 0.0421875 0.0703125
28 0.666406 0.232812 0.0484375 0.08125
28 0.769531 0.234375 0.0453125 0.078125
12 0.636719 0.698438 0.0296875 0.08125
35 0.444531 0.239063 0.0328125 0.071875
8 0.90625 0.225 0.0625 0.090625
29 0.127344 0.389844 0.0515625 0.0828125
36 0.236719 0.383594 0.0484375 0.0890625
28 0.603125 0.235156 0.05 0.0796875
35 0.488281 0.234375 0.0484375 0.084375
18 0.184375 0.697656 0.040625 0.0703125
28 0.546094 0.235156 0.0484375 0.0828125
21 0.498437 0.7 0.03125 0.075
2 0.853125 0.550781 0.134375 0.0828125
34 0.249219 0.225 0.0484375 0.1
34 0.303906 0.230469 0.0453125 0.0921875
35 0.398438 0.233594 0.046875 0.0828125
34 0.160156 0.222656 0.0328125 0.0953125
21 0.460156 0.698438 0.0328125 0.071875
34 0.200781 0.223438 0.0421875 0.1
34 0.114063 0.222656 0.046875 0.0984375
