16 0.292969 0.583594 0.0390625 0.0734375
11 0.226562 0.579687 0.075 0.0625
24 0.575781 0.410937 0.0546875 0.06875
15 0.575781 0.410156 0.0546875 0.0703125
29 0.360938 0.424219 0.040625 0.0609375
17 0.422656 0.534375 0.0453125 0.040625
36 0.192188 0.417188 0.084375 0.090625
8 0.760938 0.217969 0.09375 0.0859375
4 0.353125 0.594531 0.0375 0.0671875
19 0.235938 0.732031 0.034375 0.0765625
1 0.632812 0.595312 0.0375 0.05625
13 0.327344 0.391406 0.0390625 0.0796875
32 0.290625 0.584375 0.0375 0.06875
16 0.351562 0.598437 0.040625 0.0625
27 0.525 0.396094 0.040625 0.0609375
20 0.79375 0.760156 0.025 0.0828125
13 0.298438 0.395312 0.028125 0.075
14 0.361719 0.425 0.0390625 0.059375
34 0.642187 0.241406 0.053125 0.0703125
31 0.489844 0.594531 0.0328125 0.0703125
3 0.689844 0.586719 0.0734375 0.0984375
28 0.641406 0.240625 0.0515625 0.06875
23 0.275 0.732031 0.0375 0.0765625
17 0.402344 0.594531 0.0453125 0.0734375
5 0.711719 0.757812 0.0265625 0.090625
9 0.707031 0.407813 0.0546875 0.06875
33 0.79375 0.760156 0.025 0.0828125
4 0.446094 0.597656 0.0359375 0.0640625
34 0.233594 0.239063 0.0390625 0.090625
7 0.120312 0.56875 0.03125 0.06875
36 0.16875 0.411719 0.0375 0.0921875
6 0.160938 0.588281 0.0375 0.0890625
35 0.320312 0.242969 0.034375 0.0734375
23 0.328125 0.763281 0.046875 0.0859375
1 0.536719 0.595312 0.0453125 0.06875
26 0.470313 0.407813 0.053125 0.075
12 0.559375 0.758594 0.034375 0.0953125
13 0.260156 0.4125 0.0390625 0.08125
7 0.0859375 0.5625 0.03125 0.065625
9 0.766406 0.400781 0.0515625 0.0859375
26 0.414844 0.397656 0.0484375 0.0828125
28 0.69375 0.234375 0.04375 0.075
1 0.586719 0.596094 0.0453125 0.0640625
24 0.642969 0.4125 0.0640625 0.075
29 0.126563 0.4125 0.0375 0.084375
35 0.279687 0.245312 0.040625 0.08125
11 0.203906 0.579687 0.0359375 0.065625
30 0.661719 0.736719 0.0234375 0.120312
20 0.472656 0.760938 0.0296875 0.084375
8 0.7875 0.213281 0.05 0.0953125
35 0.355469 0.247656 0.0390625 0.0640625
28 0.519531 0.2375 0.0546875 0.08125
34 0.0625 0.227344 0.040625 0.0984375
18 0.0882813 0.735937 0.0359375 0.078125
8 0.735156 0.221875 0.0421875 0.0875
11 0.246875 0.582031 0.0375 0.0578125
34 0.146875 0.225781 0.04375 0.107813
20 0.504687 0.760938 0.028125 0.0875
36 0.215625 0.417188 0.040625 0.0875
28 0.578125 0.242969 0.05 0.0703125
28 0.460156 0.239063 0.0484375 0.078125
18 0.200781 0.735156 0.0328125 0.0734375
34 0.103906 0.228125 0.0359375 0.103125
2 0.814062 0.584375 0.128125 0.10625
35 0.397656 0.236719 0.0453125 0.0859375
21 0.428906 0.744531 0.0328125 0.0890625
29 0.0773437 0.416406 0.0421875 0.0828125
34 0.190625 0.228906 0.0375 0.0890625
18 0.127344 0.738281 0.0328125 0.0734375
21 0.392188 0.744531 0.034375 0.0890625
18 0.164062 0.736719 0.034375 0.0765625
