35 0.437061 0.181737 0.0290126 0.0916168
2 0.736547 0.593713 0.0187178 0.0676647
18 0.270941 0.802395 0.0402433 0.097006
7 0.192794 0.606886 0.0449228 0.103593
19 0.272578 0.802695 0.0416472 0.101198
32 0.347684 0.609281 0.0439869 0.0760479
28 0.733037 0.190719 0.103416 0.0796407
32 0.391203 0.612874 0.0336921 0.0652695
17 0.523163 0.607784 0.0374357 0.057485
10 0.605288 0.412874 0.0510061 0.0628743
16 0.347684 0.608383 0.0421151 0.0766467
27 0.604586 0.413772 0.0486664 0.0658683
9 0.605756 0.412575 0.0500702 0.0658683
21 0.422321 0.793114 0.0163781 0.105988
14 0.419279 0.391916 0.0411792 0.0976048
11 0.270005 0.615269 0.10014 0.060479
16 0.390969 0.612275 0.0350959 0.0640719
10 0.797379 0.416467 0.0580253 0.0568862
31 0.563641 0.602395 0.0294806 0.0586826
24 0.664717 0.413772 0.0594291 0.0550898
5 0.80744 0.788922 0.0248011 0.0928144
9 0.796912 0.416766 0.0589612 0.0610778
4 0.523397 0.603593 0.0388395 0.0562874
9 0.858446 0.401796 0.0547496 0.0826347
1 0.657932 0.608084 0.0505381 0.0676647
35 0.422555 0.17515 0.0271409 0.0952096
1 0.605288 0.608084 0.0425831 0.0628743
2 0.790126 0.593713 0.0987365 0.0760479
9 0.919747 0.405988 0.0528779 0.0802395
13 0.368039 0.396407 0.0528779 0.100599
26 0.543987 0.400599 0.051942 0.0826347
6 0.193963 0.601796 0.0444548 0.0946108
26 0.478708 0.399401 0.0552176 0.0874251
17 0.472859 0.599401 0.0453907 0.0670659
13 0.307674 0.400299 0.0575573 0.0988024
33 0.87576 0.793713 0.0248011 0.0892216
23 0.366869 0.793413 0.0458587 0.0982036
3 0.904773 0.604491 0.108095 0.0772455
7 0.13898 0.579641 0.0421151 0.0802395
35 0.46818 0.180539 0.0388395 0.0964072
28 0.58774 0.189222 0.0505381 0.0802395
11 0.246607 0.61497 0.0421151 0.0622755
8 0.525503 0.177246 0.0617688 0.102994
24 0.728825 0.413174 0.0622368 0.057485
29 0.124942 0.388623 0.0467946 0.0946108
28 0.762752 0.192814 0.0477305 0.0790419
7 0.0753393 0.604192 0.0458587 0.0646707
29 0.0643425 0.393114 0.0584932 0.101198
28 0.704726 0.184431 0.0496022 0.0922156
8 0.823117 0.188024 0.0552176 0.0934132
34 0.214553 0.163473 0.0472625 0.123353
30 0.739822 0.76976 0.0224614 0.137126
11 0.295976 0.614371 0.0472625 0.057485
12 0.657932 0.782635 0.034628 0.0994012
8 0.89869 0.183533 0.077211 0.0976048
20 0.553112 0.792216 0.0318203 0.091018
18 0.223912 0.802994 0.043519 0.0946108
34 0.109967 0.163772 0.043051 0.110778
20 0.5854 0.79012 0.026205 0.0892216
35 0.160973 0.158383 0.0477305 0.127545
28 0.649275 0.182635 0.0481984 0.104192
35 0.385821 0.175449 0.0425831 0.102994
18 0.0751053 0.812575 0.0491343 0.100599
36 0.187646 0.393413 0.0496022 0.0994012
28 0.331072 0.166168 0.0510061 0.115569
21 0.495788 0.782335 0.0350959 0.0868263
36 0.244268 0.395808 0.0505381 0.0982036
21 0.457885 0.779341 0.0304165 0.0892216
18 0.17431 0.804491 0.0444548 0.102395
34 0.268601 0.167365 0.0533458 0.108383
18 0.125409 0.808084 0.0439869 0.10479
34 0.0594291 0.167964 0.0477305 0.109581
