25 0.524786 0.155528 0.033799 0.0762024
27 0.499099 0.356964 0.0527265 0.0580887
9 0.850158 0.370394 0.0374042 0.0487196
17 0.630014 0.644909 0.0549797 0.0718301
26 0.537855 0.392879 0.0283912 0.0724547
28 0.67598 0.19925 0.0459667 0.0649594
26 0.574358 0.413179 0.0536278 0.0743285
25 0.328526 0.610868 0.035151 0.0936914
25 0.538306 0.199563 0.0392069 0.0555903
36 0.262956 0.54466 0.0617395 0.0449719
19 0.254394 0.823548 0.0464173 0.111805
35 0.299234 0.174266 0.0829202 0.0724547
9 0.808698 0.345721 0.0464173 0.0493442
19 0.304416 0.814803 0.0437134 0.108057
35 0.333258 0.181761 0.0491212 0.0574641
32 0.329878 0.610868 0.0378549 0.0899438
1 0.577963 0.610868 0.0491212 0.051218
25 0.787742 0.190818 0.0603876 0.0830731
17 0.454484 0.625234 0.0310951 0.0537164
25 0.815457 0.187695 0.0680487 0.0730793
19 0.200315 0.841037 0.0464173 0.0980637
8 0.57571 0.414428 0.0581343 0.0743285
5 0.852411 0.850718 0.0256872 0.117427
11 0.278954 0.601811 0.0495719 0.054341
25 0.162686 0.554029 0.032447 0.0562149
24 0.575259 0.414428 0.0554304 0.0718301
2 0.780757 0.638976 0.0815683 0.0412242
25 0.232988 0.618363 0.0342497 0.0462211
1 0.632267 0.643348 0.0522758 0.0712055
4 0.369536 0.600874 0.032447 0.0637102
25 0.0365029 0.392567 0.0414601 0.0630856
33 0.852411 0.850718 0.0229833 0.116177
25 0.578414 0.19644 0.0482199 0.0568395
28 0.640604 0.41599 0.0464173 0.0737039
34 0.381703 0.147408 0.032447 0.0961899
28 0.748535 0.412555 0.0540784 0.0693317
26 0.429247 0.388195 0.033799 0.0805746
25 0.675079 0.201124 0.044164 0.0599625
25 0.133619 0.399126 0.0328977 0.0787008
5 0.824921 0.843223 0.0238846 0.116177
20 0.617846 0.843535 0.0342497 0.114304
25 0.0430374 0.175515 0.0356016 0.0612117
18 0.199189 0.839788 0.0477693 0.0930668
29 0.079991 0.380387 0.0365029 0.0974391
25 0.887337 0.428795 0.0522758 0.0493442
17 0.414827 0.628982 0.045516 0.0787008
5 0.773772 0.805434 0.0216314 0.110556
16 0.370212 0.602124 0.033799 0.0662086
28 0.627986 0.179575 0.0374042 0.0905684
34 0.0853988 0.170831 0.0383055 0.0743285
30 0.65187 0.818551 0.0211807 0.13554
25 0.33461 0.179888 0.0500225 0.0574641
21 0.464398 0.802936 0.0247859 0.0968145
25 0.115142 0.608994 0.0383055 0.0499688
35 0.277603 0.163023 0.0396575 0.0961899
35 0.419333 0.161462 0.0328977 0.0930668
21 0.440063 0.797002 0.0184768 0.0986883
35 0.386661 0.385696 0.0387562 0.106808
28 0.492564 0.181761 0.0360523 0.0899438
20 0.563767 0.793254 0.0270392 0.0762024
25 0.222172 0.396315 0.0486706 0.0618364
25 0.491663 0.427545 0.0531771 0.0530918
8 0.728031 0.148032 0.0518251 0.0599625
25 0.128887 0.154903 0.0378549 0.108682
20 0.574358 0.871643 0.045516 0.065584
30 0.706625 0.787945 0.0207301 0.144285
18 0.150518 0.823235 0.0423614 0.109931
23 0.355115 0.836977 0.0495719 0.0974391
21 0.528391 0.854778 0.0356016 0.115553
34 0.18274 0.158651 0.0365029 0.107433
12 0.622578 0.829794 0.0301938 0.113054
25 0.27963 0.393192 0.0500225 0.0868207
25 0.227355 0.155215 0.0419108 0.108057
18 0.0540784 0.824485 0.0450653 0.102436
21 0.410996 0.791068 0.0333484 0.100562
34 0.0599369 0.597751 0.0477693 0.109931
8 0.901082 0.175515 0.0680487 0.103685
