10 0.610566 0.47564 0.0486208 0.0805746
6 0.199392 0.640225 0.0790089 0.0899438
27 0.609864 0.474391 0.0500234 0.0830731
11 0.315802 0.641162 0.0416082 0.0818239
23 0.311127 0.80481 0.0434783 0.0855715
28 0.550023 0.270768 0.107059 0.111805
19 0.311828 0.803873 0.0430108 0.0861961
16 0.498364 0.661462 0.0345956 0.106184
32 0.315802 0.641786 0.0416082 0.0805746
35 0.476858 0.263273 0.0243104 0.114304
9 0.611267 0.474079 0.0481533 0.0811993
19 0.262038 0.808557 0.0425432 0.0818239
4 0.498364 0.664585 0.0355306 0.103685
3 0.758532 0.673954 0.0705937 0.114928
3 0.736092 0.674266 0.025713 0.1193
36 0.202431 0.440974 0.0420757 0.106184
35 0.396447 0.217052 0.0336606 0.113054
23 0.357644 0.808869 0.0430108 0.0899438
17 0.447172 0.675828 0.0434783 0.11243
21 0.402758 0.79138 0.0191678 0.0774516
5 0.785881 0.851655 0.0215054 0.0943161
16 0.361851 0.602748 0.0355306 0.0737039
30 0.742871 0.833229 0.0224404 0.101187
24 0.666667 0.482199 0.055166 0.0811993
31 0.542543 0.646471 0.0331931 0.104934
7 0.0906966 0.6193 0.0383357 0.0780762
24 0.727443 0.487508 0.055166 0.0893192
13 0.313698 0.43629 0.0495559 0.10431
14 0.442029 0.45659 0.0378682 0.0924422
7 0.132772 0.632417 0.0364656 0.0905684
33 0.865825 0.857901 0.0252454 0.0955653
26 0.549088 0.479076 0.0509584 0.0924422
6 0.176718 0.646783 0.0430108 0.106808
9 0.787518 0.465022 0.0546985 0.0943161
26 0.49065 0.49188 0.0537634 0.0893192
13 0.370033 0.430356 0.0518934 0.107433
28 0.584151 0.270768 0.0584385 0.118051
12 0.63324 0.848844 0.0322581 0.0974391
9 0.861851 0.468457 0.0659187 0.12742
11 0.228378 0.63679 0.0397382 0.0705809
1 0.63698 0.653654 0.0444133 0.108057
29 0.145395 0.440974 0.0439458 0.0999375
28 0.763207 0.270456 0.0518934 0.116177
35 0.436185 0.269207 0.0392707 0.118676
35 0.345722 0.218926 0.0500234 0.116802
11 0.27022 0.638663 0.0392707 0.0680825
28 0.701496 0.270456 0.0509584 0.107433
1 0.586957 0.667083 0.0453483 0.0986883
28 0.646564 0.275765 0.0514259 0.109307
20 0.586021 0.851031 0.025713 0.0918176
34 0.284712 0.217676 0.055166 0.124297
20 0.554465 0.861961 0.0289855 0.0949407
29 0.0832165 0.44722 0.0523609 0.101187
8 0.897616 0.243285 0.0514259 0.124297
36 0.256896 0.442224 0.0490884 0.111181
8 0.832165 0.254841 0.0729313 0.117427
28 0.517999 0.26827 0.0495559 0.12055
34 0.0495559 0.20331 0.0448808 0.138039
18 0.0780739 0.825734 0.0430108 0.0936914
34 0.169472 0.202998 0.0500234 0.137414
34 0.107527 0.198626 0.059841 0.14366
2 0.894811 0.680512 0.132772 0.140537
18 0.125526 0.824797 0.0397382 0.0855715
21 0.476625 0.838851 0.0341281 0.0787008
18 0.17064 0.8198 0.0383357 0.0855715
21 0.514727 0.835415 0.0336606 0.0855715
18 0.214119 0.818863 0.0411407 0.0811993
34 0.225573 0.210806 0.0518934 0.129294
