14 0.460063 0.452217 0.0266245 0.0986883
1 0.659747 0.678951 0.0965704 0.0737039
10 0.653655 0.472829 0.0446751 0.0724547
32 0.364395 0.655528 0.0338448 0.0718301
13 0.460063 0.452217 0.023917 0.0924422
19 0.279558 0.829482 0.041065 0.0949407
19 0.325812 0.825734 0.0406137 0.0924422
10 0.814531 0.464397 0.0478339 0.0730793
3 0.786778 0.669269 0.058213 0.111805
3 0.760605 0.669894 0.0230144 0.111805
32 0.322879 0.658651 0.0383574 0.0780762
4 0.364847 0.65584 0.0338448 0.0762024
35 0.293773 0.26421 0.0893502 0.102436
28 0.650271 0.278576 0.0279783 0.0936914
17 0.412229 0.672392 0.0356498 0.0780762
24 0.706453 0.478139 0.0491877 0.0730793
9 0.654332 0.473142 0.0424188 0.0730793
23 0.325812 0.82792 0.0415162 0.0930668
14 0.496164 0.473454 0.0365523 0.0836977
35 0.384477 0.266084 0.0433213 0.0974391
16 0.454197 0.668332 0.0320397 0.0762024
30 0.76083 0.825422 0.0216607 0.108057
16 0.365749 0.656152 0.0347473 0.0743285
14 0.422383 0.461274 0.0361011 0.0968145
31 0.595668 0.67208 0.0315884 0.0787008
7 0.144856 0.649906 0.0333935 0.0843223
7 0.107626 0.6396 0.0356498 0.0762024
13 0.363267 0.448157 0.0406137 0.103061
4 0.543773 0.677389 0.0388087 0.0743285
36 0.209161 0.464085 0.0374549 0.101187
23 0.371164 0.826671 0.0419675 0.0893192
9 0.814756 0.46346 0.0500903 0.07995
28 0.618005 0.275453 0.0302347 0.101187
28 0.572653 0.280762 0.0442238 0.0980637
33 0.873646 0.850718 0.0234657 0.0824485
35 0.467058 0.291693 0.032491 0.0712055
13 0.309792 0.457214 0.04287 0.101187
21 0.414711 0.826358 0.0243682 0.0849469
28 0.6875 0.277327 0.04287 0.0874453
17 0.493231 0.677701 0.0424188 0.0811993
24 0.757671 0.4797 0.0523466 0.0724547
26 0.543547 0.482823 0.0473827 0.0861961
23 0.457807 0.836665 0.0491877 0.0943161
35 0.504061 0.273579 0.0397112 0.109931
5 0.802347 0.841349 0.0198556 0.0899438
9 0.920126 0.46346 0.0604693 0.11243
6 0.186597 0.661149 0.041065 0.105559
11 0.276399 0.654903 0.0338448 0.0643348
28 0.740975 0.278264 0.0451264 0.0955653
26 0.59815 0.474079 0.0491877 0.0849469
36 0.25722 0.465646 0.0469314 0.111805
1 0.637861 0.678326 0.04287 0.0811993
1 0.682987 0.678951 0.041065 0.0787008
28 0.794901 0.273579 0.0509928 0.103685
35 0.325587 0.26015 0.0446751 0.111805
11 0.235785 0.650843 0.0374549 0.0724547
20 0.583484 0.855403 0.0279783 0.0930668
29 0.155912 0.46346 0.0446751 0.0824485
12 0.658619 0.841974 0.0302347 0.0986883
35 0.429603 0.269519 0.0379061 0.0893192
29 0.101083 0.467208 0.049639 0.0974391
8 0.857401 0.265459 0.0622744 0.107433
20 0.614621 0.846658 0.0243682 0.0868207
8 0.912906 0.256402 0.0460289 0.109307
34 0.176218 0.248907 0.04287 0.12055
21 0.510605 0.830418 0.0311372 0.0868207
18 0.104919 0.830106 0.0401625 0.091193
34 0.0703971 0.247658 0.0406137 0.126796
34 0.275271 0.264834 0.0478339 0.102436
21 0.546706 0.828232 0.0311372 0.0886946
18 0.149143 0.833229 0.041065 0.0861961
18 0.192915 0.833229 0.0374549 0.091193
34 0.119585 0.249219 0.0487365 0.124922
18 0.234883 0.83198 0.0383574 0.0924422
34 0.224052 0.255778 0.0446751 0.116802
2 0.91065 0.665209 0.119134 0.121174
