4 0.368409 0.603373 0.0309898 0.0637102
25 0.406105 0.181449 0.0370028 0.0855715
16 0.330018 0.604934 0.0420907 0.0718301
12 0.685245 0.787008 0.0235893 0.108682
12 0.867021 0.828545 0.0245143 0.0980637
12 0.790241 0.816989 0.0263645 0.0986883
25 0.341813 0.180512 0.0721554 0.0849469
16 0.525902 0.62867 0.0360777 0.0580887
25 0.9179 0.194878 0.033765 0.116177
9 0.780296 0.433167 0.0434783 0.0605871
25 0.779371 0.434104 0.0453284 0.0587133
1 0.565217 0.627733 0.0314524 0.0574641
23 0.30296 0.803873 0.0379278 0.0999375
23 0.258557 0.814491 0.0434783 0.0936914
19 0.259251 0.811368 0.0439408 0.0949407
9 0.89408 0.431605 0.0592044 0.0836977
32 0.330018 0.606496 0.0430157 0.0749532
25 0.112396 0.396627 0.0462535 0.0886946
22 0.302729 0.806059 0.0393154 0.0980637
25 0.832794 0.425047 0.0531915 0.08807
17 0.480574 0.614616 0.0407031 0.0687071
19 0.30296 0.807308 0.0407031 0.0968145
33 0.864709 0.826983 0.0245143 0.103685
17 0.4142 0.601187 0.0448659 0.0730793
25 0.831637 0.20456 0.0434783 0.103061
25 0.748844 0.224547 0.0481036 0.0605871
4 0.525902 0.630856 0.0388529 0.0599625
16 0.370953 0.604934 0.0333025 0.065584
25 0.38321 0.181761 0.0263645 0.0886946
25 0.477105 0.20737 0.0383904 0.0986883
25 0.215079 0.165834 0.0462535 0.124297
25 0.605689 0.433167 0.046716 0.0568395
25 0.322387 0.182698 0.0333025 0.0905684
31 0.56383 0.62867 0.026827 0.0518426
25 0.391304 0.396939 0.0416281 0.103061
5 0.792553 0.815428 0.0254394 0.100562
25 0.114477 0.178951 0.0393154 0.0930668
25 0.419982 0.186134 0.0434783 0.0774516
25 0.489824 0.214866 0.0351526 0.091193
23 0.351758 0.804497 0.046716 0.101187
25 0.436864 0.395378 0.0272895 0.0986883
25 0.695652 0.227358 0.0416281 0.0687071
25 0.0642923 0.379763 0.0425532 0.101187
25 0.364246 0.179888 0.0383904 0.0861961
25 0.0645236 0.184884 0.0411656 0.0787008
30 0.724098 0.77639 0.0171138 0.118676
25 0.275902 0.178326 0.0448659 0.0980637
1 0.652405 0.630856 0.046716 0.0612117
6 0.182932 0.607121 0.0420907 0.0924422
7 0.131591 0.593067 0.0430157 0.0755778
2 0.768964 0.625547 0.109621 0.08807
3 0.887835 0.629294 0.111471 0.0968145
7 0.0772433 0.591505 0.0462535 0.0724547
30 0.686864 0.786384 0.0212766 0.113679
11 0.232424 0.609619 0.0411656 0.0562149
25 0.543247 0.423485 0.0513414 0.0849469
11 0.279371 0.598376 0.0407031 0.0649594
25 0.225717 0.406933 0.0481036 0.0780762
25 0.168131 0.396003 0.0513414 0.101187
1 0.60222 0.623048 0.0425532 0.0643348
25 0.642692 0.201124 0.0485661 0.119925
25 0.585569 0.225172 0.0416281 0.0705809
25 0.158187 0.168957 0.0444033 0.113054
20 0.585569 0.821362 0.0259019 0.0974391
25 0.6605 0.446284 0.0499537 0.0643348
25 0.531452 0.204872 0.0388529 0.108682
12 0.635291 0.817614 0.0291397 0.104934
18 0.209066 0.810119 0.0425532 0.102436
21 0.458603 0.80356 0.0272895 0.0918176
25 0.721785 0.433167 0.060592 0.076827
20 0.555967 0.8198 0.0277521 0.0980637
25 0.48173 0.423485 0.0513414 0.091193
25 0.812905 0.208932 0.0550416 0.0993129
18 0.116327 0.809494 0.0430157 0.101187
25 0.338113 0.400375 0.052729 0.0936914
25 0.283302 0.392567 0.0457909 0.101811
21 0.496531 0.805122 0.03284 0.0949407
25 0.888992 0.201437 0.053654 0.1193
18 0.163969 0.809494 0.0420907 0.104934
21 0.405874 0.801374 0.0346901 0.0999375
18 0.0647549 0.809182 0.0499537 0.103061
