11 0.336817 0.61215 0.0884244 0.0654206
36 0.21463 0.402492 0.0359057 0.0785047
10 0.764202 0.414642 0.0546624 0.0604361
33 0.699357 0.820872 0.0257235 0.143925
25 0.763666 0.41433 0.0546624 0.0623053
9 0.546624 0.403427 0.0525188 0.0803738
17 0.437299 0.614953 0.0514469 0.0573209
23 0.289389 0.819626 0.0514469 0.10405
25 0.90836 0.411526 0.0728832 0.0853583
4 0.437567 0.618069 0.0519828 0.0560748
9 0.763666 0.41433 0.0546624 0.0623053
2 0.718382 0.605919 0.0519828 0.0666667
9 0.90702 0.4081 0.0702036 0.0884735
33 0.787245 0.838629 0.0321543 0.120872
1 0.611468 0.609346 0.056806 0.0623053
19 0.288853 0.818692 0.0482315 0.104673
25 0.177385 0.412773 0.0407288 0.0791277
25 0.54582 0.18162 0.0337621 0.102804
21 0.325295 0.825545 0.0192926 0.114642
27 0.546624 0.402181 0.0557342 0.0778816
5 0.786977 0.83676 0.0316184 0.127103
25 0.496517 0.615265 0.0369775 0.0579439
25 0.373258 0.196262 0.0423365 0.0722741
17 0.372722 0.619315 0.0466238 0.0685358
30 0.697213 0.816822 0.0267953 0.153271
11 0.316184 0.575701 0.0503751 0.0423676
2 0.801983 0.605296 0.0605573 0.0679128
9 0.830386 0.408723 0.0648446 0.082243
3 0.901661 0.604673 0.0894962 0.0654206
11 0.315916 0.620249 0.0487674 0.0566978
26 0.403805 0.407477 0.0573419 0.0809969
20 0.533494 0.78972 0.0316184 0.0691589
25 0.313505 0.188474 0.0610932 0.0866044
1 0.547696 0.616822 0.0482315 0.071028
25 0.482047 0.401246 0.0530547 0.082243
6 0.201501 0.620872 0.0493033 0.0803738
25 0.408092 0.184112 0.0562701 0.101558
25 0.118971 0.192835 0.0439443 0.0716511
25 0.608521 0.427726 0.0594855 0.0504673
25 0.0648446 0.190654 0.0525188 0.0722741
21 0.427653 0.798442 0.0278671 0.0816199
24 0.69239 0.415888 0.0728832 0.0679128
7 0.0827974 0.607165 0.0444802 0.0604361
25 0.260182 0.620561 0.0498392 0.058567
20 0.469185 0.826791 0.0359057 0.105919
25 0.0651125 0.394704 0.0530547 0.0978193
12 0.607985 0.820249 0.0359057 0.119003
33 0.868435 0.843925 0.0294748 0.117757
25 0.528939 0.181308 0.0503751 0.102181
29 0.125402 0.400623 0.0546624 0.0971963
25 0.137996 0.612773 0.050911 0.0654206
25 0.89523 0.177259 0.0766345 0.115265
25 0.173633 0.170717 0.0535906 0.122118
36 0.262326 0.40405 0.0551983 0.0965732
25 0.662379 0.182555 0.0546624 0.107165
20 0.538049 0.866667 0.0825295 0.0573209
25 0.32851 0.411838 0.0578778 0.0847352
18 0.229636 0.833645 0.0530547 0.094704
25 0.732583 0.193458 0.0600214 0.0853583
21 0.396034 0.831464 0.0353698 0.115265
25 0.594587 0.178505 0.0594855 0.115265
18 0.173365 0.823676 0.0466238 0.100935
25 0.472401 0.180374 0.0562701 0.107788
25 0.232047 0.170093 0.0546624 0.122118
18 0.117363 0.837695 0.0503751 0.0953271
18 0.062701 0.820249 0.0471597 0.094081
21 0.352626 0.82648 0.0321543 0.109034
25 0.811629 0.189097 0.0787781 0.0978193
