35 0.462651 0.200844 0.0298795 0.0904704
26 0.565783 0.421592 0.0915663 0.0784077
25 0.854458 0.189083 0.12241 0.104343
23 0.320964 0.797346 0.0501205 0.0989144
7 0.0956627 0.585645 0.0274699 0.0759952
35 0.429157 0.19994 0.026506 0.0874548
25 0.584337 0.422195 0.0563855 0.0772014
4 0.511807 0.615199 0.0240964 0.0603136
26 0.358313 0.4038 0.0554217 0.0850422
29 0.0961446 0.396261 0.0987952 0.0759952
21 0.444096 0.800965 0.0621687 0.0952955
15 0.652771 0.425814 0.0621687 0.0627262
22 0.319277 0.795537 0.046747 0.104946
28 0.520241 0.196924 0.0322892 0.0946924
28 0.664819 0.197527 0.103614 0.0910736
16 0.341687 0.601327 0.0414458 0.0735826
8 0.904819 0.188782 0.066988 0.101327
14 0.406506 0.407419 0.0322892 0.0838359
35 0.340241 0.208384 0.0877108 0.0729795
28 0.751084 0.196321 0.0351807 0.0922799
32 0.341687 0.600121 0.0404819 0.0747889
28 0.558554 0.196019 0.0375904 0.0916767
30 0.483855 0.592581 0.020241 0.132087
10 0.796386 0.428528 0.060241 0.0560917
19 0.266506 0.766586 0.0395181 0.0820265
9 0.797108 0.429433 0.0587952 0.0554885
19 0.319277 0.798251 0.0486747 0.104343
9 0.861687 0.411641 0.0607229 0.0814234
35 0.401446 0.202654 0.0260241 0.0759952
16 0.386506 0.610072 0.0375904 0.0548854
17 0.450602 0.607057 0.0366265 0.0741858
31 0.544337 0.61731 0.0322892 0.0548854
9 0.92506 0.411641 0.0612048 0.0862485
11 0.186747 0.611882 0.0496386 0.088661
24 0.653253 0.424306 0.0612048 0.062123
23 0.373494 0.801267 0.0472289 0.0971049
11 0.283133 0.581725 0.0361446 0.0572979
28 0.589639 0.200543 0.0303614 0.0898673
7 0.135904 0.588963 0.0424096 0.0717732
1 0.644096 0.624849 0.0554217 0.0566948
28 0.63494 0.195718 0.046747 0.0971049
25 0.459518 0.200543 0.0255422 0.0958987
13 0.359036 0.405609 0.0549398 0.088661
2 0.775181 0.610977 0.121928 0.0832328
28 0.506265 0.195718 0.0409639 0.10193
13 0.297108 0.405911 0.0525301 0.0868516
24 0.724096 0.422799 0.0689157 0.0603136
29 0.0645783 0.411037 0.0549398 0.0741858
35 0.315904 0.206574 0.0409639 0.0741858
35 0.363373 0.202955 0.0424096 0.0826297
26 0.519759 0.412244 0.0477108 0.0874548
25 0.429639 0.199337 0.0274699 0.0934861
26 0.45759 0.420688 0.0554217 0.0790109
30 0.730602 0.767491 0.0231325 0.127262
11 0.238795 0.606152 0.046747 0.0566948
34 0.16241 0.199035 0.0327711 0.0880579
3 0.904096 0.614294 0.116627 0.0874548
5 0.799518 0.785887 0.0250602 0.0892642
20 0.54 0.809711 0.0303614 0.0971049
7 0.0783133 0.589264 0.0361446 0.0699638
28 0.694217 0.197527 0.0486747 0.0934861
12 0.652048 0.796441 0.0356627 0.106755
29 0.12241 0.398372 0.0424096 0.075392
34 0.206265 0.195115 0.0433735 0.0971049
36 0.235904 0.404101 0.0506024 0.0856454
1 0.587952 0.62123 0.0453012 0.0687575
20 0.573735 0.810917 0.0293976 0.0971049
21 0.426265 0.803076 0.0342169 0.0971049
25 0.118554 0.189988 0.0472289 0.103739
25 0.261205 0.195115 0.0491566 0.0958987
33 0.879759 0.8076 0.0293976 0.100121
18 0.222651 0.803981 0.0424096 0.102533
8 0.832289 0.188782 0.0713253 0.101327
34 0.0607229 0.19994 0.0443374 0.0874548
18 0.125301 0.807901 0.0443374 0.103136
25 0.903614 0.188782 0.0684337 0.103739
21 0.478554 0.79614 0.0356627 0.0940893
18 0.0749398 0.808504 0.0506024 0.105549
36 0.176386 0.398975 0.053012 0.0934861
18 0.174458 0.802774 0.0443374 0.104946
