28 0.331669 0.553613 0.0603899 0.0337995
13 0.290537 0.375 0.0266286 0.0740093
8 0.649073 0.356061 0.0456491 0.0407925
21 0.547076 0.742716 0.0252021 0.0775058
9 0.771755 0.388986 0.0551593 0.0495338
20 0.5699 0.742424 0.0537328 0.0652681
5 0.888017 0.74796 0.022349 0.0751748
16 0.353543 0.598776 0.0679981 0.0437063
34 0.166429 0.170163 0.0561103 0.041958
9 0.818117 0.339161 0.0451736 0.0501166
28 0.569187 0.162005 0.0275796 0.0582751
2 0.834522 0.60169 0.0342368 0.0472028
25 0.774132 0.596445 0.0466001 0.0262238
20 0.554684 0.750291 0.0290062 0.0506993
35 0.50951 0.179779 0.0290062 0.0658508
36 0.250832 0.375583 0.0366144 0.0646853
31 0.55825 0.564394 0.0285307 0.0297203
35 0.487161 0.181527 0.0347123 0.0611888
28 0.289824 0.375 0.0271041 0.0716783
19 0.315977 0.781469 0.0518307 0.0990676
3 0.899192 0.580128 0.0665716 0.0600233
23 0.426058 0.742424 0.0275796 0.0909091
35 0.43533 0.176282 0.0280552 0.0600233
34 0.691393 0.339161 0.0342368 0.037296
28 0.528768 0.177739 0.0351878 0.0699301
28 0.535426 0.39627 0.0513552 0.0384615
28 0.310984 0.554779 0.0599144 0.0407925
9 0.935093 0.388986 0.0328103 0.0437063
2 0.879933 0.815559 0.0461246 0.0611888
20 0.548978 0.736014 0.0271041 0.0687646
28 0.80932 0.541958 0.0532573 0.0337995
25 0.231336 0.172203 0.0584879 0.0367133
28 0.587732 0.117424 0.0637185 0.0332168
9 0.877318 0.310606 0.0370899 0.048951
24 0.701379 0.387529 0.0523062 0.04662
14 0.392059 0.382867 0.0394674 0.0606061
35 0.615311 0.283217 0.0304327 0.04662
8 0.153352 0.0818765 0.0518307 0.0460373
28 0.755825 0.184732 0.0404184 0.0536131
30 0.677366 0.732809 0.0185449 0.113636
8 0.826676 0.188228 0.0613409 0.041958
25 0.154541 0.0833333 0.0494532 0.0512821
19 0.259154 0.786131 0.0513552 0.10373
28 0.720637 0.555361 0.0518307 0.0361305
28 0.669282 0.187646 0.0432715 0.04662
33 0.886591 0.75 0.021398 0.0745921
6 0.0608654 0.59965 0.0523062 0.0407925
25 0.899667 0.18852 0.0656205 0.0355478
35 0.473609 0.180361 0.0380409 0.0623543
28 0.214218 0.54866 0.0423205 0.0518648
8 0.290062 0.294289 0.0542083 0.041958
25 0.119591 0.362471 0.0271041 0.0990676
28 0.141465 0.592075 0.0470756 0.0629371
35 0.336186 0.160839 0.0523062 0.0641026
4 0.508084 0.593531 0.0404184 0.0483683
28 0.602235 0.157925 0.0394674 0.0536131
5 0.864479 0.74359 0.0180694 0.0757576
18 0.259154 0.782343 0.0513552 0.112471
23 0.3136 0.780594 0.0489777 0.0973193
8 0.867808 0.142191 0.0523062 0.0384615
5 0.723015 0.766026 0.021398 0.0984849
34 0.0924869 0.144231 0.0603899 0.0460373
20 0.610556 0.766026 0.0190204 0.0914918
34 0.883262 0.370338 0.0489777 0.0623543
28 0.275796 0.545163 0.0542083 0.0472028
25 0.450547 0.336247 0.0461246 0.0594406
35 0.499762 0.308275 0.0399429 0.0571096
35 0.527817 0.174825 0.0351878 0.0664336
8 0.649073 0.325758 0.0446981 0.0652681
21 0.364717 0.518648 0.0190204 0.0512821
12 0.654066 0.755245 0.0233 0.114219
28 0.649786 0.587704 0.0565858 0.0553613
34 0.325012 0.363636 0.0356633 0.101399
34 0.165002 0.152681 0.0504042 0.0571096
8 0.173324 0.301282 0.064194 0.0524476
18 0.12078 0.801282 0.0608654 0.0582751
28 0.712791 0.177739 0.0370899 0.0652681
21 0.4301 0.524476 0.0233 0.0652681
23 0.372088 0.795455 0.0575369 0.0979021
25 0.493343 0.384324 0.0337613 0.0553613
20 0.584641 0.74359 0.0233 0.0780886
21 0.465763 0.782925 0.0233 0.11014
8 0.757727 0.325758 0.0423205 0.0536131
34 0.757727 0.325758 0.0442225 0.0582751
25 0.0499287 0.355478 0.0456491 0.106061
18 0.197813 0.79662 0.0618165 0.0874126
20 0.559439 0.806527 0.0670471 0.0512821
18 0.0549215 0.734557 0.0499287 0.0728438
34 0.283642 0.163753 0.0394674 0.0734266
18 0.121493 0.715326 0.0679981 0.0914918
21 0.496434 0.785548 0.0332858 0.110723
34 0.551593 0.331294 0.0389919 0.0786713
18 0.052544 0.808275 0.0537328 0.0687646
