27 0.942619 0.892567 0.0580558 0.0574641
2 0.730648 0.621799 0.0193519 0.0893192
2 0.757201 0.623048 0.0481548 0.0868207
36 0.129388 0.401624 0.0508551 0.0974391
25 0.70252 0.60837 0.029703 0.0274828
24 0.942619 0.892567 0.0562556 0.0587133
11 0.268677 0.621174 0.0936094 0.065584
32 0.385239 0.618988 0.0351035 0.0687071
4 0.521827 0.630856 0.0337534 0.0587133
35 0.456796 0.164272 0.0279028 0.101187
32 0.343609 0.624922 0.0409541 0.0705809
1 0.59901 0.639913 0.050405 0.0780762
14 0.418092 0.413492 0.0450045 0.0899438
16 0.344734 0.622423 0.0387039 0.0743285
17 0.463321 0.853217 0.0427543 0.118676
31 0.555581 0.634603 0.0283528 0.0487196
13 0.644689 0.897876 0.0751575 0.0805746
9 0.596985 0.40787 0.0562556 0.0749532
26 0.434293 0.410369 0.0810081 0.0874453
28 0.748875 0.174578 0.0450045 0.0855715
19 0.278128 0.826983 0.039604 0.107433
9 0.790729 0.427545 0.0567057 0.0580887
2 0.778803 0.624922 0.0715572 0.0780762
7 0.325158 0.84416 0.0409541 0.113054
10 0.791404 0.425359 0.0535554 0.0574641
21 0.499775 0.835415 0.0247525 0.100562
27 0.59946 0.40787 0.0585059 0.0762024
17 0.477948 0.597127 0.040504 0.0599625
21 0.423942 0.817926 0.019802 0.108057
16 0.387489 0.6193 0.0342034 0.065584
35 0.427543 0.173954 0.0387039 0.0968145
9 0.860036 0.404747 0.0585059 0.091193
24 0.662241 0.410993 0.0553555 0.0474703
23 0.371737 0.817614 0.0423042 0.0999375
5 0.815932 0.846658 0.0252025 0.12055
24 0.725248 0.41599 0.059856 0.0462211
13 0.362736 0.403186 0.050405 0.100562
11 0.24595 0.62867 0.040054 0.0580887
20 0.583933 0.8401 0.0265527 0.106184
18 0.184518 0.835415 0.0423042 0.08807
26 0.472547 0.409119 0.0441044 0.0961899
35 0.331908 0.170831 0.0427543 0.0980637
30 0.743249 0.822611 0.020252 0.149906
3 0.925293 0.627108 0.0738074 0.0811993
9 0.921917 0.407558 0.0562556 0.0943161
12 0.661791 0.803873 0.0292529 0.0849469
33 0.881188 0.847283 0.0243024 0.108057
26 0.533303 0.403186 0.0549055 0.0980637
7 0.090009 0.609931 0.0450045 0.0755778
6 0.19892 0.591505 0.0423042 0.11243
11 0.292529 0.614616 0.0414041 0.062461
1 0.662466 0.628982 0.0459046 0.0724547
13 0.304906 0.399126 0.0526553 0.102436
28 0.569532 0.163648 0.0490549 0.0961899
28 0.693519 0.161462 0.0513051 0.103061
18 0.139739 0.850094 0.0409541 0.0599625
7 0.148965 0.593067 0.0414041 0.0930668
18 0.236049 0.832292 0.0418542 0.0968145
20 0.54883 0.840412 0.0283528 0.10431
35 0.382313 0.173329 0.0463546 0.0993129
28 0.635014 0.158651 0.049505 0.103685
28 0.518452 0.158339 0.0450045 0.10431
8 0.821557 0.16802 0.0679568 0.0949407
29 0.130288 0.398501 0.0526553 0.0986883
8 0.90324 0.155215 0.0729073 0.125547
34 0.107336 0.159275 0.0553555 0.11243
29 0.0731323 0.386946 0.049955 0.114304
34 0.0510801 0.160212 0.0472547 0.106808
36 0.191494 0.403498 0.0481548 0.0986883
34 0.278578 0.164897 0.049505 0.108682
36 0.2455 0.40787 0.0463546 0.0961899
34 0.170342 0.157714 0.0463546 0.12055
18 0.0909091 0.828545 0.0441044 0.110556
34 0.225248 0.154279 0.0481548 0.126171
