34 0.119955 0.155868 0.047619 0.116137
28 0.527664 0.177567 0.0349206 0.0800733
0 0.688435 0.613081 0.031746 0.0464548
32 0.348753 0.606357 0.0390023 0.0733496
28 0.540136 0.193154 0.0471655 0.0562347
25 0.496372 0.623472 0.0403628 0.0770171
25 0.1 0.617971 0.046712 0.094132
28 0.560544 0.140281 0.0326531 0.049511
17 0.496825 0.622249 0.0376417 0.0721271
17 0.436054 0.604829 0.0303855 0.0678484
21 0.495692 0.175428 0.0208617 0.0904645
4 0.497506 0.622555 0.0390023 0.0715159
12 0.721315 0.805929 0.0240363 0.143643
28 0.523583 0.144254 0.0340136 0.0672372
9 0.583673 0.411369 0.0498866 0.0696822
28 0.659637 0.174205 0.0947846 0.094132
28 0.496145 0.173594 0.0217687 0.0929095
16 0.390023 0.598716 0.0380952 0.0458435
10 0.778231 0.414731 0.0498866 0.0617359
18 0.284127 0.827323 0.0439909 0.104523
20 0.394331 0.161369 0.0294785 0.118582
1 0.686395 0.611553 0.0349206 0.056846
8 0.11746 0.157396 0.0498866 0.109413
19 0.28254 0.826711 0.0453515 0.108191
25 0.427891 0.167482 0.0285714 0.106357
4 0.389569 0.599939 0.0371882 0.047066
3 0.914739 0.616137 0.0734694 0.0855746
26 0.583673 0.415342 0.0517007 0.0788509
21 0.449887 0.812653 0.0154195 0.0984108
9 0.779592 0.417482 0.0517007 0.0647922
28 0.59161 0.173289 0.0312925 0.0922983
17 0.456236 0.606663 0.0353741 0.0739609
27 0.583447 0.410452 0.0512472 0.0690709
19 0.332426 0.821516 0.0462585 0.106357
24 0.649433 0.413814 0.0544218 0.0623472
25 0.443311 0.16901 0.0412698 0.0984108
14 0.421995 0.402506 0.0258503 0.0898533
31 0.543991 0.615831 0.0303855 0.0629584
3 0.862132 0.613998 0.0689342 0.0886308
25 0.0800453 0.621027 0.044898 0.094132
25 0.45737 0.172372 0.0349206 0.0977995
21 0.43356 0.820599 0.0190476 0.0996333
26 0.464626 0.4022 0.0521542 0.0953545
11 0.25102 0.623472 0.0430839 0.0672372
12 0.307483 0.609719 0.029932 0.105746
23 0.38458 0.823655 0.0480726 0.0996333
9 0.899547 0.39945 0.0557823 0.0947433
9 0.838322 0.39945 0.0548753 0.0922983
28 0.687075 0.175733 0.0471655 0.0959658
13 0.373923 0.400672 0.0603175 0.103301
6 0.198413 0.613386 0.046712 0.0996333
33 0.85805 0.799817 0.0235828 0.0935208
34 0.052381 0.158313 0.0494331 0.110024
13 0.309977 0.39456 0.0575964 0.106968
35 0.329478 0.172066 0.045805 0.0898533
20 0.540816 0.802262 0.0258503 0.0984108
28 0.633787 0.164731 0.045805 0.104523
7 0.147846 0.607274 0.0408163 0.0837408
5 0.801814 0.822738 0.0235828 0.113692
2 0.774603 0.606663 0.0970522 0.0922983
1 0.641723 0.628973 0.0507937 0.0611247
24 0.71542 0.408924 0.0612245 0.0635697
36 0.245805 0.395782 0.0517007 0.100856
34 0.214059 0.156174 0.0507937 0.121638
26 0.524943 0.399756 0.0512472 0.094132
29 0.0630386 0.407396 0.0562358 0.0910758
34 0.16576 0.160147 0.0367347 0.108802
1 0.586621 0.623166 0.044898 0.0715159
30 0.723583 0.802873 0.0240363 0.146088
25 0.117914 0.15709 0.0498866 0.116137
20 0.571202 0.8261 0.0276644 0.108191
25 0.878685 0.172066 0.0594104 0.111858
28 0.739909 0.179401 0.045805 0.0935208
29 0.131066 0.386308 0.0517007 0.091687
36 0.189569 0.389059 0.0489796 0.0984108
21 0.478005 0.816626 0.0371882 0.102689
18 0.2322 0.830073 0.0462585 0.106357
12 0.64263 0.783007 0.029932 0.102689
25 0.273469 0.15434 0.0544218 0.122861
8 0.810431 0.175733 0.0680272 0.106968
18 0.13424 0.834963 0.0453515 0.106357
18 0.183673 0.82824 0.0462585 0.105134
18 0.0811791 0.835269 0.0480726 0.110636
