17 0.401738 0.563398 0.0318687 0.0599625
16 0.452197 0.576515 0.0391115 0.0337289
9 0.933124 0.386633 0.041043 0.0462211
17 0.544182 0.557152 0.0405601 0.051218
24 0.741912 0.385384 0.0507001 0.0374766
21 0.416948 0.743285 0.0197972 0.0674578
17 0.401738 0.583385 0.0366972 0.0562149
9 0.873491 0.379138 0.0318687 0.0537164
9 0.801062 0.381324 0.0473201 0.0518426
7 0.111299 0.53529 0.0400773 0.0662086
17 0.351762 0.583073 0.034283 0.0630856
3 0.761709 0.554029 0.0197972 0.0524672
23 0.433366 0.726733 0.0246258 0.0793254
25 0.709078 0.741724 0.0507001 0.0331043
9 0.911395 0.368207 0.0391115 0.0680825
6 0.114437 0.538726 0.0366972 0.0830731
35 0.442057 0.196127 0.0313858 0.0612117
28 0.759295 0.197377 0.0197972 0.0649594
34 0.391598 0.67614 0.0405601 0.0443473
14 0.39015 0.386009 0.0338001 0.0774516
11 0.216562 0.562773 0.034283 0.0574641
28 0.66393 0.195191 0.0260744 0.065584
20 0.615403 0.699563 0.0246258 0.0674578
21 0.319894 0.565584 0.0169 0.0805746
35 0.494447 0.201437 0.0318687 0.0530918
21 0.51183 0.717364 0.0193143 0.0705809
21 0.549976 0.714553 0.0183486 0.0774516
1 0.641478 0.578076 0.0391115 0.0430981
35 0.367455 0.195815 0.0318687 0.0743285
28 0.695075 0.208307 0.0333172 0.0518426
9 0.843312 0.353841 0.0275229 0.0618364
26 0.447127 0.371643 0.0405601 0.0787008
16 0.350555 0.580575 0.0328344 0.0593379
23 0.470063 0.695815 0.041043 0.0712055
14 0.496861 0.373204 0.0328344 0.0693317
20 0.611299 0.754216 0.0241429 0.0693317
30 0.748431 0.686758 0.0183486 0.0968145
4 0.564462 0.563086 0.0260744 0.0468457
2 0.897875 0.760774 0.0352487 0.0961899
28 0.729116 0.197377 0.0280058 0.0587133
28 0.638098 0.19644 0.0313858 0.065584
34 0.935538 0.531855 0.0217286 0.0680825
35 0.353211 0.193317 0.0304201 0.0730793
13 0.290439 0.3807 0.0420087 0.0905684
6 0.165138 0.701437 0.0473201 0.0599625
33 0.8648 0.720487 0.0202801 0.0705809
29 0.140512 0.383198 0.037663 0.0693317
35 0.305649 0.199563 0.0338001 0.0643348
23 0.306615 0.744847 0.0540802 0.076827
18 0.210285 0.755465 0.0439401 0.0468457
21 0.529696 0.727358 0.0183486 0.0755778
5 0.797441 0.713304 0.0207629 0.0874453
33 0.806857 0.528732 0.0202801 0.0705809
29 0.0910188 0.390069 0.0507001 0.0618364
26 0.541526 0.374141 0.0439401 0.062461
35 0.408015 0.202061 0.0347658 0.0618364
26 0.591985 0.379138 0.044423 0.0612117
13 0.345485 0.381324 0.0468373 0.0843223
21 0.388701 0.729544 0.0270401 0.0587133
35 0.536456 0.196127 0.0357315 0.0649594
36 0.238049 0.383198 0.0473201 0.0780762
28 0.593675 0.200187 0.041043 0.0580887
18 0.123129 0.757964 0.0405601 0.0530918
28 0.795027 0.197064 0.0439401 0.0693317
20 0.584742 0.722673 0.0251086 0.0849469
12 0.671415 0.698938 0.0265572 0.0836977
36 0.187349 0.378201 0.0434573 0.0893192
18 0.0673588 0.585572 0.0507001 0.0630856
12 0.595123 0.539038 0.0217286 0.0874453
18 0.162482 0.581512 0.0458716 0.0774516
34 0.262434 0.190194 0.041043 0.0805746
34 0.166828 0.181761 0.0400773 0.0949407
34 0.126026 0.185197 0.0328344 0.0930668
8 0.850797 0.189881 0.0569773 0.0787008
34 0.0816031 0.178951 0.0453887 0.101811
34 0.214872 0.187695 0.0405601 0.0843223
8 0.9155 0.181449 0.0560116 0.0943161
