21 0.402661 0.822002 0.0228758 0.108776
6 0.129785 0.598579 0.0373483 0.0624227
9 0.85761 0.605995 0.0485528 0.0562423
25 0.122782 0.409147 0.0550887 0.0618047
35 0.650093 0.774722 0.0266106 0.0834363
17 0.602708 0.593634 0.0364146 0.038937
17 0.519374 0.625773 0.035014 0.0426452
2 0.761671 0.644005 0.0219421 0.0494438
36 0.199813 0.389988 0.0840336 0.0543881
28 0.813725 0.183251 0.0401494 0.0438813
28 0.139823 0.200556 0.0266106 0.0957973
28 0.692577 0.795117 0.0387488 0.0451174
6 0.136088 0.548826 0.0378151 0.0469716
35 0.486928 0.216007 0.038282 0.0809642
13 0.373016 0.374536 0.0392157 0.0543881
33 0.879318 0.859394 0.0238095 0.0735476
26 0.586601 0.222497 0.0368814 0.0667491
35 0.518207 0.20241 0.0252101 0.0797281
17 0.456349 0.610939 0.0359477 0.052534
16 0.272642 0.597033 0.038282 0.0457355
28 0.383053 0.149567 0.0714286 0.0469716
31 0.508637 0.584054 0.0331466 0.0358467
28 0.585901 0.221879 0.0345472 0.0729295
25 0.419468 0.381953 0.0210084 0.0482077
26 0.331699 0.412855 0.0424837 0.0679852
23 0.29902 0.76267 0.0312792 0.0803461
1 0.601074 0.600433 0.0359477 0.0377009
18 0.0982726 0.825093 0.0929038 0.0889988
25 0.489729 0.217244 0.0401494 0.0772559
14 0.288515 0.419963 0.0345472 0.078492
28 0.482493 0.138443 0.0602241 0.0370828
28 0.40126 0.120519 0.06676 0.0420272
26 0.396125 0.440977 0.0546218 0.0599506
13 0.329132 0.41131 0.038282 0.0698393
25 0.189542 0.449938 0.0718954 0.0407911
7 0.127684 0.603832 0.0368814 0.0556242
4 0.22409 0.617738 0.031746 0.0648949
16 0.225023 0.62021 0.0326797 0.0636588
35 0.298319 0.181397 0.0326797 0.0475896
34 0.138889 0.195303 0.0228758 0.0902349
36 0.218721 0.394932 0.035014 0.0556242
34 0.0945378 0.173362 0.0452848 0.0414091
9 0.550887 0.427998 0.0737628 0.0673671
35 0.239496 0.13597 0.0410831 0.0444994
18 0.726657 0.627627 0.0443511 0.0859085
36 0.176937 0.391842 0.038282 0.0519159
5 0.795985 0.843016 0.0242764 0.0976514
11 0.313492 0.563659 0.0434174 0.0469716
13 0.192577 0.201792 0.0443511 0.111867
9 0.89986 0.407293 0.0546218 0.0889988
8 0.719888 0.150803 0.054155 0.0543881
3 0.919234 0.625773 0.0578898 0.0723115
28 0.476424 0.812732 0.0378151 0.114957
2 0.806256 0.616811 0.0532213 0.0766378
36 0.094071 0.337763 0.0639589 0.0438813
36 0.173903 0.746292 0.0471522 0.0636588
28 0.764006 0.21508 0.0434174 0.0741656
35 0.61578 0.800989 0.0298786 0.0766378
30 0.727824 0.788319 0.0205416 0.127936
28 0.387955 0.133189 0.0840336 0.0488257
25 0.0922036 0.223424 0.0499533 0.0574784
9 0.838702 0.400494 0.0546218 0.0877627
12 0.540383 0.826638 0.0284781 0.114339
12 0.650794 0.779048 0.0261438 0.0945612
34 0.719888 0.416255 0.0429505 0.105686
34 0.303221 0.231768 0.0480859 0.0482077
29 0.0604575 0.418418 0.0443511 0.0692213
8 0.822362 0.230841 0.0611578 0.0451174
6 0.176704 0.605686 0.0406162 0.0741656
30 0.647059 0.389679 0.0196078 0.121755
23 0.343137 0.799444 0.0420168 0.092089
18 0.071662 0.826638 0.0443511 0.0933251
28 0.55112 0.209209 0.0331466 0.0957973
21 0.432773 0.823857 0.0233427 0.103832
28 0.704715 0.223424 0.0452848 0.0611866
7 0.0847339 0.590235 0.0406162 0.065513
25 0.637488 0.21199 0.0490196 0.092707
25 0.483193 0.409147 0.0457516 0.111248
25 0.844538 0.76576 0.116713 0.0580964
24 0.932773 0.855377 0.070028 0.105068
18 0.776377 0.425525 0.0494865 0.0698393
21 0.271242 0.809951 0.0261438 0.0945612
18 0.215686 0.817367 0.0410831 0.0797281
34 0.0410831 0.207664 0.0448179 0.10136
18 0.171102 0.82293 0.0434174 0.0698393
8 0.883753 0.204265 0.0597572 0.100742
18 0.120448 0.823857 0.0429505 0.0865266
34 0.246032 0.214771 0.0466853 0.0883807
