36 0.122407 0.43223 0.103734 0.091193
2 0.739511 0.642723 0.055325 0.0824485
16 0.298294 0.650531 0.0414938 0.0618364
21 0.389811 0.812617 0.0677732 0.0787008
2 0.72545 0.642099 0.0262794 0.0787008
26 0.347626 0.871955 0.065468 0.0499688
17 0.432457 0.654279 0.0267404 0.065584
19 0.277317 0.845409 0.0410327 0.0868207
7 0.0811434 0.63679 0.0839096 0.0668332
23 0.277086 0.842598 0.0405717 0.0874453
4 0.341402 0.655528 0.0336561 0.0480949
9 0.78331 0.455965 0.0562471 0.0599625
10 0.780313 0.452842 0.0603965 0.0574641
11 0.28746 0.652405 0.0714615 0.0605871
19 0.230751 0.846658 0.0410327 0.0868207
16 0.432227 0.653654 0.0272015 0.0605871
27 0.590595 0.439413 0.0497925 0.0730793
13 0.274781 0.441287 0.0267404 0.0855715
32 0.298755 0.65178 0.0424159 0.0630856
9 0.590364 0.439725 0.0484094 0.0811993
4 0.515445 0.659275 0.0368834 0.0455965
16 0.341402 0.657402 0.0336561 0.0455965
12 0.243891 0.435041 0.0276625 0.108057
24 0.708852 0.447533 0.0539419 0.0393504
28 0.683264 0.208307 0.0479484 0.0980637
4 0.432688 0.65584 0.0281236 0.0649594
13 0.357538 0.216427 0.0539419 0.0830731
17 0.468649 0.636477 0.0373444 0.0749532
31 0.560858 0.647096 0.0308898 0.062461
26 0.357999 0.215803 0.054864 0.0855715
20 0.564546 0.203623 0.0391886 0.109931
21 0.129322 0.19925 0.0345781 0.114928
2 0.767174 0.64366 0.100507 0.08807
9 0.848317 0.438164 0.0562471 0.0830731
18 0.186261 0.850406 0.0396496 0.0805746
26 0.53112 0.429731 0.0479484 0.0899438
33 0.878976 0.852904 0.0244352 0.0918176
26 0.469341 0.450031 0.0534809 0.0843223
6 0.156293 0.646471 0.0405717 0.0899438
11 0.250576 0.640849 0.0382665 0.062461
24 0.650069 0.448157 0.0580913 0.0643348
5 0.815122 0.848532 0.0248963 0.100562
26 0.414707 0.444722 0.0410327 0.0886946
9 0.912863 0.435353 0.0599355 0.0924422
17 0.381743 0.638663 0.0451821 0.0755778
7 0.105809 0.63554 0.0382665 0.0693317
3 0.896496 0.650531 0.114799 0.0955653
1 0.651683 0.652092 0.0465652 0.0599625
14 0.365606 0.434416 0.0405717 0.0893192
11 0.205164 0.657089 0.0414938 0.0549656
30 0.744813 0.82792 0.0198248 0.138039
1 0.603965 0.622111 0.0424159 0.0599625
35 0.399723 0.212367 0.0248963 0.091193
29 0.0970493 0.432854 0.0474873 0.0961899
35 0.446519 0.20737 0.0474873 0.104934
7 0.0599355 0.635853 0.0378054 0.0724547
13 0.316505 0.438476 0.0474873 0.101187
34 0.0228216 0.207058 0.0345781 0.101811
20 0.589212 0.84822 0.0267404 0.0999375
21 0.468188 0.813866 0.0308898 0.0924422
34 0.0728446 0.202061 0.0507146 0.111805
35 0.285616 0.217676 0.0428769 0.0843223
36 0.205394 0.44035 0.0428769 0.091193
21 0.200323 0.201124 0.0336561 0.117427
24 0.679345 0.868207 0.0871369 0.0587133
12 0.657907 0.792942 0.0304288 0.0718301
34 0.165745 0.201749 0.0308898 0.109931
8 0.821577 0.199563 0.055325 0.106808
21 0.37183 0.80762 0.0308898 0.0712055
28 0.619179 0.208307 0.0497925 0.0980637
8 0.888197 0.199875 0.0631628 0.106184
28 0.506685 0.206121 0.0488704 0.0961899
20 0.561088 0.821049 0.0248963 0.0893192
34 0.239742 0.198626 0.0414938 0.119925
36 0.154449 0.437539 0.0479484 0.0930668
21 0.407561 0.821362 0.0295067 0.0849469
21 0.503919 0.816365 0.033195 0.0874453
18 0.139926 0.842911 0.0391886 0.106808
29 0.0444905 0.421611 0.0447211 0.0999375
18 0.0947441 0.84822 0.0419548 0.104934
18 0.0474873 0.851968 0.0433379 0.0974391
