11 0.317164 0.56371 0.0740528 0.0530918
7 0.120264 0.534354 0.0281286 0.0505934
12 0.566016 0.696127 0.0183697 0.0730793
3 0.839265 0.559963 0.0459242 0.0530918
17 0.392939 0.560899 0.0350172 0.0487196
11 0.29822 0.530918 0.0384615 0.0587133
24 0.665327 0.40381 0.0493685 0.0381012
25 0.656142 0.570269 0.0332951 0.0337289
2 0.783295 0.554653 0.0625718 0.0449719
28 0.708955 0.230169 0.0206659 0.065584
33 0.76837 0.708932 0.02124 0.0762024
9 0.911596 0.400999 0.0631458 0.0474703
34 0.121412 0.224859 0.0935706 0.0849469
26 0.363662 0.408807 0.0591274 0.0443473
19 0.31946 0.733292 0.0453502 0.0861961
34 0.258611 0.227358 0.0889782 0.0836977
32 0.333238 0.569332 0.0407577 0.065584
17 0.482491 0.569019 0.032721 0.0337289
4 0.482204 0.569332 0.0332951 0.0343535
9 0.872847 0.393504 0.0797933 0.0637102
11 0.255741 0.513117 0.032721 0.0331043
13 0.35907 0.408495 0.0591274 0.0474703
25 0.385189 0.229232 0.0390356 0.0687071
19 0.261194 0.738913 0.0574053 0.0874453
3 0.865098 0.564335 0.0884041 0.0568395
31 0.520666 0.561836 0.0275545 0.036852
14 0.429679 0.401624 0.043054 0.0574641
35 0.385476 0.230169 0.0419059 0.0693317
25 0.614811 0.403186 0.0482204 0.0430981
5 0.707233 0.702061 0.0241102 0.0824485
25 0.63318 0.231106 0.043628 0.0612117
13 0.305396 0.399438 0.0378875 0.0618364
25 0.745695 0.225796 0.043628 0.0718301
7 0.15155 0.544347 0.0275545 0.0605871
11 0.305109 0.508745 0.0350172 0.036852
26 0.492824 0.409432 0.0614237 0.0493442
23 0.369403 0.728919 0.0453502 0.0836977
26 0.550804 0.405372 0.0419059 0.0474703
11 0.291906 0.551218 0.0350172 0.0480949
33 0.789897 0.726421 0.0264064 0.0849469
25 0.194604 0.400062 0.0401837 0.0680825
2 0.709529 0.559963 0.0746269 0.0555903
5 0.73651 0.723923 0.0252583 0.091193
1 0.565155 0.560899 0.0464983 0.0487196
6 0.198335 0.559963 0.043054 0.0580887
25 0.725603 0.409432 0.0642939 0.0405996
29 0.156142 0.39163 0.0287026 0.0649594
36 0.264064 0.394441 0.0413318 0.0643348
28 0.680253 0.230169 0.0355913 0.0643348
11 0.247991 0.552155 0.0390356 0.0487196
17 0.437715 0.561524 0.0442021 0.0499688
1 0.615385 0.570581 0.0459242 0.0430981
7 0.0823766 0.551218 0.0292767 0.0518426
25 0.097876 0.221112 0.043054 0.0886946
34 0.287887 0.227983 0.0442021 0.07995
25 0.238806 0.223923 0.043628 0.0855715
18 0.105626 0.736415 0.0447761 0.0824485
29 0.112514 0.393192 0.0447761 0.065584
35 0.332951 0.232979 0.0378875 0.0749532
30 0.663892 0.705497 0.0223881 0.121799
35 0.424225 0.234853 0.0309989 0.0599625
28 0.576923 0.228919 0.043628 0.065584
18 0.208094 0.741412 0.0453502 0.0899438
21 0.458668 0.725796 0.0275545 0.0886946
20 0.511481 0.724859 0.0264064 0.0818239
20 0.541045 0.728919 0.0292767 0.0836977
25 0.881171 0.21674 0.0711825 0.07995
28 0.523823 0.229232 0.0442021 0.0699563
8 0.806544 0.221736 0.0551091 0.0724547
34 0.195752 0.225172 0.0344432 0.0843223
35 0.46814 0.234229 0.0453502 0.0612117
12 0.593858 0.699875 0.0281286 0.0855715
21 0.414753 0.723923 0.0315729 0.0899438
18 0.157577 0.735478 0.0442021 0.0868207
18 0.0576923 0.735166 0.0476464 0.0836977
34 0.149541 0.227046 0.0453502 0.0793254
