3 0.841069 0.707496 0.0365682 0.0996909
1 0.704993 0.694359 0.0316456 0.0734158
28 0.728551 0.333076 0.101266 0.0880989
32 0.432841 0.663833 0.0344585 0.0788253
16 0.525316 0.688949 0.0379747 0.0904173
27 0.650492 0.518161 0.0520394 0.068779
19 0.357595 0.844668 0.0457103 0.0834621
32 0.356892 0.702473 0.0443038 0.0757342
23 0.356892 0.847372 0.0400844 0.076507
9 0.650844 0.519706 0.0471167 0.068779
36 0.171589 0.526662 0.0520394 0.0826893
21 0.504571 0.846213 0.0766526 0.0834621
16 0.431435 0.666924 0.0316456 0.0695518
3 0.792194 0.705178 0.0780591 0.0981453
3 0.762307 0.703632 0.0253165 0.0996909
4 0.52391 0.691267 0.0351617 0.0842349
14 0.479958 0.505796 0.0414909 0.0826893
17 0.469761 0.700155 0.0436006 0.0942813
19 0.305204 0.847759 0.045007 0.0788253
31 0.568214 0.67813 0.0323488 0.0873261
36 0.229606 0.522798 0.0471167 0.0904173
9 0.827356 0.511592 0.0555556 0.0819165
7 0.119902 0.680062 0.0443038 0.0664606
7 0.161744 0.690495 0.0365682 0.0749614
13 0.350211 0.519706 0.0534458 0.0935085
35 0.452532 0.340804 0.0386779 0.0788253
24 0.708509 0.525502 0.0555556 0.0680062
24 0.765823 0.52898 0.0576653 0.076507
36 0.288678 0.529753 0.0555556 0.0981453
30 0.757032 0.847372 0.0232068 0.115147
23 0.417018 0.860124 0.0618847 0.0896445
26 0.588608 0.518934 0.0520394 0.0857805
35 0.415612 0.336167 0.0393812 0.0927357
6 0.209564 0.704405 0.04782 0.0904173
26 0.530239 0.529366 0.0506329 0.0803709
33 0.880098 0.869011 0.0260197 0.0749614
5 0.79993 0.86592 0.0232068 0.0826893
9 0.904712 0.511206 0.0682138 0.112056
11 0.309775 0.697063 0.0372714 0.0556414
13 0.409283 0.508887 0.0436006 0.0935085
12 0.645218 0.859351 0.033052 0.0880989
11 0.265471 0.696677 0.0414909 0.061051
1 0.662096 0.686244 0.0443038 0.0850077
35 0.499297 0.329212 0.04782 0.103555
35 0.37166 0.33694 0.0457103 0.106646
28 0.635724 0.329212 0.0576653 0.0958269
28 0.818565 0.330371 0.0520394 0.0950541
20 0.595288 0.86592 0.0260197 0.0826893
28 0.700774 0.335781 0.0499297 0.0842349
1 0.612166 0.689335 0.0443038 0.0865533
20 0.566104 0.866692 0.0295359 0.0795981
29 0.170534 0.526275 0.0527426 0.0788253
18 0.113221 0.855487 0.04782 0.0803709
29 0.106188 0.527048 0.0576653 0.0896445
28 0.756681 0.329598 0.0506329 0.0919629
34 0.0636428 0.318779 0.0471167 0.127512
34 0.123066 0.316461 0.0618847 0.132148
18 0.254923 0.853555 0.0443038 0.0703246
28 0.574543 0.332689 0.0464135 0.0919629
8 0.890295 0.323416 0.0661041 0.0996909
18 0.159986 0.85626 0.0428973 0.0788253
2 0.929325 0.709042 0.124473 0.105873
34 0.187764 0.316847 0.0562588 0.12983
21 0.525668 0.846986 0.0316456 0.0834621
18 0.208158 0.855487 0.0421941 0.0695518
8 0.953938 0.310665 0.0583685 0.108192
34 0.311885 0.333462 0.0583685 0.11051
21 0.485935 0.843508 0.0323488 0.0826893
34 0.249297 0.32187 0.0555556 0.121329
