13 0.487601 0.344472 0.0356177 0.0668332
1 0.523895 0.554029 0.0604148 0.0362274
2 0.845131 0.837289 0.041028 0.0630856
33 0.847385 0.830106 0.0329125 0.0899438
13 0.293959 0.359151 0.025248 0.0674578
35 0.349188 0.100562 0.0275023 0.0612117
9 0.757214 0.325109 0.0392245 0.0568395
16 0.305681 0.570269 0.0342651 0.0524672
28 0.667493 0.0774516 0.0500451 0.0412242
24 0.587466 0.360087 0.0631199 0.0455965
9 0.728359 0.362274 0.0590622 0.0487196
6 0.0978359 0.582136 0.0748422 0.0549656
5 0.670424 0.785759 0.0207394 0.116177
25 0.149008 0.328545 0.0356177 0.0949407
17 0.403968 0.521861 0.0342651 0.0443473
25 0.575293 0.57995 0.0568079 0.0405996
28 0.68936 0.129294 0.0459874 0.0449719
8 0.831154 0.121487 0.0770965 0.054341
19 0.260821 0.782011 0.0572588 0.114928
9 0.857755 0.329794 0.0572588 0.0712055
35 0.364292 0.110868 0.0297565 0.0530918
6 0.159152 0.534041 0.0288548 0.0687071
6 0.193192 0.521861 0.0302074 0.0580887
18 0.194319 0.793879 0.0658251 0.0974391
5 0.642922 0.788257 0.025248 0.12742
34 0.263977 0.156152 0.0491434 0.0549656
8 0.778179 0.100562 0.0477908 0.0637102
34 0.218215 0.158963 0.0297565 0.0518426
21 0.416817 0.702686 0.0202885 0.0749532
21 0.417042 0.756402 0.0180343 0.0974391
35 0.31312 0.149594 0.0302074 0.0618364
36 0.190487 0.354154 0.0374211 0.0712055
29 0.106402 0.347283 0.0270514 0.0836977
33 0.817629 0.807308 0.0320108 0.0405996
20 0.474977 0.759838 0.0311091 0.0605871
9 0.801849 0.309182 0.0437331 0.0562149
12 0.669071 0.783573 0.0216411 0.121799
12 0.642471 0.790756 0.0261497 0.138663
25 0.349639 0.0996252 0.0356177 0.0618364
28 0.495717 0.0743285 0.0500451 0.0474703
28 0.722272 0.124922 0.0595131 0.0499688
25 0.263977 0.576827 0.0329125 0.0443473
26 0.487151 0.338851 0.0329125 0.0630856
34 0.0953562 0.580887 0.0725879 0.0499688
25 0.223174 0.0693317 0.0513977 0.039975
3 0.857529 0.579325 0.0640216 0.0755778
2 0.797565 0.58401 0.0532011 0.0824485
29 0.0773219 0.361024 0.0302074 0.0549656
25 0.609558 0.109619 0.0495942 0.0793254
23 0.317629 0.76827 0.0455365 0.113679
25 0.449053 0.345097 0.0324617 0.0793254
18 0.123309 0.797626 0.0518485 0.0687071
23 0.377592 0.784197 0.0446348 0.116802
33 0.854373 0.766396 0.0234445 0.0824485
34 0.272092 0.100562 0.0302074 0.0687071
25 0.449955 0.133666 0.025248 0.07995
18 0.125113 0.70331 0.0635708 0.0949407
20 0.509017 0.755465 0.0279531 0.0980637
34 0.138638 0.137414 0.0428314 0.0899438
25 0.087917 0.131793 0.0396754 0.0986883
12 0.602344 0.808245 0.0405771 0.12742
20 0.54486 0.780762 0.0311091 0.108682
25 0.415239 0.341974 0.0306583 0.0955653
25 0.331605 0.344472 0.0428314 0.0968145
20 0.477457 0.829794 0.0739405 0.0568395
34 0.181019 0.141786 0.0320108 0.0886946
18 0.0642471 0.796377 0.0518485 0.0899438
21 0.360911 0.498751 0.0193868 0.0668332
25 0.654418 0.351031 0.0554554 0.0562149
8 0.901262 0.101499 0.0604148 0.111805
