32 0.337929 0.438534 0.0362845 0.0512679
25 0.17344 0.302922 0.0246734 0.0644983
16 0.374456 0.444873 0.0251572 0.0551268
1 0.58926 0.468578 0.0764393 0.0496141
27 0.590953 0.306229 0.0411224 0.0589857
28 0.659652 0.126792 0.0353169 0.0396913
24 0.638607 0.330209 0.0464441 0.0407938
8 0.701984 0.148291 0.0599903 0.047409
25 0.699323 0.169791 0.0846638 0.0297685
13 0.288824 0.300717 0.0822448 0.0600882
35 0.213111 0.308986 0.0469279 0.0633958
9 0.591437 0.305954 0.0411224 0.0595369
26 0.365747 0.288589 0.0406386 0.0402426
35 0.287857 0.138093 0.0328979 0.0832415
17 0.442912 0.486494 0.0469279 0.0402426
35 0.436381 0.135336 0.0203193 0.0766262
6 0.216981 0.41731 0.0353169 0.0418964
2 0.708273 0.450662 0.0338655 0.0545755
6 0.166425 0.416207 0.039671 0.0628445
13 0.366231 0.288037 0.0406386 0.0402426
8 0.699081 0.16731 0.0832124 0.0336273
16 0.433478 0.439912 0.0309627 0.0385888
4 0.5 0.472712 0.0266086 0.0424476
8 0.749637 0.113561 0.0382196 0.0804851
14 0.449444 0.29989 0.0261248 0.0562293
12 0.64925 0.608048 0.0183841 0.0904079
19 0.286889 0.625689 0.0464441 0.0837927
11 0.257862 0.43247 0.0290276 0.0413451
26 0.547895 0.272326 0.0343493 0.0529217
23 0.41195 0.597299 0.0372521 0.0656009
13 0.319787 0.299338 0.0377358 0.0650496
1 0.646347 0.486494 0.02806 0.0325248
4 0.435172 0.438809 0.030479 0.0385888
13 0.373488 0.327729 0.0590227 0.0457552
26 0.373004 0.326902 0.0580552 0.0441014
34 0.148041 0.135612 0.0212869 0.0848953
31 0.5 0.472161 0.025641 0.0468578
19 0.338413 0.620452 0.0430576 0.0865491
34 0.175375 0.143054 0.0343493 0.0788313
17 0.473391 0.429438 0.0343493 0.0441014
25 0.40687 0.161521 0.0483793 0.0463065
25 0.785438 0.143881 0.0527334 0.0727674
11 0.305273 0.406836 0.0319303 0.0363837
5 0.690614 0.625413 0.0208031 0.084344
25 0.212869 0.310088 0.0416062 0.0644983
35 0.353653 0.159868 0.0367683 0.0540243
9 0.749637 0.32828 0.0469279 0.0545755
34 0.28568 0.13892 0.0324141 0.0848953
25 0.844944 0.327453 0.0624093 0.0595369
33 0.755926 0.625413 0.0237059 0.0777288
7 0.141026 0.47161 0.0759555 0.0336273
26 0.486696 0.329658 0.0454765 0.0628445
1 0.573295 0.461687 0.0377358 0.0512679
35 0.319061 0.146086 0.0246734 0.0672547
25 0.176101 0.142503 0.0328979 0.0799338
18 0.178036 0.624862 0.0445089 0.0832415
31 0.531688 0.469129 0.0270924 0.0573319
30 0.650702 0.606119 0.0193517 0.0942668
11 0.299226 0.447078 0.0362845 0.0485116
25 0.613208 0.149945 0.0498307 0.0738699
28 0.559748 0.132029 0.0338655 0.0854465
25 0.845912 0.134785 0.0498307 0.0832415
3 0.81253 0.468853 0.0759555 0.0821389
36 0.272617 0.299338 0.0469279 0.0661521
29 0.174891 0.299614 0.0266086 0.0633958
25 0.223029 0.472988 0.0367683 0.0584344
1 0.611998 0.479879 0.0358007 0.0457552
7 0.119255 0.417861 0.0401548 0.0595369
28 0.515965 0.144432 0.0430576 0.0826902
21 0.470972 0.60667 0.0198355 0.0744212
7 0.165941 0.418137 0.0387034 0.0611907
25 0.244557 0.142778 0.0401548 0.0871003
35 0.466134 0.141951 0.0382196 0.0832415
28 0.704403 0.118798 0.0435414 0.0501654
20 0.52298 0.624311 0.0251572 0.0777288
34 0.20924 0.144157 0.0266086 0.0788313
20 0.551282 0.624587 0.025641 0.0771775
25 0.694485 0.327729 0.0595065 0.0611907
34 0.113691 0.13892 0.039671 0.0749724
29 0.134736 0.305127 0.0488631 0.0633958
21 0.442671 0.626792 0.0261248 0.0793826
28 0.634736 0.0835171 0.0667634 0.0402426
12 0.604257 0.596472 0.0261248 0.07828
18 0.235849 0.633958 0.0449927 0.0837927
18 0.122158 0.640849 0.0556362 0.0876516
