31 0.49321 0.556145 0.0347637 0.0455396
36 0.572515 0.407985 0.0521456 0.0411728
25 0.549973 0.223955 0.0363933 0.0399251
32 0.378327 0.553961 0.0331342 0.0511541
9 0.765073 0.327511 0.0841934 0.0536494
24 0.634981 0.401435 0.056491 0.0467873
35 0.38566 0.234872 0.0586638 0.0230817
2 0.829169 0.54242 0.120043 0.0704928
14 0.429115 0.368372 0.032591 0.0580162
25 0.638512 0.403618 0.0581206 0.0436681
13 0.297393 0.350905 0.0342205 0.0642545
2 0.78327 0.728634 0.0630092 0.0336868
28 0.580663 0.180287 0.0336774 0.0474111
17 0.455459 0.551466 0.0331342 0.0474111
25 0.704237 0.386463 0.0548615 0.0380537
25 0.591526 0.575172 0.065182 0.0411728
19 0.24579 0.723019 0.0483433 0.0860886
18 0.126833 0.635059 0.0407387 0.0274485
34 0.183324 0.18559 0.0407387 0.101684
2 0.683867 0.52277 0.0488865 0.0386775
16 0.420424 0.560823 0.032591 0.0536494
23 0.24579 0.720836 0.0472569 0.0842171
8 0.846551 0.214598 0.0439978 0.0461634
25 0.694188 0.399875 0.0488865 0.0361822
1 0.590168 0.574236 0.0624661 0.040549
27 0.574144 0.407049 0.0521456 0.040549
26 0.393265 0.362445 0.0293319 0.0636307
25 0.674633 0.571429 0.0510592 0.0286962
3 0.830255 0.543668 0.125475 0.0754835
14 0.393536 0.362445 0.0298751 0.0636307
36 0.252309 0.323456 0.038566 0.0417966
31 0.536393 0.567062 0.0298751 0.0536494
25 0.243346 0.371491 0.0467137 0.0530256
28 0.593156 0.212102 0.0347637 0.066126
28 0.487507 0.165939 0.038566 0.0461634
13 0.391907 0.360574 0.0309614 0.066126
25 0.431287 0.368372 0.0347637 0.0605115
23 0.358501 0.727074 0.0499728 0.0854648
13 0.357143 0.36151 0.0353069 0.0692452
9 0.745519 0.332813 0.0418251 0.0692452
4 0.494025 0.556769 0.0342205 0.0530256
26 0.476643 0.349657 0.0353069 0.0692452
25 0.235198 0.555833 0.0380228 0.0349345
29 0.113525 0.397692 0.106464 0.036806
9 0.787887 0.325951 0.0374796 0.0517779
25 0.31912 0.38116 0.0309614 0.0586401
9 0.813417 0.387711 0.0548615 0.0642545
20 0.555948 0.711167 0.0255296 0.0686213
23 0.293047 0.69869 0.0429115 0.077355
25 0.765888 0.227386 0.103205 0.0305677
28 0.503531 0.219588 0.0488865 0.0561447
29 0.152906 0.335621 0.0439978 0.0636307
35 0.369093 0.186525 0.0298751 0.0598877
11 0.271863 0.52121 0.0483433 0.036806
23 0.405486 0.725515 0.0353069 0.077355
35 0.327268 0.199938 0.0429115 0.0704928
29 0.105649 0.339052 0.0450842 0.0580162
25 0.185225 0.189021 0.0423683 0.0985652
5 0.701521 0.697754 0.017925 0.0792264
7 0.129278 0.503431 0.0412819 0.0536494
35 0.398153 0.186837 0.0271592 0.0630069
20 0.531776 0.670618 0.0228137 0.0711167
30 0.653178 0.69214 0.0190114 0.106675
28 0.680337 0.202433 0.0342205 0.0742358
34 0.253938 0.224579 0.0852797 0.0361822
36 0.19962 0.335621 0.0407387 0.066126
35 0.440793 0.18247 0.0396524 0.0580162
25 0.188756 0.569869 0.0483433 0.0417966
7 0.0879957 0.55864 0.0499728 0.0492826
28 0.63308 0.203681 0.0363933 0.0817218
25 0.519283 0.362134 0.0401955 0.0642545
18 0.169745 0.7199 0.0483433 0.0873362
34 0.0953286 0.180911 0.0461706 0.0960699
21 0.477729 0.688709 0.0233569 0.0848409
34 0.273493 0.167498 0.038566 0.0617592
34 0.142857 0.18247 0.0347637 0.0917031
12 0.610538 0.695259 0.0282455 0.0854648
8 0.725693 0.170306 0.0532319 0.0823456
34 0.233026 0.163444 0.0315046 0.0673737
18 0.116513 0.715533 0.0461706 0.0860886
