35 0.401636 0.169894 0.032243 0.104934
20 0.535748 0.624922 0.0313084 0.0918176
28 0.663785 0.181761 0.032243 0.0924422
9 0.800701 0.426921 0.0593458 0.0580887
10 0.800234 0.427545 0.0584112 0.0493442
18 0.286215 0.837601 0.0434579 0.0999375
34 0.192056 0.157714 0.0953271 0.121799
19 0.286449 0.838851 0.0448598 0.101187
27 0.59743 0.420362 0.0462617 0.0612117
21 0.435047 0.826046 0.0168224 0.105559
1 0.62757 0.628982 0.102804 0.062461
14 0.429673 0.414428 0.032243 0.0893192
23 0.376402 0.796377 0.0378505 0.0737039
34 0.335047 0.172392 0.0476636 0.106184
26 0.588318 0.195191 0.0607477 0.076827
9 0.860514 0.414428 0.0546729 0.0743285
23 0.369393 0.640849 0.0556075 0.103685
19 0.335981 0.834791 0.0457944 0.103061
28 0.76215 0.195815 0.0448598 0.0680825
7 0.157944 0.612117 0.0327103 0.0861961
25 0.651636 0.432542 0.0537383 0.0580887
26 0.543458 0.404122 0.0504673 0.0836977
9 0.920327 0.41193 0.0546729 0.0868207
35 0.387383 0.173017 0.0411215 0.103685
2 0.774299 0.614616 0.107477 0.0787008
28 0.648364 0.181761 0.0453271 0.0936914
30 0.739486 0.793567 0.0219626 0.13679
21 0.499533 0.786696 0.0308411 0.0855715
1 0.599299 0.631793 0.0434579 0.0668332
35 0.439019 0.178638 0.032243 0.0974391
13 0.314019 0.405372 0.0514019 0.0974391
20 0.552103 0.814491 0.0294393 0.0999375
6 0.203738 0.625859 0.0439252 0.0936914
33 0.868925 0.820112 0.0247664 0.0974391
26 0.482477 0.417239 0.0518692 0.0824485
5 0.80771 0.812929 0.0219626 0.10431
11 0.256776 0.63148 0.0481308 0.0649594
36 0.254907 0.405996 0.0462617 0.0974391
1 0.652804 0.623985 0.0485981 0.0612117
3 0.887383 0.62055 0.118692 0.0843223
24 0.723131 0.42005 0.0640187 0.0630856
35 0.476402 0.181137 0.0425234 0.0986883
13 0.373131 0.409119 0.0546729 0.101187
21 0.459112 0.807308 0.0303738 0.0930668
34 0.11215 0.156777 0.0551402 0.123673
29 0.134346 0.402561 0.0556075 0.100562
28 0.704907 0.187383 0.0443925 0.102436
11 0.307009 0.627733 0.0457944 0.0662086
18 0.112383 0.642411 0.05 0.0893192
36 0.19743 0.402873 0.0546729 0.103685
35 0.334579 0.175515 0.046729 0.0974391
21 0.457243 0.614928 0.0285047 0.0980637
29 0.0747664 0.391318 0.0523364 0.110556
8 0.827103 0.179575 0.0626168 0.0993129
12 0.651168 0.805122 0.0313084 0.103685
34 0.168692 0.160212 0.0429907 0.12055
8 0.899065 0.177389 0.0682243 0.106184
34 0.0565421 0.162711 0.0429907 0.110556
18 0.185514 0.792317 0.0420561 0.0955653
28 0.529206 0.182698 0.0471963 0.0993129
18 0.236215 0.841974 0.0453271 0.101187
20 0.588551 0.796377 0.0266355 0.0861961
34 0.280607 0.160525 0.0462617 0.122423
34 0.224533 0.157714 0.0518692 0.129294
18 0.137617 0.8401 0.0434579 0.123673
18 0.0848131 0.846971 0.0490654 0.113679
