18 0.0689915 0.806089 0.0436528 0.0860357
32 0.361264 0.603905 0.0321124 0.0377234
16 0.240843 0.747849 0.043151 0.0436797
28 0.685901 0.208471 0.0331159 0.0741231
7 0.185148 0.555923 0.0321124 0.0370615
35 0.425238 0.198544 0.0275966 0.088683
13 0.653537 0.61317 0.0316106 0.0430179
17 0.470146 0.630377 0.0451581 0.0509596
8 0.846463 0.209133 0.0291019 0.0688286
20 0.862017 0.844474 0.0260913 0.0767704
4 0.362268 0.603574 0.0331159 0.0370615
13 0.291019 0.367968 0.0451581 0.131039
9 0.556698 0.434811 0.0566984 0.0529451
10 0.5572 0.436135 0.0627195 0.0516214
32 0.324887 0.627399 0.0376317 0.0582396
9 0.627948 0.40139 0.0566984 0.0363997
18 0.145258 0.81734 0.0787757 0.0688286
34 0.745359 0.843481 0.0346212 0.0893448
28 0.743854 0.198875 0.0366282 0.0880212
19 0.305068 0.79914 0.0471651 0.0880212
34 0.777471 0.826605 0.0215755 0.103243
33 0.861766 0.844474 0.0245861 0.0767704
4 0.46864 0.630046 0.0441545 0.0476506
1 0.564727 0.602581 0.0476668 0.0403706
2 0.700953 0.627068 0.0441545 0.0853739
28 0.506272 0.199868 0.0200702 0.0900066
24 0.618164 0.444408 0.0582037 0.0403706
31 0.52584 0.600596 0.0220773 0.039047
18 0.201706 0.818663 0.0792775 0.0595632
7 0.194431 0.546658 0.0446563 0.0397088
21 0.419468 0.808736 0.0260913 0.0529451
29 0.196688 0.344805 0.043151 0.0622105
35 0.317612 0.177366 0.0331159 0.0502978
27 0.556448 0.434811 0.0592072 0.0516214
8 0.699197 0.127068 0.0717511 0.0542687
8 0.914451 0.838187 0.0707476 0.0906684
20 0.057702 0.818663 0.0291019 0.0913302
11 0.315354 0.562541 0.0536879 0.0410324
23 0.30582 0.800132 0.0466633 0.0873594
16 0.324134 0.624421 0.0361264 0.060225
24 0.686152 0.425877 0.0566984 0.0430179
14 0.295785 0.334878 0.0366282 0.0767704
18 0.74862 0.427862 0.0561967 0.0761085
12 0.509533 0.826605 0.0326141 0.0860357
13 0.389363 0.338518 0.03713 0.0734613
7 0.122679 0.615817 0.0446563 0.0509596
28 0.669594 0.82131 0.0446563 0.0926539
28 0.405921 0.11317 0.0572002 0.0436797
28 0.728299 0.203508 0.0406422 0.0906684
34 0.327396 0.227002 0.0526844 0.0489742
9 0.819368 0.411979 0.0572002 0.0853739
6 0.138986 0.551621 0.0401405 0.0456651
11 0.226292 0.600596 0.0311089 0.0549305
2 0.769945 0.625414 0.0898144 0.0794176
28 0.438284 0.74454 0.0516809 0.067505
3 0.880331 0.629385 0.0948319 0.0741231
28 0.544907 0.196559 0.0551932 0.100596
35 0.261666 0.120781 0.0446563 0.0469887
13 0.288259 0.420251 0.0496739 0.0833885
13 0.345961 0.414295 0.0506774 0.0900066
28 0.789262 0.154864 0.0441545 0.056916
25 0.823633 0.759431 0.116909 0.0509596
18 0.0918214 0.789874 0.0321124 0.0853739
28 0.666332 0.212773 0.0521826 0.070814
20 0.543402 0.823296 0.0280983 0.0873594
28 0.470146 0.196228 0.0451581 0.105228
7 0.0810336 0.590007 0.0346212 0.0668432
9 0.887356 0.415288 0.059709 0.0972866
36 0.232313 0.409993 0.0421475 0.0827267
26 0.424235 0.418597 0.0526844 0.0787558
28 0.603362 0.199537 0.0456598 0.0959629
35 0.407677 0.201522 0.0386352 0.0866975
8 0.799047 0.223031 0.063723 0.0542687
36 0.0955845 0.335208 0.0667336 0.0443415
6 0.183392 0.60953 0.0376317 0.067505
26 0.490718 0.429848 0.0622178 0.0774322
29 0.0667336 0.414295 0.0511791 0.0794176
35 0.527597 0.741231 0.0436528 0.0648577
34 0.0511791 0.188948 0.0441545 0.0999338
18 0.217762 0.813038 0.041144 0.0562541
29 0.125439 0.405361 0.0451581 0.0906684
18 0.172102 0.81734 0.039137 0.0595632
36 0.18013 0.416281 0.0541897 0.0860357
24 0.915705 0.837194 0.0712494 0.0926539
34 0.107376 0.190271 0.0521826 0.110523
18 0.12845 0.809729 0.0381335 0.0866975
8 0.89714 0.193911 0.0652283 0.104567
34 0.160311 0.192919 0.0436528 0.114494
34 0.210487 0.19325 0.0436528 0.117803
12 0.622428 0.778293 0.0336177 0.0939775
36 0.176618 0.744871 0.0461616 0.070814
34 0.267185 0.207148 0.0536879 0.0913302
