25 0.26093 0.605247 0.0855814 0.0612117
22 0.337209 0.810431 0.0874419 0.101811
25 0.624186 0.592442 0.0427907 0.0580887
25 0.288605 0.600562 0.0413953 0.0618364
25 0.279535 0.128982 0.0390698 0.0668332
1 0.577209 0.596815 0.0409302 0.0618364
17 0.413256 0.618988 0.0255814 0.0499688
1 0.616046 0.587445 0.0302326 0.0580887
2 0.72093 0.595565 0.04 0.0843223
19 0.31814 0.807308 0.0437209 0.105559
25 0.52093 0.155215 0.0902326 0.105559
25 0.576977 0.594941 0.0413953 0.0605871
17 0.44186 0.598376 0.0288372 0.0762024
18 0.269302 0.814491 0.0493023 0.11243
23 0.317442 0.807308 0.044186 0.10431
25 0.489767 0.38351 0.0316279 0.091193
2 0.704419 0.595565 0.0274419 0.0830731
25 0.276279 0.173329 0.0474419 0.0718301
2 0.781163 0.593691 0.0627907 0.0893192
25 0.486977 0.59619 0.0381395 0.0593379
25 0.529535 0.588695 0.0302326 0.0630856
25 0.108837 0.394441 0.0446512 0.0980637
25 0.88 0.394441 0.0613953 0.0843223
19 0.26814 0.816365 0.0469767 0.106184
25 0.0483721 0.167708 0.0455814 0.0868207
25 0.417209 0.161774 0.0316279 0.091193
25 0.507907 0.382886 0.052093 0.0886946
25 0.451395 0.160212 0.0330233 0.0955653
25 0.75814 0.394441 0.0446512 0.0668332
25 0.102558 0.162711 0.0395349 0.0955653
25 0.328837 0.168957 0.0306977 0.0830731
25 0.229535 0.406933 0.0497674 0.0755778
5 0.792326 0.803248 0.0246512 0.111181
25 0.579535 0.389444 0.0502326 0.0718301
25 0.06 0.373517 0.0446512 0.103685
33 0.857907 0.809182 0.0255814 0.10431
25 0.67 0.581824 0.0293023 0.0505934
25 0.405116 0.400999 0.04 0.0861961
25 0.493488 0.156465 0.04 0.108057
3 0.879535 0.595565 0.114419 0.0993129
12 0.62907 0.789819 0.0330233 0.111805
25 0.239767 0.610556 0.0348837 0.0630856
20 0.53 0.803873 0.0302326 0.109931
20 0.564884 0.80356 0.0311628 0.109307
25 0.16814 0.393504 0.0562791 0.107433
25 0.665581 0.156152 0.0483721 0.113679
18 0.10814 0.835415 0.047907 0.110556
30 0.715349 0.777327 0.0195349 0.144285
25 0.0676744 0.606184 0.0469767 0.0743285
23 0.36814 0.810431 0.0451163 0.103061
21 0.428372 0.798251 0.027907 0.103685
25 0.812326 0.389444 0.0488372 0.0855715
18 0.211163 0.823235 0.0530233 0.101187
25 0.547674 0.162711 0.047907 0.100562
25 0.335116 0.607433 0.0404651 0.0893192
21 0.466512 0.799813 0.0325581 0.103061
25 0.727442 0.167395 0.0548837 0.0899438
25 0.866977 0.148657 0.0511628 0.121174
25 0.367907 0.157714 0.0446512 0.103061
25 0.60907 0.15178 0.0506977 0.114928
25 0.635814 0.405996 0.0576744 0.0637102
18 0.0597674 0.833542 0.0432558 0.116802
25 0.127674 0.603061 0.0451163 0.0718301
25 0.452326 0.383823 0.0376744 0.0980637
25 0.795814 0.160212 0.0697674 0.105559
25 0.18186 0.608057 0.0446512 0.0930668
25 0.35 0.397876 0.0525581 0.0961899
18 0.158837 0.82386 0.044186 0.108682
25 0.290465 0.390381 0.047907 0.0936914
25 0.204419 0.145534 0.0497674 0.12742
25 0.15093 0.148657 0.047907 0.121174
25 0.701395 0.39569 0.0669767 0.076827
