21 0.505356 0.835518 0.0690948 0.0878113
14 0.442153 0.44135 0.0423139 0.101573
7 0.108998 0.625819 0.0283878 0.0747051
11 0.339314 0.660223 0.0990895 0.0648755
31 0.546331 0.659895 0.0364221 0.0576671
17 0.542582 0.666448 0.040707 0.0576671
22 0.328602 0.838139 0.0455276 0.0917431
16 0.365292 0.660223 0.0439207 0.0753604
13 0.546867 0.222805 0.0610605 0.0917431
26 0.76165 0.472477 0.063203 0.0773263
36 0.556508 0.461992 0.0610605 0.108781
21 0.378415 0.836828 0.0465988 0.0904325
12 0.755222 0.816514 0.0235672 0.119266
18 0.279325 0.840433 0.0412426 0.087156
15 0.692287 0.469528 0.0615961 0.0570118
24 0.692555 0.469856 0.0610605 0.0629096
19 0.2812 0.839777 0.0428495 0.093709
32 0.364221 0.661533 0.0471344 0.0727392
19 0.32887 0.837811 0.044992 0.093709
29 0.131227 0.439712 0.0749866 0.114024
14 0.269416 0.461992 0.0503482 0.0825688
9 0.829941 0.472477 0.0583824 0.0563565
27 0.633369 0.447903 0.0465988 0.076671
17 0.449116 0.663827 0.0326727 0.0668414
10 0.827531 0.47346 0.0599893 0.0557012
23 0.328602 0.840105 0.0444563 0.0891219
16 0.411087 0.667759 0.0358864 0.0576671
13 0.761918 0.472477 0.0626674 0.078637
5 0.822442 0.831258 0.0241028 0.0910878
4 0.543117 0.664155 0.0396358 0.0635649
4 0.411355 0.667759 0.0353508 0.0576671
26 0.545795 0.222805 0.0610605 0.0904325
27 0.558115 0.461992 0.0642742 0.103539
9 0.884574 0.455767 0.0583824 0.0819135
31 0.585431 0.660223 0.0299946 0.0609436
17 0.491966 0.661206 0.0465988 0.0655308
35 0.48902 0.219856 0.0321371 0.0963303
13 0.327531 0.443316 0.0487413 0.0976409
1 0.678361 0.669397 0.0530262 0.0557012
3 0.914301 0.656946 0.110337 0.0806029
9 0.951527 0.457733 0.0573112 0.0884666
30 0.757097 0.817169 0.0230316 0.12713
33 0.886181 0.835845 0.0262453 0.0845347
29 0.0648099 0.441022 0.0482057 0.102228
23 0.37654 0.84076 0.0460632 0.0904325
2 0.802089 0.652687 0.106588 0.0799476
7 0.0822175 0.649083 0.0412426 0.0674967
28 0.731387 0.219201 0.0498125 0.112058
6 0.205678 0.648755 0.0471344 0.0943644
26 0.495447 0.450197 0.0514194 0.0943644
25 0.166042 0.194626 0.0535619 0.142857
35 0.789234 0.21789 0.0487413 0.113368
36 0.205945 0.439056 0.0530262 0.100917
36 0.393948 0.44692 0.0530262 0.110092
35 0.45849 0.214286 0.0278522 0.100917
34 0.115961 0.208716 0.0391002 0.11599
1 0.626674 0.66481 0.044992 0.0674967
12 0.677825 0.825688 0.0305303 0.0943644
25 0.285217 0.204128 0.0540975 0.130406
20 0.579004 0.842071 0.0289234 0.0930537
7 0.153187 0.629096 0.0396358 0.0773263
28 0.864756 0.22346 0.0573112 0.0969856
28 0.674344 0.213958 0.0524906 0.114679
11 0.260311 0.662516 0.0482057 0.0589777
20 0.610873 0.844364 0.0273165 0.0884666
11 0.310659 0.661206 0.0492769 0.061599
8 0.131494 0.440695 0.0690948 0.104194
35 0.415908 0.22346 0.0465988 0.0996068
28 0.61248 0.227064 0.0540975 0.0845347
18 0.232191 0.844364 0.0444563 0.087156
34 0.0664167 0.209371 0.0514194 0.113368
18 0.182914 0.843709 0.0476701 0.0858453
34 0.226567 0.204784 0.0535619 0.126474
8 0.944296 0.221166 0.0792716 0.104194
18 0.132833 0.847313 0.0460632 0.0891219
25 0.355115 0.209699 0.0621318 0.129751
21 0.521425 0.832896 0.0316015 0.08519
21 0.444028 0.84076 0.0353508 0.0917431
18 0.0830209 0.847313 0.0460632 0.0917431
21 0.483396 0.834207 0.0316015 0.08519
