29 0.197361 0.28451 0.0923815 0.0680825
18 0.284343 0.564022 0.0383923 0.062461
13 0.343431 0.287008 0.0893821 0.065584
17 0.456209 0.412867 0.0329934 0.0762024
11 0.267547 0.433167 0.0839832 0.0530918
35 0.287642 0.149594 0.0353929 0.0668332
19 0.284043 0.564335 0.0389922 0.0630856
28 0.585483 0.148345 0.094781 0.0643348
22 0.330534 0.561524 0.0455909 0.062461
21 0.383023 0.556839 0.0437912 0.0643348
2 0.617876 0.430981 0.0215957 0.0487196
10 0.744751 0.285447 0.04979 0.0574641
27 0.559388 0.28857 0.0461908 0.0649594
31 0.494301 0.421299 0.0311938 0.0730793
19 0.330834 0.562461 0.044991 0.0630856
32 0.333833 0.421299 0.0365927 0.0693317
24 0.617876 0.291068 0.0563887 0.0537164
30 0.593581 0.564647 0.0269946 0.0774516
4 0.455909 0.412242 0.0311938 0.0712055
23 0.330534 0.562149 0.0455909 0.062461
9 0.744151 0.284822 0.0509898 0.0599625
30 0.638572 0.558713 0.019796 0.0943161
17 0.415717 0.430044 0.0407918 0.0593379
16 0.372226 0.421611 0.0305939 0.0649594
9 0.804139 0.279825 0.0533893 0.0712055
26 0.466707 0.290131 0.0443911 0.0605871
13 0.368326 0.286384 0.0383923 0.065584
14 0.414217 0.285134 0.040192 0.0680825
5 0.721656 0.568395 0.0227954 0.0712055
28 0.556989 0.148969 0.0473905 0.0680825
7 0.156869 0.42817 0.0377924 0.0643348
6 0.20006 0.422548 0.0365927 0.0743285
3 0.678164 0.429419 0.0941812 0.0618364
28 0.615177 0.148969 0.0389922 0.065584
1 0.581284 0.420362 0.0407918 0.0762024
11 0.245051 0.429731 0.0365927 0.0574641
7 0.109478 0.426608 0.0389922 0.0699563
26 0.512598 0.290131 0.0437912 0.0605871
33 0.780744 0.574329 0.0245951 0.0680825
24 0.683263 0.28451 0.0587882 0.0568395
8 0.766047 0.148657 0.0563887 0.0612117
1 0.536293 0.429419 0.0419916 0.0630856
28 0.708458 0.149594 0.0419916 0.0668332
35 0.331734 0.150843 0.0383923 0.0630856
35 0.413317 0.153966 0.029994 0.0593379
13 0.321536 0.286071 0.0395921 0.0687071
28 0.659268 0.15178 0.0395921 0.0587133
35 0.375525 0.149282 0.0395921 0.0674578
34 0.285243 0.149906 0.0377924 0.0687071
11 0.287343 0.433791 0.0383923 0.054341
36 0.220456 0.282948 0.0437912 0.0724547
23 0.380624 0.553092 0.0413917 0.0643348
20 0.532394 0.567458 0.0257948 0.065584
29 0.171866 0.287945 0.040192 0.0637102
29 0.121176 0.286384 0.0491902 0.0668332
20 0.5024 0.568082 0.0257948 0.0668332
2 0.792142 0.428482 0.126575 0.0637102
35 0.453809 0.148969 0.0425915 0.0680825
28 0.506599 0.148032 0.040192 0.0699563
8 0.829034 0.140849 0.0539892 0.0755778
34 0.116077 0.141162 0.0437912 0.0861961
18 0.158968 0.564022 0.0407918 0.062461
18 0.239952 0.564959 0.0383923 0.0630856
36 0.268746 0.283885 0.0419916 0.076827
34 0.158368 0.141474 0.029994 0.076827
21 0.457708 0.567146 0.0287942 0.0649594
12 0.591182 0.564335 0.0269946 0.076827
18 0.115177 0.56371 0.0431914 0.0605871
18 0.19766 0.565272 0.0341932 0.0637102
34 0.239652 0.142411 0.0425915 0.0774516
21 0.422615 0.564959 0.0281944 0.0680825
34 0.194361 0.141474 0.0371926 0.0780762
