28 0.649325 0.158339 0.0370185 0.0618364
28 0.524762 0.152092 0.0570285 0.0293567
20 0.494247 0.637102 0.064032 0.0749532
4 0.361181 0.466583 0.0330165 0.0374766
25 0.183342 0.149282 0.0445223 0.0924422
8 0.813407 0.160212 0.0510255 0.0718301
1 0.631066 0.511868 0.0345173 0.0356027
26 0.485743 0.326359 0.038019 0.065584
6 0.217359 0.485322 0.0255128 0.0424735
4 0.415708 0.519675 0.028014 0.039975
25 0.109805 0.144909 0.0215108 0.0949407
2 0.662331 0.488445 0.034017 0.0674578
14 0.344172 0.334791 0.0350175 0.0549656
17 0.328164 0.506246 0.0270135 0.0480949
21 0.472736 0.625234 0.0370185 0.0712055
13 0.27939 0.329794 0.0405203 0.062461
17 0.415708 0.519988 0.0270135 0.0393504
16 0.36093 0.465646 0.0335168 0.0381012
2 0.713857 0.486259 0.0430215 0.0605871
11 0.262881 0.452217 0.0305153 0.0349781
34 0.188094 0.463773 0.0270135 0.0443473
32 0.298399 0.481886 0.0305153 0.0530918
28 0.477489 0.119925 0.0605303 0.0349781
26 0.514257 0.303873 0.0250125 0.0605871
34 0.137569 0.150219 0.0330165 0.0868207
10 0.768634 0.349781 0.0635318 0.0449719
17 0.376938 0.504685 0.0435218 0.0337289
35 0.312406 0.121799 0.0325163 0.0537164
34 0.278889 0.145846 0.0225113 0.0843223
24 0.625563 0.350094 0.0625313 0.0430981
7 0.103802 0.513741 0.0725363 0.0306059
27 0.55953 0.330418 0.0555278 0.0537164
31 0.498249 0.502186 0.030015 0.0374766
21 0.431966 0.626796 0.0165083 0.0705809
19 0.24062 0.664897 0.042021 0.0905684
9 0.768384 0.350718 0.0570285 0.0468457
28 0.525263 0.128982 0.0510255 0.0343535
23 0.331666 0.626171 0.0430215 0.0793254
4 0.452476 0.514054 0.0425213 0.039975
26 0.426213 0.349469 0.0570285 0.0618364
25 0.136818 0.333229 0.0275138 0.0668332
14 0.38044 0.327295 0.0335168 0.0712055
3 0.847424 0.497814 0.092046 0.0712055
35 0.394447 0.163335 0.0415208 0.065584
17 0.408704 0.466271 0.034017 0.0430981
34 0.109805 0.139913 0.0235118 0.0949407
5 0.690345 0.648032 0.024012 0.0955653
11 0.218109 0.482511 0.028014 0.0443473
23 0.287644 0.662086 0.038019 0.0849469
25 0.598049 0.164272 0.0585293 0.0637102
25 0.886943 0.346034 0.0770385 0.0574641
33 0.769135 0.650531 0.0285143 0.0793254
1 0.542771 0.489694 0.042021 0.0424735
28 0.613557 0.105871 0.0705353 0.0381012
25 0.169585 0.338851 0.030015 0.0730793
35 0.27939 0.144285 0.0225113 0.0836977
30 0.638819 0.633979 0.022011 0.102436
29 0.136568 0.333542 0.0270135 0.0599625
35 0.356428 0.129919 0.0265133 0.0524672
18 0.144322 0.670518 0.0425213 0.0780762
11 0.255128 0.494691 0.0370185 0.0437227
25 0.809905 0.158339 0.0570285 0.0718301
25 0.13957 0.146159 0.032016 0.0949407
29 0.0982992 0.337602 0.0455228 0.0555903
8 0.761881 0.126483 0.0470235 0.0718301
7 0.128814 0.46471 0.0345173 0.0524672
36 0.228864 0.316677 0.0385193 0.0774516
34 0.248624 0.143973 0.0350175 0.100562
20 0.512506 0.65178 0.0315158 0.0818239
25 0.695098 0.348532 0.0715358 0.051218
1 0.589795 0.500937 0.046023 0.0574641
34 0.0757879 0.147096 0.0375188 0.08807
8 0.866683 0.154279 0.0465233 0.0749532
28 0.706603 0.133354 0.0475238 0.0468457
18 0.0852926 0.607433 0.0335168 0.0668332
12 0.578289 0.623673 0.0310155 0.0743285
7 0.0867934 0.465334 0.0345173 0.0537164
18 0.194097 0.676765 0.0390195 0.076827
34 0.170585 0.147096 0.028014 0.0905684
21 0.374687 0.650843 0.0330165 0.0886946
25 0.18009 0.514678 0.0370185 0.0537164
21 0.410705 0.638351 0.0230115 0.07995
25 0.206103 0.14366 0.04002 0.0936914
20 0.478239 0.629294 0.028014 0.0718301
