5 0.764719 0.77312 0.025299 0.136868
27 0.528979 0.285142 0.048758 0.0462392
16 0.483901 0.564735 0.0377185 0.054254
36 0.133625 0.320284 0.0455382 0.0893958
35 0.732981 0.777435 0.0354186 0.139334
34 0.155704 0.467941 0.0390984 0.0517879
14 0.396734 0.34402 0.0400184 0.0616523
28 0.374425 0.0863132 0.0616375 0.0456227
11 0.299908 0.567818 0.0515179 0.0332922
9 0.629255 0.326449 0.0413983 0.0351418
28 0.560258 0.142725 0.0294388 0.0881628
9 0.569917 0.359741 0.0478381 0.0524044
21 0.51173 0.76942 0.0280589 0.124538
11 0.305428 0.510173 0.049678 0.0487053
7 0.209292 0.465783 0.0423183 0.0524044
31 0.536339 0.530826 0.024839 0.0332922
29 0.204922 0.265721 0.0455382 0.0505549
34 0.185373 0.1418 0.0883165 0.0961776
35 0.299908 0.127004 0.0266789 0.0493218
26 0.396964 0.344328 0.0432383 0.0696671
16 0.385005 0.525586 0.0321987 0.0425401
35 0.353496 0.169544 0.0354186 0.0357583
34 0.233671 0.139642 0.0901564 0.0893958
28 0.584177 0.136868 0.0202392 0.0838471
24 0.624655 0.369605 0.0469181 0.0425401
23 0.391904 0.775894 0.0395584 0.0696671
4 0.384315 0.525894 0.0289788 0.0419236
23 0.347516 0.759556 0.0464581 0.104809
34 0.310028 0.165536 0.0404784 0.0388409
32 0.349356 0.551788 0.0409384 0.0653514
6 0.24471 0.527744 0.0321987 0.0554871
27 0.129945 0.682182 0.0703772 0.0647349
13 0.389144 0.269729 0.0395584 0.067201
16 0.298528 0.516338 0.0367985 0.0511714
18 0.120055 0.77127 0.100276 0.0986437
35 0.25046 0.0761406 0.0335787 0.0437731
27 0.570837 0.360666 0.048758 0.0554871
19 0.347056 0.759248 0.0455382 0.101726
10 0.73758 0.345869 0.050138 0.0505549
11 0.24609 0.526819 0.0340386 0.0536375
9 0.7385 0.345869 0.0482981 0.053021
4 0.483671 0.564735 0.0354186 0.054254
11 0.338316 0.47688 0.050138 0.041307
6 0.156164 0.468866 0.0363385 0.0511714
28 0.547608 0.144266 0.0372585 0.080148
8 0.680083 0.0736745 0.0556578 0.0487053
28 0.764949 0.0980271 0.0367985 0.0579531
36 0.108556 0.258015 0.0597976 0.0536375
8 0.775299 0.156597 0.0528979 0.0493218
19 0.299448 0.772811 0.0432383 0.095561
7 0.138454 0.537608 0.0432383 0.0641184
7 0.0940662 0.511097 0.0354186 0.0665845
36 0.201472 0.691739 0.050598 0.0850801
35 0.434223 0.14365 0.0229991 0.080148
30 0.702852 0.744451 0.0211592 0.142417
24 0.682613 0.348644 0.0533579 0.0450062
26 0.456532 0.346486 0.049218 0.0776819
33 0.839696 0.786375 0.0234591 0.120222
26 0.51173 0.356042 0.050138 0.0733662
9 0.791398 0.331689 0.0519779 0.0900123
9 0.852576 0.33693 0.0519779 0.0918619
13 0.348896 0.333847 0.0473781 0.0832306
28 0.720791 0.142417 0.0459982 0.0850801
28 0.657774 0.151048 0.0340386 0.0665845
29 0.0834867 0.338163 0.0482981 0.067201
35 0.392594 0.147041 0.0354186 0.0733662
18 0.24724 0.777127 0.0418583 0.0782984
2 0.74793 0.554254 0.099356 0.0974106
13 0.293238 0.339396 0.051058 0.0745993
8 0.853266 0.136252 0.050598 0.0887793
36 0.24034 0.324291 0.0409384 0.0875462
28 0.665823 0.761097 0.0464581 0.131319
6 0.198712 0.532367 0.0404784 0.0832306
20 0.545308 0.774661 0.026219 0.109125
28 0.50276 0.135943 0.0367985 0.094328
3 0.851656 0.552713 0.0814167 0.0893958
28 0.384775 0.0721332 0.0694572 0.0443896
35 0.460902 0.145191 0.0275989 0.0807645
24 0.889374 0.793465 0.0666973 0.117139
21 0.460672 0.735203 0.0271389 0.095561
29 0.138914 0.325832 0.0432383 0.0807645
12 0.514489 0.772503 0.0280589 0.117139
36 0.188592 0.334155 0.048758 0.0776819
28 0.614995 0.140259 0.0404784 0.0967941
34 0.25782 0.147041 0.0464581 0.0795314
18 0.146734 0.774661 0.0469181 0.094328
18 0.197332 0.78021 0.0469181 0.0832306
34 0.0673873 0.135943 0.0409384 0.0906289
21 0.431003 0.736436 0.024839 0.0992602
12 0.619595 0.723181 0.0285189 0.102343
34 0.209292 0.138718 0.0395584 0.0974106
34 0.114535 0.13656 0.0441582 0.095561
18 0.0952162 0.772195 0.0478381 0.110358
34 0.162373 0.135327 0.0413983 0.101726
