24 0.603552 0.363262 0.0595018 0.0479187
8 0.608625 0.228461 0.0567343 0.0251694
35 0.328413 0.192401 0.0184502 0.0585673
2 0.611854 0.482091 0.0622694 0.0600194
16 0.371771 0.509197 0.0433579 0.0445305
20 0.425738 0.625605 0.048893 0.0847047
17 0.374077 0.508712 0.0433579 0.0454985
13 0.287823 0.36544 0.0332103 0.0561471
4 0.384917 0.465392 0.0327491 0.0237173
36 0.108164 0.351888 0.0392066 0.0667957
25 0.555351 0.503872 0.0332103 0.0309777
9 0.679659 0.322362 0.0410517 0.0445305
32 0.262684 0.49395 0.0345941 0.0459826
6 0.138376 0.476525 0.0184502 0.0459826
10 0.673201 0.369313 0.0558118 0.0406583
24 0.487316 0.359148 0.0484317 0.0396902
34 0.2131 0.158277 0.0221402 0.0416263
26 0.434732 0.317522 0.0410517 0.0474347
6 0.108395 0.46999 0.0313653 0.0484027
7 0.0846402 0.522749 0.074262 0.0251694
34 0.169972 0.479429 0.0299815 0.035334
4 0.370849 0.509197 0.0433579 0.0425944
3 0.760609 0.494918 0.0765683 0.0701839
17 0.328413 0.499758 0.0433579 0.035334
25 0.38953 0.372943 0.0595018 0.0256534
13 0.378921 0.329864 0.0410517 0.0508228
25 0.193496 0.363746 0.0336716 0.071152
14 0.337638 0.333011 0.0359779 0.0513069
6 0.169972 0.480639 0.029059 0.0338819
35 0.269142 0.201113 0.0318266 0.0856728
26 0.378921 0.330106 0.0410517 0.053243
25 0.247924 0.356728 0.0327491 0.0522749
7 0.107472 0.467086 0.0313653 0.0484027
23 0.254382 0.636738 0.029059 0.0643756
24 0.543589 0.360842 0.0530443 0.0430784
28 0.542205 0.168683 0.0622694 0.0295257
28 0.605627 0.194337 0.0415129 0.0372701
33 0.667205 0.622943 0.0226015 0.0696999
9 0.718865 0.313892 0.0364391 0.0517909
31 0.41928 0.461762 0.0276753 0.03485
34 0.0415129 0.161181 0.0369004 0.0406583
25 0.217482 0.521781 0.0373616 0.0300097
1 0.467943 0.492014 0.0392066 0.0450145
17 0.348708 0.455712 0.0341328 0.0440465
18 0.160517 0.627541 0.0341328 0.0634075
34 0.181273 0.171588 0.0313653 0.0605034
5 0.601707 0.64545 0.025369 0.0856728
9 0.672509 0.369071 0.0553506 0.0401742
28 0.41536 0.183204 0.0401292 0.0372701
25 0.0454336 0.210794 0.0465867 0.0605034
35 0.30143 0.190949 0.027214 0.0953533
25 0.763146 0.368587 0.0816421 0.0459826
21 0.303275 0.643998 0.023524 0.0837367
28 0.457103 0.183204 0.0304428 0.0372701
25 0.520295 0.214182 0.0442804 0.052759
30 0.553506 0.626815 0.0221402 0.118103
29 0.0565037 0.39303 0.0511993 0.035818
20 0.401983 0.598257 0.027214 0.0677638
25 0.1619 0.52759 0.0359779 0.0435624
29 0.0652675 0.338093 0.0373616 0.0585673
25 0.760609 0.211278 0.0405904 0.0585673
25 0.100323 0.196757 0.0364391 0.0992256
25 0.605858 0.364714 0.0641144 0.0479187
36 0.153137 0.350436 0.0359779 0.0648596
8 0.655904 0.18151 0.048893 0.053243
34 0.144373 0.196515 0.0350554 0.0919651
29 0.108625 0.355276 0.0438192 0.0658277
18 0.117389 0.639158 0.0447417 0.0624395
35 0.359779 0.208132 0.0498155 0.0590513
18 0.0689576 0.618345 0.0364391 0.0575992
20 0.434963 0.642546 0.0304428 0.0856728
21 0.341328 0.625363 0.0230627 0.0774443
12 0.496771 0.614472 0.0285978 0.0788964
