18 0.273839 0.78209 0.0863704 0.0996333
16 0.437094 0.613692 0.0334498 0.0427873
2 0.748627 0.610941 0.0204693 0.0641809
5 0.896655 0.783007 0.0499251 0.0880196
25 0.716176 0.609413 0.0314528 0.0354523
10 0.787569 0.413814 0.0464304 0.0537897
4 0.541937 0.601161 0.0274588 0.042176
4 0.521967 0.619193 0.0374438 0.0378973
33 0.808038 0.777506 0.0434348 0.0831296
24 0.667 0.419927 0.0469296 0.0427873
23 0.398153 0.785452 0.0384423 0.0855746
3 0.937843 0.602995 0.0344483 0.0629584
32 0.376685 0.603301 0.0394408 0.0586797
18 0.229406 0.783619 0.09336 0.100244
19 0.299301 0.779951 0.0444334 0.094132
9 0.788068 0.413814 0.0474289 0.0550122
28 0.621318 0.195905 0.0394408 0.0898533
23 0.414878 0.778423 0.0319521 0.0861858
31 0.571143 0.615831 0.0319521 0.044621
28 0.736895 0.191932 0.0209685 0.0745721
2 0.795806 0.607579 0.0988517 0.0757946
3 0.906141 0.603606 0.103844 0.0654034
11 0.311782 0.607885 0.0434348 0.047066
23 0.349975 0.78423 0.0489266 0.101467
28 0.598852 0.197738 0.0454319 0.0776284
33 0.82027 0.778729 0.021967 0.0892421
9 0.902147 0.393643 0.0579131 0.0794621
9 0.842736 0.402812 0.0519221 0.0721271
30 0.646031 0.752139 0.0229656 0.130196
26 0.549925 0.403729 0.0384423 0.0702934
14 0.447579 0.401895 0.0424363 0.0788509
17 0.474289 0.617359 0.0369446 0.0525672
13 0.38642 0.393337 0.0549176 0.0922983
5 0.885422 0.779951 0.0224663 0.091687
7 0.146031 0.579156 0.0404393 0.0776284
13 0.327259 0.391504 0.0444334 0.0910758
35 0.431353 0.207213 0.0389416 0.0574572
28 0.663005 0.207824 0.0399401 0.0599022
26 0.500749 0.401895 0.0459311 0.0727384
5 0.911882 0.778117 0.0224663 0.094132
1 0.671992 0.616748 0.0469296 0.0440098
6 0.191213 0.60269 0.0489266 0.0843521
1 0.618073 0.612469 0.0459311 0.0513447
7 0.103345 0.570293 0.0359461 0.0672372
11 0.255617 0.609413 0.0479281 0.0513447
29 0.157264 0.395171 0.0479281 0.0788509
35 0.338492 0.207824 0.0419371 0.0672372
28 0.705691 0.197433 0.0384423 0.0745721
33 0.794558 0.776589 0.0214678 0.0886308
20 0.585122 0.777812 0.0249626 0.0849633
30 0.663255 0.747249 0.0154768 0.124083
36 0.210684 0.392421 0.0459311 0.0904645
12 0.737644 0.783313 0.0334498 0.0996333
20 0.555916 0.776589 0.0274588 0.0812958
34 0.140789 0.196822 0.0339491 0.0843521
35 0.38692 0.201406 0.0389416 0.0812958
36 0.269346 0.396699 0.0514229 0.0880196
18 0.249376 0.78209 0.0444334 0.0947433
29 0.0931103 0.391809 0.0544184 0.0904645
35 0.476036 0.197127 0.0404393 0.0825183
21 0.504244 0.769254 0.0299551 0.0800733
34 0.187219 0.192848 0.0439341 0.0971883
24 0.727659 0.407702 0.0604094 0.0525672
28 0.777334 0.193154 0.0499251 0.0806846
21 0.470794 0.764976 0.0299551 0.0861858
28 0.544683 0.197127 0.0469296 0.0702934
34 0.0931103 0.190098 0.0504244 0.101467
8 0.918622 0.179707 0.0688967 0.106357
34 0.289066 0.202323 0.0459311 0.0745721
34 0.236146 0.197127 0.0439341 0.0849633
18 0.0958562 0.787592 0.0489266 0.0996333
18 0.151273 0.786675 0.0479281 0.101467
8 0.842486 0.187958 0.0683974 0.0935208
18 0.201947 0.78423 0.0454319 0.099022
