19 0.325098 0.656514 0.0318004 0.0778342
16 0.454501 0.514664 0.0410959 0.0558376
2 0.65362 0.460237 0.0401174 0.037225
7 0.190068 0.485618 0.0406067 0.0552735
25 0.389922 0.197406 0.0547945 0.0315849
10 0.537182 0.361816 0.0479452 0.0468133
9 0.773483 0.307389 0.0450098 0.0609137
28 0.468444 0.199662 0.0601761 0.0315849
34 0.167564 0.150028 0.0200587 0.0620417
8 0.0978474 0.132826 0.0401174 0.0423012
12 0.656556 0.64749 0.0234834 0.0823463
17 0.455479 0.514382 0.0420744 0.0564016
2 0.681751 0.49295 0.028865 0.0767061
14 0.380382 0.354484 0.0396282 0.0456853
23 0.269814 0.665539 0.0445205 0.0868584
35 0.402397 0.192611 0.047456 0.0310209
25 0.326566 0.355894 0.0621331 0.036097
25 0.381115 0.356176 0.0410959 0.0445572
29 0.149951 0.358432 0.0552838 0.035533
27 0.536448 0.362944 0.045499 0.0490694
5 0.727495 0.657924 0.0244618 0.0829103
17 0.386252 0.509588 0.0562622 0.0501974
31 0.508806 0.517202 0.035225 0.0473773
25 0.774706 0.307389 0.045499 0.071066
8 0.827789 0.189509 0.0489237 0.0428652
29 0.118395 0.371968 0.053816 0.0310209
25 0.317515 0.346306 0.0596869 0.0315849
10 0.838796 0.362098 0.0699609 0.0439932
13 0.284002 0.301466 0.0259295 0.0558376
19 0.268836 0.663565 0.045499 0.0885505
26 0.325832 0.307389 0.0469667 0.0383531
34 0.0983366 0.129442 0.037182 0.0411732
4 0.454746 0.5141 0.0415851 0.0547095
10 0.721135 0.355894 0.0577299 0.0496334
35 0.31409 0.179357 0.0313112 0.0575296
9 0.72138 0.355048 0.0621331 0.0524535
25 0.18591 0.171179 0.0342466 0.0862944
9 0.720401 0.291878 0.0445205 0.0659898
9 0.836595 0.362662 0.0626223 0.0451213
14 0.399217 0.292442 0.0381605 0.0626058
34 0.114726 0.187817 0.0601761 0.0530175
5 0.656067 0.647772 0.0234834 0.0862944
35 0.408513 0.14749 0.0410959 0.0456853
28 0.546233 0.16018 0.0406067 0.0597857
28 0.656556 0.179921 0.0410959 0.0575296
25 0.461595 0.34687 0.0680039 0.0315849
35 0.342221 0.155668 0.0229941 0.0767061
1 0.549902 0.477721 0.0450098 0.0473773
25 0.15411 0.35251 0.0440313 0.0428652
26 0.484834 0.285392 0.0391389 0.0552735
25 0.732143 0.199944 0.105186 0.0310209
7 0.138209 0.456007 0.0513699 0.0468133
28 0.459149 0.145234 0.0406067 0.0614777
29 0.151663 0.298646 0.0401174 0.0603497
25 0.627202 0.520305 0.037182 0.0468133
24 0.651174 0.335307 0.0596869 0.0501974
34 0.256605 0.203328 0.0777887 0.0332769
8 0.762231 0.148054 0.0587084 0.0558376
33 0.725294 0.65736 0.0249511 0.0829103
34 0.140411 0.15454 0.0283757 0.0665539
11 0.254892 0.491258 0.0518591 0.0417372
34 0.227495 0.148054 0.0234834 0.0626058
6 0.191781 0.486464 0.0362035 0.0513254
3 0.801125 0.49718 0.0807241 0.0919346
18 0.191047 0.638184 0.0396282 0.0795262
25 0.588796 0.3511 0.0406067 0.0389171
7 0.102495 0.511562 0.0396282 0.0496334
12 0.551859 0.645234 0.0313112 0.0857304
34 0.258317 0.145798 0.0362035 0.0671179
28 0.59638 0.156232 0.0391389 0.0642978
20 0.496575 0.656514 0.0293542 0.0891145
21 0.392123 0.640722 0.0278865 0.0834743
18 0.136497 0.662437 0.0479452 0.0783982
