20 0.582941 0.780964 0.0282752 0.0890787
6 0.0805844 0.547895 0.0377003 0.0488103
2 0.935674 0.625381 0.0457116 0.0463697
35 0.253063 0.19097 0.0348728 0.0756559
28 0.586004 0.625991 0.0438266 0.0366077
9 0.930726 0.418853 0.0584354 0.0433191
12 0.8459 0.766321 0.0188501 0.0719951
9 0.761074 0.418853 0.0574929 0.0518609
3 0.885014 0.614399 0.0442978 0.0512508
28 0.604383 0.215375 0.039114 0.0366077
3 0.934025 0.623246 0.0508954 0.0518609
34 0.511546 0.341367 0.0739868 0.0530811
25 0.240575 0.611348 0.0447691 0.0353874
12 0.70688 0.790116 0.0235627 0.103722
21 0.420358 0.788591 0.0169651 0.0957901
21 0.541706 0.755034 0.027804 0.0774863
7 0.0822337 0.54576 0.0419416 0.0518609
2 0.816682 0.624161 0.0273327 0.0536913
35 0.609331 0.356315 0.0461828 0.090299
30 0.708058 0.788591 0.0230914 0.105552
4 0.507304 0.614094 0.0362865 0.0372178
30 0.613808 0.791336 0.0183789 0.129347
34 0.496466 0.334045 0.0409991 0.0506406
28 0.743638 0.199512 0.0527804 0.0463697
33 0.869227 0.783099 0.0221489 0.0799268
24 0.682846 0.413362 0.0527804 0.0530811
16 0.393732 0.607383 0.0579642 0.0433191
5 0.706645 0.786455 0.0212064 0.0976205
19 0.335533 0.812691 0.0556079 0.104942
5 0.846371 0.765711 0.0179076 0.0732154
12 0.640669 0.779439 0.0240339 0.116534
18 0.231857 0.802929 0.0490104 0.115924
8 0.806315 0.211409 0.0697455 0.0433191
23 0.282045 0.794692 0.0447691 0.101891
30 0.643025 0.770287 0.0259189 0.118975
9 0.871819 0.338316 0.0424128 0.0506406
25 0.102969 0.388652 0.0230914 0.0890787
11 0.192978 0.562538 0.0409991 0.0512508
35 0.140198 0.375534 0.027804 0.107993
6 0.0419416 0.615009 0.0461828 0.0549115
19 0.231621 0.803539 0.0466541 0.108603
28 0.728558 0.211104 0.0574929 0.0402685
36 0.220075 0.387736 0.0339303 0.0726052
35 0.435438 0.193106 0.0329877 0.0640635
25 0.433553 0.40665 0.0311027 0.0518609
8 0.862394 0.189445 0.0301602 0.0896888
20 0.571631 0.766016 0.0197926 0.0787065
35 0.467484 0.203783 0.0263902 0.0622331
14 0.353205 0.399634 0.031574 0.0732154
20 0.5959 0.791336 0.0193214 0.100061
25 0.39868 0.347468 0.0414703 0.0591824
13 0.260132 0.391092 0.0273327 0.0817572
25 0.203817 0.197987 0.0504241 0.0445394
11 0.247408 0.557352 0.0518379 0.0433191
35 0.619227 0.327334 0.0348728 0.0738255
30 0.663289 0.76022 0.0174364 0.124466
25 0.478087 0.417023 0.0362865 0.0482001
34 0.292648 0.381635 0.0311027 0.106772
35 0.342837 0.191885 0.0419416 0.066504
25 0.651744 0.204088 0.0395853 0.0616229
23 0.337182 0.81147 0.0570217 0.108603
35 0.507069 0.204393 0.0424128 0.0610128
28 0.557729 0.195241 0.0447691 0.0671141
18 0.0348728 0.751678 0.0480679 0.0671141
34 0.252356 0.18975 0.035344 0.0793167
18 0.100377 0.811775 0.0603205 0.066504
35 0.388784 0.193106 0.0414703 0.0677242
20 0.544062 0.755339 0.0259189 0.0805369
34 0.870405 0.401159 0.0442978 0.0604027
18 0.0320452 0.823368 0.0499529 0.0823673
21 0.441093 0.805674 0.0254477 0.107993
20 0.545005 0.829164 0.0683318 0.052471
35 0.29312 0.189445 0.0386428 0.0738255
34 0.754477 0.353569 0.0377003 0.0530811
21 0.399152 0.745272 0.0245052 0.0909091
18 0.17295 0.813301 0.0593779 0.0878585
21 0.340245 0.540574 0.0197926 0.0707749
34 0.147031 0.183649 0.0414703 0.0939597
25 0.0322809 0.376754 0.0457116 0.112874
34 0.542413 0.35906 0.0377003 0.0726052
8 0.913054 0.184259 0.0589067 0.100061
34 0.0490104 0.180903 0.0405278 0.0982306
34 0.102969 0.177852 0.0381715 0.0970104
21 0.486098 0.804759 0.031574 0.09518
