25 0.775333 0.747345 0.0634596 0.0318551
25 0.578557 0.062461 0.0516888 0.0312305
25 0.711361 0.374141 0.0511771 0.0262336
19 0.248465 0.726421 0.0465711 0.0774516
19 0.303992 0.709869 0.04913 0.0680825
25 0.525844 0.247033 0.0742068 0.0293567
3 0.835466 0.565584 0.0588536 0.0630856
16 0.340839 0.574016 0.0348004 0.0524672
16 0.368987 0.54341 0.024565 0.0412242
36 0.250768 0.42005 0.0757421 0.0306059
34 0.289918 0.198001 0.0547595 0.0849469
8 0.79478 0.233604 0.0522006 0.0387258
6 0.143808 0.532792 0.0429887 0.0387258
10 0.568321 0.415365 0.0660184 0.0362274
25 0.725435 0.251093 0.0987718 0.0224859
25 0.364381 0.246721 0.0562948 0.028732
34 0.165558 0.205809 0.0271238 0.0480949
1 0.597748 0.545284 0.0388946 0.0324797
11 0.243091 0.514991 0.0337769 0.0293567
35 0.40174 0.248595 0.04913 0.0262336
17 0.412999 0.525921 0.0296827 0.0324797
28 0.606448 0.230481 0.0481064 0.0674578
32 0.340839 0.575578 0.0348004 0.0530918
4 0.485926 0.529044 0.0301945 0.028732
34 0.846469 0.235478 0.0532242 0.0387258
8 0.846469 0.237039 0.0511771 0.0356027
23 0.249744 0.726109 0.0470829 0.0780762
23 0.303736 0.70862 0.0486182 0.0693317
1 0.570368 0.579638 0.0516888 0.039975
25 0.642016 0.56777 0.0332651 0.028732
25 0.633572 0.419738 0.0522006 0.0312305
17 0.486182 0.527795 0.0286592 0.0299813
13 0.308086 0.369457 0.035824 0.0605871
29 0.129734 0.369457 0.0598772 0.0668332
28 0.530194 0.245784 0.0818833 0.0331043
34 0.201894 0.246721 0.080348 0.0274828
9 0.568577 0.415678 0.0665302 0.0356027
34 0.262538 0.245784 0.0655067 0.0243598
9 0.760235 0.360087 0.0394063 0.0705809
6 0.201382 0.536227 0.0373593 0.036852
2 0.701126 0.547783 0.0501535 0.0674578
20 0.52303 0.672705 0.0204708 0.0524672
35 0.335466 0.201437 0.0281474 0.0430981
25 0.126919 0.571518 0.0614125 0.028732
13 0.398925 0.379763 0.0250768 0.0674578
34 0.5174 0.525297 0.0235415 0.0437227
25 0.250768 0.54747 0.0388946 0.0306059
34 0.116172 0.17614 0.0348004 0.0387258
26 0.474411 0.374453 0.0337769 0.0680825
9 0.794268 0.352904 0.0481064 0.0749532
13 0.369498 0.383198 0.0296827 0.0668332
20 0.500256 0.710181 0.0209826 0.0787008
29 0.137922 0.410369 0.091607 0.0412242
36 0.21827 0.353529 0.0383828 0.0649594
28 0.648158 0.224859 0.0291709 0.0587133
25 0.259468 0.376952 0.0460594 0.0480949
17 0.450614 0.517801 0.0373593 0.0449719
31 0.518424 0.523735 0.024565 0.0405996
25 0.330348 0.39975 0.0261003 0.0549656
25 0.484391 0.577139 0.0332651 0.0499688
23 0.376919 0.740475 0.0629478 0.076827
20 0.537871 0.722361 0.0368475 0.0680825
25 0.604145 0.232355 0.0435005 0.0687071
11 0.286848 0.514366 0.0342886 0.036852
30 0.640481 0.70456 0.0189355 0.109931
5 0.690635 0.710806 0.0220061 0.0886946
28 0.542733 0.19644 0.0342886 0.0455965
28 0.684493 0.207058 0.0322416 0.0480949
25 0.406602 0.568395 0.0373593 0.0374766
35 0.426305 0.20862 0.0276356 0.0787008
25 0.116172 0.227358 0.04913 0.0537164
25 0.518936 0.375703 0.0388946 0.0580887
35 0.364893 0.195815 0.024565 0.0468457
8 0.783777 0.180512 0.0404299 0.0562149
28 0.502047 0.194254 0.0337769 0.0524672
21 0.461105 0.703623 0.0184237 0.0818239
35 0.460594 0.21143 0.0348004 0.0868207
11 0.295548 0.565896 0.0383828 0.0499688
25 0.197544 0.580262 0.0429887 0.0437227
35 0.395855 0.201749 0.0281474 0.0599625
6 0.20087 0.499688 0.0373593 0.0549656
29 0.169908 0.351031 0.0368475 0.0674578
25 0.692682 0.413492 0.0598772 0.0549656
8 0.732344 0.185197 0.0460594 0.0718301
18 0.180911 0.670206 0.0383828 0.0549656
25 0.432446 0.380387 0.0348004 0.062461
25 0.296059 0.207683 0.0363357 0.0968145
28 0.615404 0.169894 0.055783 0.0424735
29 0.126151 0.355091 0.0394063 0.0593379
34 0.248465 0.196752 0.0342886 0.0662086
21 0.438843 0.702061 0.0250768 0.0836977
12 0.596469 0.706121 0.0281474 0.08807
34 0.203941 0.191755 0.042477 0.0737039
18 0.100563 0.719238 0.0475947 0.0805746
