33 0.735427 0.802446 0.0266606 0.110092
4 0.366697 0.581957 0.0356981 0.0642202
18 0.217126 0.778593 0.0465432 0.0611621
19 0.265251 0.7263 0.0379575 0.0752294
5 0.921826 0.559633 0.02169 0.0892966
21 0.364437 0.579205 0.0338906 0.0648318
3 0.791911 0.563303 0.0230456 0.0844037
10 0.83258 0.390214 0.0537732 0.0428135
35 0.370086 0.170642 0.0244013 0.0685015
21 0.403299 0.555352 0.0230456 0.0868502
17 0.469724 0.580428 0.0393131 0.0477064
7 0.187302 0.583486 0.0537732 0.0844037
17 0.430637 0.566667 0.0244013 0.0507645
28 0.643696 0.180428 0.0366019 0.0440367
9 0.832354 0.392966 0.0524175 0.0422018
27 0.595346 0.377064 0.0483507 0.058104
9 0.824446 0.33792 0.0420244 0.0495413
3 0.762765 0.582569 0.0316313 0.0666667
11 0.116132 0.701529 0.0524175 0.0562691
28 0.603479 0.160856 0.0375056 0.0807339
3 0.737686 0.803976 0.0239494 0.103364
28 0.719159 0.166055 0.0230456 0.0642202
18 0.079756 0.57156 0.0356981 0.0825688
1 0.593086 0.607645 0.0438319 0.0507645
9 0.892906 0.379817 0.0442838 0.066055
24 0.65296 0.387156 0.0515138 0.0489297
10 0.774514 0.382263 0.0497063 0.0525994
2 0.867375 0.589908 0.0682332 0.0629969
14 0.396521 0.366361 0.0338906 0.0844037
20 0.403977 0.560856 0.0244013 0.0856269
16 0.368504 0.585627 0.0366019 0.0617737
3 0.727745 0.579817 0.0221419 0.070948
9 0.774288 0.380428 0.0501582 0.0538226
34 0.408947 0.685627 0.0424763 0.0391437
33 0.793945 0.55474 0.02169 0.0831804
28 0.577949 0.167278 0.046995 0.0691132
26 0.524627 0.377676 0.0424763 0.0642202
26 0.437867 0.372171 0.0244013 0.0752294
24 0.717352 0.388685 0.0546769 0.048318
26 0.469047 0.370642 0.039765 0.075841
23 0.314505 0.77156 0.046995 0.0703364
6 0.163805 0.720183 0.0456394 0.0703364
33 0.843877 0.75474 0.0221419 0.0856269
28 0.522142 0.16422 0.0456394 0.0605505
21 0.475373 0.762691 0.0271125 0.0733945
35 0.452327 0.15841 0.039765 0.0807339
2 0.880027 0.80367 0.0429282 0.118654
13 0.29146 0.359633 0.0460913 0.0941896
28 0.688884 0.165749 0.0438319 0.0648318
5 0.770447 0.751988 0.0225938 0.107034
12 0.526661 0.565749 0.0284681 0.100306
21 0.44103 0.76208 0.0244013 0.0685015
36 0.238138 0.36789 0.0488025 0.0911315
35 0.352011 0.167278 0.0352463 0.0776758
7 0.12291 0.553823 0.0406688 0.0764526
28 0.76028 0.164526 0.0474469 0.0746177
30 0.635789 0.534557 0.018075 0.121101
20 0.529372 0.77156 0.0302756 0.0960245
13 0.349074 0.361162 0.0492544 0.0972477
30 0.716674 0.72263 0.018075 0.107034
29 0.0847266 0.368502 0.0528694 0.083792
12 0.632174 0.734251 0.0316313 0.102141
20 0.565522 0.755046 0.0284681 0.0899083
35 0.406462 0.171254 0.0375056 0.0697248
29 0.139629 0.370031 0.0388613 0.0782875
35 0.307049 0.169113 0.0420244 0.0703364
36 0.186173 0.364526 0.04338 0.0905199
34 0.211026 0.156881 0.0424763 0.093578
18 0.12178 0.781346 0.0411207 0.0642202
21 0.329417 0.56055 0.0244013 0.0960245
34 0.162675 0.153211 0.0424763 0.104587
8 0.824898 0.159327 0.0655219 0.0948012
21 0.407817 0.74893 0.0302756 0.0629969
34 0.0741075 0.15107 0.0460913 0.108869
34 0.118843 0.157492 0.0334388 0.0923547
34 0.260506 0.16422 0.0402169 0.0801223
8 0.895843 0.15107 0.0691369 0.110092
