9 0.583424 0.417375 0.0494565 0.0583232
34 0.125543 0.551033 0.0326087 0.0376671
35 0.407065 0.204739 0.0282609 0.0486027
11 0.270109 0.577461 0.0391304 0.0467801
17 0.404348 0.606622 0.0608696 0.0419198
35 0.424728 0.238457 0.0277174 0.0492102
16 0.347826 0.602977 0.0228261 0.0407047
25 0.715217 0.609964 0.0554348 0.0315917
6 0.126359 0.550425 0.0342391 0.0376671
21 0.309783 0.578372 0.0282609 0.0789793
13 0.348098 0.414338 0.036413 0.0631835
25 0.191848 0.607837 0.0663043 0.0285541
26 0.454348 0.542527 0.0402174 0.0643985
23 0.36712 0.77582 0.0309783 0.054678
26 0.58288 0.415857 0.0483696 0.0577157
35 0.116304 0.227217 0.0554348 0.0874848
28 0.519837 0.24271 0.0320652 0.0504253
28 0.687228 0.221142 0.0375 0.0291616
35 0.494022 0.23633 0.0217391 0.0595383
36 0.116033 0.227217 0.0559783 0.0874848
36 0.193207 0.387303 0.0483696 0.0407047
25 0.822554 0.427096 0.0516304 0.0388821
13 0.439946 0.400061 0.0472826 0.0382746
20 0.549185 0.716282 0.0190217 0.072904
28 0.742391 0.256075 0.0586957 0.0297691
26 0.600815 0.360571 0.0451087 0.0321993
27 0.583424 0.415249 0.0494565 0.0589307
26 0.65 0.379101 0.0413043 0.0425273
9 0.833696 0.389733 0.0413043 0.0443499
3 0.844837 0.593864 0.0222826 0.0625759
28 0.524185 0.223269 0.0375 0.0601458
25 0.619837 0.174666 0.0472826 0.0589307
34 0.190489 0.537667 0.0559783 0.0376671
24 0.660054 0.4274 0.0842391 0.0407047
26 0.439946 0.396416 0.0483696 0.0382746
12 0.579076 0.571081 0.0233696 0.0862697
24 0.741848 0.426185 0.0630435 0.0382746
30 0.706522 0.750608 0.0206522 0.113609
13 0.296196 0.410996 0.05 0.0747266
20 0.494022 0.610875 0.0913043 0.0394897
36 0.191848 0.436513 0.0619565 0.0321993
21 0.352174 0.547995 0.0152174 0.0643985
35 0.31712 0.217193 0.0451087 0.0419198
34 0.0720109 0.2339 0.0277174 0.0777643
26 0.508696 0.427704 0.0565217 0.0388821
18 0.619022 0.175881 0.0521739 0.0589307
35 0.378261 0.223572 0.026087 0.0643985
21 0.505978 0.73147 0.0282609 0.0741191
25 0.18288 0.232685 0.0461957 0.0765492
26 0.294293 0.409781 0.0494565 0.0722965
8 0.182609 0.231774 0.0456522 0.0771567
25 0.163315 0.163123 0.0842391 0.0334143
34 0.1875 0.569563 0.0641304 0.0297691
33 0.802989 0.769745 0.0168478 0.0741191
36 0.635326 0.534326 0.0402174 0.0710814
28 0.883967 0.572297 0.0494565 0.0425273
25 0.660326 0.794046 0.0521739 0.0413123
36 0.245652 0.406136 0.0391304 0.0710814
34 0.0934783 0.442892 0.102174 0.0328068
9 0.885598 0.410693 0.0559783 0.0692588
28 0.645652 0.602673 0.0521739 0.0510328
8 0.867935 0.244228 0.0380435 0.0534629
25 0.913315 0.231774 0.0440217 0.0783718
21 0.433967 0.72904 0.0201087 0.0765492
28 0.532065 0.208688 0.0423913 0.0370595
35 0.459511 0.243013 0.036413 0.054678
20 0.505163 0.730255 0.0277174 0.0741191
18 0.0459239 0.589307 0.0559783 0.0631835
18 0.0652174 0.756987 0.0402174 0.0704739
11 0.104891 0.602673 0.0413043 0.0473876
8 0.73587 0.197145 0.051087 0.0528554
25 0.563043 0.249696 0.0456522 0.0400972
29 0.121467 0.40158 0.038587 0.0461725
20 0.556793 0.793439 0.0538043 0.054678
34 0.222826 0.235115 0.0293478 0.0741191
12 0.831522 0.772783 0.0347826 0.0935601
12 0.630707 0.737242 0.0320652 0.0844471
34 0.265761 0.164034 0.0576087 0.0437424
29 0.06875 0.387303 0.0451087 0.0722965
21 0.671196 0.541009 0.0206522 0.0589307
18 0.613043 0.240887 0.0521739 0.0625759
28 0.914674 0.789186 0.048913 0.0704739
18 0.218207 0.784022 0.0472826 0.0552855
34 0.264402 0.237242 0.0440217 0.0722965
18 0.269293 0.759417 0.0440217 0.0838396
21 0.407337 0.750911 0.0277174 0.0886999
18 0.163043 0.768226 0.0434783 0.063791
8 0.808967 0.233293 0.0625 0.0814095
34 0.22663 0.712333 0.0380435 0.0735115
21 0.460326 0.728736 0.0336957 0.0722965
21 0.309511 0.746659 0.0266304 0.0826245
