13 0.242808 0.3968 0.0613997 0.102258
7 0.288106 0.623275 0.0395019 0.0683814
34 0.127308 0.156211 0.0845857 0.110414
18 0.263847 0.828419 0.0382138 0.0947302
22 0.307643 0.823714 0.04079 0.104141
18 0.201159 0.832497 0.0880206 0.107905
7 0.096608 0.56744 0.0412194 0.0483061
13 0.496136 0.146487 0.0476599 0.106023
29 0.0942465 0.383626 0.104337 0.0959849
23 0.309575 0.822773 0.0403607 0.104768
32 0.333405 0.614492 0.0382138 0.0809285
16 0.334264 0.617629 0.0382138 0.087202
19 0.266209 0.827792 0.0395019 0.0959849
14 0.393517 0.396487 0.044225 0.104141
19 0.309146 0.824341 0.0403607 0.102886
9 0.588879 0.408093 0.0528124 0.0796738
4 0.464577 0.623275 0.0291971 0.065872
21 0.434951 0.822146 0.0652641 0.0972397
11 0.0981108 0.628607 0.04079 0.0526976
4 0.516101 0.645859 0.0343495 0.0696361
27 0.589094 0.410602 0.0549592 0.0784191
26 0.495277 0.148055 0.0493774 0.0991217
10 0.791327 0.431305 0.0575354 0.0646173
24 0.651353 0.416248 0.0592529 0.0734003
6 0.0968227 0.629862 0.04079 0.0564617
23 0.354873 0.821832 0.0416488 0.102886
9 0.792615 0.428168 0.0566767 0.0646173
31 0.425934 0.625784 0.0317733 0.0696361
16 0.375698 0.622961 0.0317733 0.0690088
17 0.287677 0.622647 0.0403607 0.0683814
7 0.147059 0.611041 0.0364963 0.0777917
13 0.296909 0.397114 0.0519536 0.0953576
9 0.849506 0.40872 0.0545298 0.0959849
35 0.44869 0.163425 0.0317733 0.0897114
31 0.558179 0.617629 0.0249034 0.0621079
1 0.647488 0.657466 0.0532417 0.0664994
6 0.192143 0.615119 0.0399313 0.102258
26 0.518248 0.404956 0.0609704 0.0997491
5 0.807428 0.850376 0.0236153 0.11606
9 0.91477 0.410916 0.060541 0.110414
35 0.407256 0.168758 0.0425075 0.0878294
28 0.680764 0.147114 0.0510949 0.114806
26 0.451481 0.401506 0.0545298 0.0941029
11 0.239158 0.624529 0.0437956 0.065872
34 0.104551 0.152447 0.0382138 0.112923
2 0.775225 0.632999 0.107772 0.0966123
13 0.346286 0.390841 0.0382138 0.0991217
24 0.722198 0.422836 0.0652641 0.0677541
36 0.182696 0.393036 0.0493774 0.0959849
35 0.358094 0.167503 0.0429369 0.0966123
30 0.736368 0.830929 0.0206097 0.146173
21 0.499571 0.850063 0.027909 0.101631
28 0.559038 0.133312 0.0575354 0.134881
3 0.894375 0.637704 0.10906 0.104768
20 0.552168 0.86261 0.0300558 0.105395
1 0.593388 0.647114 0.0437956 0.0821832
34 0.151997 0.154329 0.0343495 0.117942
28 0.622155 0.139272 0.0558179 0.12798
36 0.233577 0.393036 0.0480893 0.107277
29 0.0622585 0.395546 0.0592529 0.108532
8 0.817304 0.145859 0.0717046 0.114806
20 0.58523 0.863237 0.0274796 0.102886
35 0.305067 0.168444 0.0450837 0.0909661
18 0.221125 0.82936 0.0420781 0.102886
28 0.741305 0.157152 0.0502362 0.0984944
21 0.416702 0.820891 0.0313439 0.0984944
8 0.896307 0.146173 0.0699871 0.112923
29 0.12237 0.3899 0.0463718 0.0972397
12 0.656934 0.847553 0.0317733 0.115433
34 0.0571061 0.154015 0.0429369 0.109787
33 0.873122 0.856023 0.0253328 0.102258
18 0.173465 0.832183 0.0412194 0.101004
34 0.197295 0.151192 0.0459425 0.129235
21 0.452984 0.820891 0.0300558 0.102258
34 0.250322 0.150878 0.0480893 0.123588
18 0.127952 0.834065 0.0420781 0.108532
18 0.0805067 0.838457 0.0468012 0.107277
