28 0.771746 0.177136 0.0977804 0.0615578
21 0.541992 0.665201 0.0161968 0.0640704
28 0.723455 0.178078 0.0839832 0.0609296
25 0.414217 0.212312 0.0893821 0.0263819
25 0.694961 0.387249 0.044991 0.0232412
21 0.541992 0.645729 0.0209958 0.0590452
26 0.607079 0.357098 0.0467906 0.0596734
28 0.662268 0.157349 0.0275945 0.0496231
25 0.757049 0.376256 0.0455909 0.0351759
11 0.341332 0.527324 0.0431914 0.0621859
11 0.646971 0.532349 0.0389922 0.0345477
28 0.595981 0.183731 0.0281944 0.0458543
25 0.526995 0.115578 0.0557888 0.0351759
29 0.133473 0.345477 0.0485903 0.0427136
6 0.156569 0.565327 0.0515897 0.0640704
32 0.391422 0.540515 0.0425915 0.0634422
29 0.173365 0.342651 0.0515897 0.035804
17 0.504199 0.561872 0.0473905 0.0433417
22 0.470306 0.768844 0.059988 0.0653266
35 0.480204 0.179962 0.0389922 0.0395729
34 0.212358 0.187186 0.0335933 0.0741206
36 0.25015 0.337626 0.0539892 0.0395729
16 0.446911 0.568153 0.0383923 0.0521357
29 0.189862 0.336055 0.0473905 0.0364322
23 0.463407 0.688128 0.0545891 0.0810302
19 0.106779 0.682475 0.0575885 0.0822864
9 0.927115 0.364008 0.0365927 0.0621859
1 0.664367 0.538317 0.0677864 0.0339196
10 0.757349 0.375942 0.044991 0.0345477
6 0.236653 0.523241 0.0461908 0.0464824
35 0.403119 0.172111 0.059988 0.0339196
16 0.55099 0.37343 0.0377924 0.0458543
26 0.55099 0.374058 0.0389922 0.0458543
9 0.758248 0.380339 0.0443911 0.0320352
25 0.226155 0.129083 0.0635873 0.0320352
25 0.586083 0.550565 0.0371926 0.0370603
30 0.697061 0.663945 0.0263947 0.0753769
26 0.428014 0.362123 0.0545891 0.0772613
34 0.139172 0.387877 0.107978 0.0257538
21 0.25015 0.191583 0.0383923 0.0703518
28 0.873425 0.703203 0.0371926 0.0697236
14 0.492202 0.370917 0.040192 0.0734925
1 0.684463 0.548995 0.0371926 0.0376884
18 0.106479 0.68059 0.0569886 0.0810302
28 0.870426 0.35804 0.0287942 0.080402
1 0.646371 0.531093 0.0377924 0.035804
25 0.707259 0.360239 0.0563887 0.02701
34 0.177564 0.181533 0.0275945 0.0816583
29 0.329634 0.191583 0.0593881 0.071608
21 0.523995 0.727701 0.0233953 0.117462
36 0.696161 0.490264 0.0341932 0.0684673
20 0.646671 0.708543 0.0407918 0.0464824
26 0.595081 0.369033 0.034793 0.0546482
25 0.35153 0.373116 0.0503899 0.0603015
25 0.256149 0.382852 0.0791842 0.0420854
6 0.339532 0.521671 0.0467906 0.0571608
18 0.529694 0.173367 0.0479904 0.0728643
11 0.154469 0.566897 0.0545891 0.0634422
13 0.427415 0.362437 0.0533893 0.0766332
23 0.469406 0.766646 0.0629874 0.0672111
26 0.619376 0.311558 0.044991 0.0439699
18 0.0857828 0.559673 0.0683863 0.0690955
8 0.915417 0.174937 0.0287942 0.0634422
28 0.897121 0.516646 0.0413917 0.0370603
30 0.683263 0.662374 0.0131974 0.0797739
21 0.726755 0.494975 0.0173965 0.0603015
25 0.25165 0.192839 0.0377924 0.0690955
28 0.747151 0.176193 0.040192 0.0646985
33 0.832034 0.66897 0.0191962 0.0653266
25 0.643071 0.377827 0.0443911 0.0559045
20 0.628074 0.657349 0.0227954 0.0621859
34 0.332633 0.130967 0.0605879 0.0458543
12 0.70216 0.66206 0.0173965 0.071608
21 0.567187 0.658291 0.0269946 0.0640704
25 0.637972 0.18059 0.0473905 0.0546482
34 0.138872 0.191269 0.0341932 0.0722362
28 0.915117 0.703832 0.0365927 0.0659548
28 0.69976 0.179334 0.040192 0.0596734
21 0.439112 0.507224 0.0287942 0.0571608
25 0.810438 0.379397 0.0527894 0.0351759
20 0.60018 0.669598 0.0245951 0.0615578
18 0.341032 0.752827 0.0485903 0.103643
28 0.79934 0.175879 0.0473905 0.0678392
25 0.955909 0.162688 0.04979 0.0879397
18 0.205459 0.75848 0.0533893 0.0822864
34 0.288542 0.694724 0.0467906 0.0917085
28 0.779244 0.690013 0.0431914 0.0961055
18 0.104079 0.760678 0.0593881 0.0603015
8 0.867127 0.155465 0.0641872 0.104899
18 0.277744 0.783291 0.0587882 0.0766332
21 0.386923 0.738379 0.034793 0.103643
