26 0.34894 0.42225 0.0473139 0.0516288
19 0.305076 0.74831 0.0384426 0.0842041
28 0.65451 0.222188 0.0936422 0.0842041
7 0.0864958 0.564229 0.0211927 0.0553165
35 0.346476 0.210203 0.0837851 0.0934235
14 0.417693 0.396128 0.0300641 0.0583897
13 0.35929 0.424401 0.0532282 0.0510141
17 0.509364 0.579594 0.036964 0.0442532
19 0.207245 0.758144 0.0418926 0.0768285
2 0.792509 0.564536 0.0384426 0.0682237
23 0.337358 0.701905 0.0310498 0.0651506
26 0.427797 0.575292 0.0344998 0.0516288
22 0.304584 0.74831 0.0384426 0.0854333
4 0.509857 0.580209 0.0379497 0.0442532
21 0.463282 0.737554 0.0492854 0.0872772
2 0.727206 0.57775 0.0517496 0.0688384
17 0.428783 0.575599 0.0344998 0.0534726
11 0.242238 0.520897 0.0261212 0.0338045
35 0.293987 0.2059 0.0852637 0.104487
21 0.415968 0.711125 0.040414 0.0823602
10 0.786102 0.425937 0.0492854 0.052858
11 0.226959 0.555009 0.027107 0.0368777
7 0.0956136 0.561463 0.0275998 0.0608482
24 0.669542 0.421942 0.0497782 0.0522434
14 0.455643 0.403811 0.0359783 0.0749846
31 0.547314 0.572833 0.0320355 0.0553165
25 0.189502 0.414874 0.0448497 0.0786724
18 0.118038 0.755685 0.0261212 0.0817455
25 0.745195 0.217886 0.0512568 0.0866626
19 0.25653 0.75169 0.0428783 0.0835894
12 0.679892 0.730486 0.0221784 0.103872
30 0.678906 0.731408 0.0221784 0.105716
11 0.283637 0.5252 0.0330212 0.0424093
25 0.616313 0.414567 0.0418926 0.0497849
23 0.305816 0.747081 0.0389354 0.0878918
13 0.305323 0.393977 0.043864 0.0663798
21 0.504189 0.715427 0.0157713 0.0712969
35 0.403154 0.204671 0.0187284 0.103258
33 0.794234 0.752305 0.0231641 0.0860479
9 0.787827 0.427781 0.0517496 0.052858
17 0.471168 0.574063 0.0374569 0.0540873
7 0.12346 0.555317 0.0300641 0.0633067
9 0.837358 0.410879 0.0512568 0.0854333
5 0.743963 0.749846 0.020207 0.0848187
28 0.569492 0.217578 0.036964 0.090965
11 0.275259 0.572526 0.0310498 0.0424093
26 0.498768 0.418562 0.0492854 0.0676091
21 0.382701 0.742163 0.0162642 0.0928089
25 0.176442 0.572833 0.0384426 0.0651506
25 0.0758995 0.201291 0.0482997 0.106331
25 0.721784 0.2185 0.0280927 0.0866626
18 0.207245 0.757837 0.0428783 0.0799017
35 0.429768 0.218193 0.0266141 0.090965
20 0.536471 0.747388 0.0261212 0.0811309
35 0.473139 0.220037 0.0344998 0.0885065
9 0.889108 0.388752 0.0482997 0.0903503
23 0.413997 0.704671 0.0374569 0.0719115
12 0.600542 0.706515 0.0261212 0.0682237
18 0.0961065 0.756915 0.0423854 0.079287
35 0.323066 0.204978 0.0379497 0.102643
3 0.86693 0.586663 0.0699852 0.0780578
29 0.149335 0.399508 0.0285855 0.0749846
25 0.72622 0.42225 0.060621 0.0626921
25 0.630606 0.224647 0.0527353 0.079287
26 0.55791 0.415489 0.0453425 0.0651506
29 0.105471 0.403503 0.0482997 0.0768285
18 0.15451 0.748002 0.0418926 0.0860479
28 0.683095 0.21973 0.040414 0.0928089
1 0.589699 0.557468 0.0418926 0.0516288
21 0.449729 0.742778 0.027107 0.0866626
36 0.254805 0.401352 0.0443568 0.0811309
35 0.370133 0.208359 0.040414 0.0946527
21 0.483489 0.729564 0.0216856 0.0848187
1 0.634056 0.585433 0.0428783 0.064536
20 0.567521 0.746773 0.027107 0.0799017
25 0.87999 0.204978 0.0625924 0.10756
34 0.18137 0.203135 0.0364712 0.106331
34 0.13307 0.204057 0.0482997 0.105716
34 0.275505 0.202827 0.0453425 0.109404
28 0.523903 0.215427 0.0423854 0.0928089
25 0.224741 0.196988 0.0443568 0.114935
12 0.627649 0.715734 0.0251355 0.0805163
8 0.81173 0.210817 0.064071 0.0983405
