28 0.567424 0.181186 0.0473659 0.0393224
34 0.174239 0.215971 0.0507492 0.0241984
16 0.31537 0.582577 0.0391493 0.0423472
8 0.81537 0.218996 0.0657322 0.0447671
14 0.406477 0.383243 0.0289995 0.0804598
12 0.63074 0.769207 0.019333 0.119177
34 0.172547 0.196007 0.0328661 0.0435572
5 0.887869 0.752874 0.022233 0.0719903
28 0.582165 0.151845 0.0517158 0.0290381
25 0.283954 0.383243 0.0304495 0.0804598
34 0.27622 0.204477 0.0507492 0.0350877
25 0.144031 0.174229 0.0289995 0.0750151
21 0.469309 0.787054 0.0318995 0.101633
9 0.778637 0.415305 0.0434993 0.0356927
25 0.441034 0.390502 0.0227163 0.0598911
25 0.258821 0.588022 0.0517158 0.0338778
28 0.561866 0.217181 0.0333494 0.0435572
25 0.346303 0.166667 0.0391493 0.0502117
26 0.406477 0.382033 0.0270662 0.0852995
18 0.242871 0.77314 0.0459159 0.105263
2 0.87216 0.81337 0.0497825 0.0514217
21 0.42726 0.757713 0.0164331 0.0913491
25 0.692122 0.575318 0.0299662 0.0278282
26 0.331803 0.380823 0.040116 0.07683
11 0.265587 0.53902 0.0459159 0.0399274
8 0.860802 0.156685 0.0512325 0.031458
11 0.210971 0.542952 0.0381827 0.0441621
28 0.618898 0.204174 0.040116 0.0538415
30 0.722088 0.764973 0.0251329 0.107078
21 0.549299 0.738657 0.0294828 0.0665457
19 0.245288 0.772837 0.0459159 0.103448
18 0.115273 0.696915 0.059449 0.0738052
16 0.396568 0.586509 0.0488159 0.0381125
9 0.923635 0.413793 0.0686322 0.0387175
34 0.274045 0.218693 0.0676655 0.0320629
6 0.100048 0.53176 0.0367327 0.0532365
13 0.331319 0.381428 0.0381827 0.0780399
1 0.661189 0.604356 0.0376994 0.0362976
28 0.577815 0.200544 0.0391493 0.0635209
33 0.887144 0.756503 0.020783 0.0732002
7 0.10029 0.532063 0.0362494 0.0526316
8 0.870227 0.205384 0.0362494 0.0683606
29 0.0727405 0.393527 0.0526825 0.0344828
13 0.291203 0.38294 0.0256162 0.0786449
25 0.70493 0.401996 0.0739488 0.030853
14 0.371435 0.389897 0.0314161 0.0671506
34 0.251571 0.160012 0.0343161 0.0477919
28 0.744321 0.218391 0.0550991 0.0399274
5 0.723296 0.766485 0.0217496 0.0955838
9 0.833978 0.362976 0.0439826 0.0496068
36 0.244079 0.373261 0.0338328 0.0629159
30 0.678105 0.735632 0.0183664 0.118572
25 0.137989 0.3781 0.037216 0.0822747
34 0.173755 0.177858 0.0285162 0.0483969
20 0.608265 0.77314 0.0188497 0.0980036
5 0.864669 0.745009 0.0164331 0.0756201
26 0.535041 0.402904 0.0473659 0.0592861
25 0.479459 0.394434 0.0434993 0.0653358
23 0.294103 0.766788 0.0468826 0.0913491
25 0.185355 0.374168 0.0265829 0.0865094
34 0.147414 0.173926 0.0212663 0.0574713
12 0.654181 0.761645 0.0236829 0.113733
6 0.0611406 0.591047 0.0468826 0.0447671
23 0.349686 0.77677 0.0584824 0.105263
20 0.550749 0.744707 0.0285162 0.0677556
25 0.665781 0.209619 0.0420493 0.0623109
35 0.307878 0.178161 0.0318995 0.0369026
21 0.354036 0.524198 0.017883 0.0623109
34 0.0826486 0.191168 0.0280329 0.0834846
20 0.551232 0.808832 0.0681489 0.0496068
21 0.456742 0.787659 0.0251329 0.108893
20 0.582165 0.745916 0.0246496 0.0713854
18 0.117931 0.780097 0.0628323 0.0707804
25 0.11479 0.179068 0.0362494 0.0943739
21 0.40696 0.717786 0.0241663 0.0865094
18 0.0521991 0.722323 0.0463992 0.0689655
18 0.188014 0.780097 0.0560657 0.0913491
8 0.922668 0.201149 0.0589657 0.0865094
21 0.490817 0.789171 0.0323828 0.101028
18 0.0490575 0.800665 0.0497825 0.061101
