35 0.448283 0.177361 0.0830074 0.0847458
21 0.460235 0.824153 0.0330291 0.096247
17 0.541504 0.604722 0.0312907 0.0472155
14 0.0654063 0.172215 0.0456323 0.1023
22 0.309648 0.82839 0.0430248 0.104722
29 0.0964798 0.39437 0.0912647 0.110775
10 0.802043 0.421005 0.0525858 0.0587167
13 0.245111 0.405266 0.0669274 0.0938257
25 0.712734 0.611683 0.027814 0.0429782
34 0.819209 0.826574 0.0234681 0.104722
21 0.442199 0.82385 0.0621469 0.100484
10 0.615385 0.407688 0.0504129 0.0744552
32 0.3392 0.616525 0.0369405 0.0817191
11 0.293351 0.610169 0.0451977 0.0895884
28 0.731856 0.179479 0.0964798 0.0817191
13 0.295524 0.608656 0.0451977 0.0841404
8 0.586919 0.184019 0.043894 0.0714286
14 0.448283 0.408596 0.0352021 0.0847458
27 0.615602 0.407385 0.0491091 0.0726392
9 0.61495 0.406477 0.0495437 0.0720339
18 0.0945241 0.841102 0.095176 0.107143
4 0.381573 0.628329 0.0356367 0.0617433
16 0.381791 0.628935 0.0378096 0.0617433
4 0.542807 0.603814 0.0312907 0.0466102
17 0.431551 0.620763 0.0521512 0.0623487
19 0.308996 0.828087 0.0434594 0.105327
26 0.448283 0.408596 0.0352021 0.0835351
29 0.120165 0.387409 0.0473707 0.110169
23 0.310517 0.82839 0.0447631 0.103511
19 0.263581 0.833838 0.0412864 0.0998789
35 0.423946 0.179177 0.0343329 0.0847458
9 0.861147 0.407082 0.0499783 0.0841404
14 0.404607 0.404964 0.0469361 0.094431
5 0.819209 0.826877 0.0243372 0.108959
36 0.176662 0.39437 0.0465015 0.105932
17 0.487614 0.61592 0.0434594 0.0732445
9 0.921339 0.407082 0.0512821 0.0950363
35 0.476532 0.167373 0.0421556 0.0986683
31 0.575402 0.626816 0.0295524 0.0659806
7 0.137549 0.609867 0.0404172 0.0805085
23 0.359192 0.826271 0.0465015 0.107748
28 0.375924 0.183111 0.0495437 0.0732445
26 0.553238 0.408293 0.0547588 0.0901937
33 0.88505 0.830811 0.0247718 0.096247
11 0.237288 0.622881 0.0434594 0.0653753
28 0.5402 0.172821 0.0478053 0.10109
13 0.3505 0.395581 0.0465015 0.0986683
21 0.476532 0.826877 0.039548 0.0992736
6 0.188396 0.614709 0.0421556 0.092615
7 0.0908301 0.585654 0.0382442 0.0756659
24 0.672534 0.419492 0.0560626 0.0605327
34 0.1608 0.165557 0.0304216 0.109564
3 0.905041 0.626211 0.111691 0.0865617
1 0.616688 0.630751 0.0443286 0.0677966
28 0.706215 0.174031 0.041721 0.0974576
1 0.66797 0.638015 0.0521512 0.0581114
26 0.492829 0.409201 0.0486745 0.0871671
34 0.20817 0.162228 0.0425902 0.119855
35 0.314211 0.172518 0.0486745 0.0956416
2 0.785093 0.619855 0.108214 0.0895884
13 0.296393 0.396792 0.0521512 0.0974576
30 0.753585 0.803874 0.0225989 0.145278
36 0.237505 0.401332 0.0499783 0.0956416
28 0.75967 0.180993 0.0443286 0.0786925
20 0.576923 0.810533 0.0247718 0.0956416
20 0.606475 0.833232 0.0282486 0.103511
24 0.738809 0.419492 0.0599739 0.062954
28 0.653846 0.168886 0.0473707 0.105327
8 0.903737 0.17161 0.0647545 0.0974576
12 0.67362 0.819915 0.0330291 0.113196
8 0.833333 0.1704 0.067362 0.113196
29 0.0582355 0.39891 0.0573664 0.100484
18 0.216645 0.83414 0.0430248 0.105327
34 0.119948 0.163741 0.0425902 0.110775
21 0.516949 0.818402 0.0360713 0.101695
18 0.0680139 0.844734 0.0473707 0.107143
18 0.118427 0.840799 0.0430248 0.110169
21 0.422425 0.830206 0.0338983 0.1023
18 0.169057 0.838075 0.0460669 0.110775
34 0.260104 0.162833 0.0499783 0.118644
