33 0.782933 0.76421 0.0266667 0.0630856
16 0.3752 0.581512 0.0378667 0.0337289
25 0.8856 0.779513 0.0528 0.0324797
21 0.372533 0.516552 0.0282667 0.0737039
24 0.794933 0.567458 0.0933333 0.0480949
26 0.6072 0.381949 0.0848 0.0518426
11 0.2304 0.534041 0.0373333 0.0299813
9 0.621867 0.380387 0.0426667 0.0524672
2 0.885867 0.782011 0.0544 0.0324797
19 0.326933 0.757027 0.0554667 0.0999375
7 0.1424 0.564335 0.0629333 0.0618364
9 0.802933 0.391943 0.0410667 0.0293567
30 0.673067 0.720175 0.0266667 0.122423
16 0.3264 0.568707 0.0448 0.0480949
7 0.113067 0.544035 0.0405333 0.0474703
28 0.6648 0.202061 0.0485333 0.0331043
28 0.596 0.180824 0.0816 0.0718301
5 0.784 0.764522 0.0266667 0.0599625
25 0.214133 0.575265 0.0624 0.0462211
9 0.843467 0.37133 0.0304 0.0718301
1 0.652 0.577764 0.0485333 0.0312305
18 0.0962667 0.740787 0.1008 0.0874453
32 0.326667 0.569332 0.0453333 0.0505934
20 0.573867 0.71955 0.0256 0.0712055
4 0.4992 0.578701 0.0373333 0.0343535
20 0.540533 0.707995 0.0282667 0.0468457
27 0.621867 0.37945 0.0426667 0.0505934
24 0.6784 0.388195 0.0533333 0.036852
1 0.601333 0.558089 0.0389333 0.0318551
28 0.785333 0.188632 0.04 0.0599625
9 0.874933 0.373829 0.0336 0.0680825
5 0.8144 0.778576 0.0256 0.0618364
25 0.1464 0.565584 0.0549333 0.0580887
17 0.457867 0.564959 0.0421333 0.0430981
19 0.269067 0.747658 0.0432 0.0974391
23 0.328267 0.755465 0.0581333 0.101811
14 0.403467 0.363835 0.0229333 0.0780762
3 0.905333 0.569019 0.0986667 0.0487196
14 0.444 0.37133 0.0325333 0.0693317
23 0.394133 0.75203 0.0490667 0.0961899
35 0.4528 0.183635 0.0405333 0.0524672
9 0.9208 0.370706 0.0528 0.0718301
21 0.381867 0.521549 0.0202667 0.0874453
2 0.795733 0.568395 0.1024 0.0487196
35 0.412533 0.179575 0.0314667 0.0605871
28 0.726933 0.188007 0.0352 0.0612117
30 0.6496 0.727983 0.0234667 0.110556
11 0.272267 0.56371 0.0421333 0.0530918
20 0.6192 0.740787 0.0309333 0.091193
24 0.7424 0.387258 0.0618667 0.0437227
26 0.4888 0.369144 0.0538667 0.0712055
30 0.681067 0.710806 0.0192 0.126171
13 0.304533 0.358526 0.0512 0.0861961
21 0.429067 0.52842 0.0261333 0.0662086
26 0.56 0.372892 0.0554667 0.062461
20 0.553067 0.762024 0.0704 0.039975
35 0.370933 0.177389 0.0442667 0.0749532
13 0.357867 0.359463 0.0512 0.0905684
7 0.0634667 0.545284 0.0426667 0.0574641
28 0.572267 0.180512 0.0373333 0.0724547
34 0.173067 0.158651 0.0314667 0.0986883
21 0.461867 0.730169 0.0245333 0.0836977
29 0.124533 0.358214 0.0485333 0.0830731
35 0.314933 0.173954 0.0442667 0.0818239
35 0.5112 0.183635 0.0549333 0.0637102
29 0.0658667 0.366958 0.0517333 0.0643348
36 0.241333 0.362586 0.0538667 0.0805746
28 0.6184 0.178326 0.0432 0.0805746
21 0.4952 0.721112 0.0314667 0.0755778
18 0.0664 0.741412 0.0432 0.0861961
8 0.850133 0.183323 0.0618667 0.0705809
34 0.132 0.163335 0.0453333 0.08807
34 0.216533 0.168332 0.0384 0.0855715
8 0.9136 0.177389 0.0576 0.0849469
36 0.1864 0.361649 0.0485333 0.0811993
18 0.220533 0.740162 0.0464 0.0874453
18 0.170133 0.737664 0.0469333 0.0886946
34 0.264 0.16802 0.0448 0.0899438
18 0.119733 0.739226 0.0432 0.08807
34 0.0789333 0.160837 0.0501333 0.0955653
