29 0.416873 0.403498 0.0459057 0.0762024
13 0.336228 0.399438 0.102978 0.076827
21 0.447581 0.69644 0.0688586 0.0674578
8 0.867246 0.23985 0.150124 0.0824485
8 0.724876 0.399438 0.0651365 0.065584
19 0.324752 0.693941 0.0514888 0.0687071
21 0.399814 0.690818 0.087469 0.0674578
11 0.55366 0.559963 0.0452854 0.0643348
32 0.323821 0.546533 0.0409429 0.07995
19 0.270471 0.700187 0.0421836 0.062461
1 0.647953 0.561836 0.0266749 0.0455965
4 0.46402 0.537164 0.0359802 0.0811993
26 0.362593 0.400999 0.0440447 0.0737039
27 0.582506 0.403186 0.0496278 0.0730793
31 0.506824 0.548095 0.0347395 0.0718301
24 0.650124 0.407245 0.0632754 0.062461
35 0.364144 0.24797 0.0334988 0.07995
1 0.552419 0.559026 0.0440447 0.0662086
35 0.382444 0.250781 0.0390819 0.0743285
23 0.325682 0.694566 0.0533499 0.0662086
13 0.362283 0.400375 0.0459057 0.0724547
6 0.172457 0.549032 0.044665 0.0849469
16 0.370347 0.549344 0.0347395 0.0730793
26 0.530397 0.404122 0.0496278 0.0662086
5 0.759305 0.70456 0.0223325 0.0724547
30 0.669355 0.692067 0.0198511 0.0999375
33 0.82227 0.70737 0.0279156 0.0743285
9 0.862903 0.392255 0.0645161 0.0874453
13 0.308002 0.400687 0.0477667 0.0818239
9 0.794045 0.396939 0.0583127 0.0730793
14 0.415943 0.40381 0.0477667 0.0743285
7 0.0617246 0.559026 0.0477667 0.0699563
7 0.119727 0.555278 0.044665 0.0687071
35 0.414702 0.257651 0.0353598 0.0630856
26 0.474876 0.407558 0.0514888 0.065584
3 0.718362 0.556215 0.100496 0.0730793
23 0.379342 0.684572 0.0415633 0.0674578
17 0.418424 0.558089 0.042804 0.0693317
11 0.224256 0.559963 0.042804 0.0605871
36 0.186414 0.39569 0.0477667 0.0818239
35 0.458437 0.245472 0.044665 0.0836977
24 0.723325 0.401624 0.0669975 0.0724547
35 0.311104 0.249219 0.0415633 0.0836977
11 0.273573 0.56371 0.0471464 0.0618364
28 0.647022 0.245784 0.0471464 0.0830731
28 0.699442 0.251405 0.0527295 0.0730793
1 0.604218 0.54872 0.0459057 0.0805746
18 0.17804 0.700187 0.0434243 0.0687071
29 0.0710298 0.398501 0.0539702 0.0787008
21 0.42804 0.69644 0.0334988 0.0674578
20 0.513648 0.702061 0.028536 0.0674578
8 0.825062 0.241412 0.0694789 0.0830731
18 0.223945 0.7005 0.0434243 0.0668332
28 0.521402 0.247345 0.0490074 0.0849469
29 0.130893 0.401312 0.0471464 0.0743285
12 0.613213 0.700812 0.0316377 0.0811993
28 0.580335 0.246408 0.0564516 0.0818239
28 0.757444 0.244847 0.0496278 0.0787008
36 0.244727 0.401624 0.0490074 0.0836977
20 0.547457 0.701124 0.0279156 0.0680825
2 0.846774 0.555903 0.137717 0.07995
8 0.904467 0.237664 0.0657568 0.0905684
21 0.465881 0.699875 0.0310174 0.0680825
18 0.132754 0.697377 0.0459057 0.0705809
34 0.259615 0.245472 0.0465261 0.0874453
34 0.0592432 0.239538 0.0490074 0.0930668
34 0.201923 0.242036 0.0552109 0.0905684
18 0.0825062 0.697689 0.044665 0.0687071
34 0.105769 0.238913 0.0353598 0.08807
34 0.147333 0.238913 0.0465261 0.0955653
