11 0.352365 0.587714 0.090301 0.060798
14 0.457 0.430969 0.0645007 0.0525649
2 0.763258 0.556365 0.0434783 0.0728309
27 0.349498 0.583597 0.0807453 0.0740975
34 0.189919 0.557315 0.039656 0.0658645
34 0.142618 0.231159 0.0635452 0.0265991
17 0.473005 0.588664 0.057334 0.0525649
19 0.265409 0.771058 0.0473005 0.11083
18 0.264931 0.773908 0.0453894 0.113996
8 0.767797 0.408803 0.0678452 0.0563648
25 0.152891 0.400887 0.0468227 0.0481317
14 0.37936 0.331539 0.0344004 0.0702977
25 0.458433 0.433819 0.0711897 0.050665
14 0.427138 0.348005 0.0305781 0.0728309
10 0.972766 0.439835 0.0544673 0.0474984
36 0.213808 0.377454 0.0559006 0.0595313
3 0.905638 0.567764 0.0912566 0.0981634
10 0.848782 0.430969 0.068323 0.0563648
35 0.321548 0.199493 0.0344004 0.0721976
9 0.847348 0.430336 0.0692785 0.0550982
25 0.312948 0.397087 0.0745342 0.0392654
8 0.946727 0.242242 0.102723 0.0398987
35 0.352126 0.175744 0.0258003 0.079164
12 0.753703 0.71026 0.0234114 0.069031
13 0.42666 0.352122 0.0267559 0.0759975
27 0.645485 0.438252 0.0544673 0.0569981
9 0.84257 0.361621 0.0530339 0.070931
5 0.752031 0.710893 0.0238892 0.0702977
9 0.973722 0.440469 0.0525561 0.0474984
23 0.348304 0.772958 0.0621118 0.104497
4 0.551123 0.594364 0.0444338 0.0563648
1 0.647635 0.553198 0.0444338 0.0525649
13 0.34042 0.333756 0.0387004 0.0721976
25 0.633301 0.249208 0.0778786 0.0398987
28 0.538462 0.163395 0.0487339 0.0620646
29 0.115624 0.423686 0.050645 0.0430652
14 0.468944 0.353705 0.046345 0.0804306
24 0.768036 0.406903 0.068323 0.0576314
33 0.820592 0.716593 0.0281892 0.0677644
25 0.732919 0.597847 0.0391782 0.0443319
26 0.569279 0.351172 0.0492117 0.0816973
13 0.296703 0.330589 0.0372671 0.0797973
21 0.600334 0.721976 0.0281892 0.0671311
29 0.155996 0.333439 0.0415671 0.0728309
11 0.257047 0.562698 0.0535117 0.0576314
25 0.904921 0.378087 0.0516006 0.0785307
7 0.135452 0.519949 0.0492117 0.050665
20 0.600096 0.719443 0.0296226 0.0734642
25 0.459866 0.238442 0.0864787 0.0462318
28 0.650502 0.173211 0.0492117 0.0854971
34 0.260392 0.229892 0.0764453 0.040532
25 0.699474 0.422419 0.0458672 0.0430652
25 0.556617 0.424636 0.0659341 0.0335655
28 0.757525 0.192527 0.046345 0.130462
34 0.228858 0.164978 0.0372671 0.0740975
28 0.705686 0.19031 0.0458672 0.0968968
6 0.189441 0.557948 0.0377449 0.0658645
7 0.0936455 0.593414 0.0487339 0.070931
12 0.652174 0.708043 0.0305781 0.0759975
34 0.184902 0.171311 0.0334448 0.0930969
34 0.104873 0.172578 0.0387004 0.09943
21 0.492833 0.70646 0.0320115 0.0715643
18 0.123985 0.777707 0.0492117 0.10513
