13 0.275416 0.158111 0.0292935 0.0698152
26 0.500862 0.186174 0.0666284 0.0383299
28 0.692418 0.136893 0.1166 0.0424367
8 0.935382 0.784736 0.0706491 0.103354
21 0.333429 0.538672 0.0281447 0.0479124
30 0.799253 0.733402 0.0189546 0.0992471
28 0.717691 0.129021 0.0786904 0.0403833
25 0.704767 0.346338 0.0470994 0.0821355
24 0.165135 0.602669 0.0591614 0.0431212
13 0.501149 0.186516 0.0672028 0.0362765
13 0.379092 0.366872 0.0298679 0.0533881
20 0.475876 0.523614 0.0281447 0.0780287
25 0.506605 0.114648 0.0448018 0.0554415
1 0.428777 0.591376 0.0361861 0.036961
25 0.352958 0.675565 0.026996 0.0506502
2 0.60425 0.590349 0.139001 0.0253251
26 0.342332 0.379535 0.0298679 0.0622861
6 0.147904 0.513689 0.0338886 0.0540726
14 0.240379 0.399726 0.0258472 0.0670773
25 0.339747 0.231348 0.0626077 0.0301164
25 0.229179 0.239562 0.078116 0.0232717
34 0.190408 0.195072 0.0350373 0.0629706
28 0.507467 0.184805 0.0637565 0.0410678
13 0.342619 0.380219 0.0304423 0.0622861
28 0.50718 0.121492 0.0470994 0.0485969
36 0.149052 0.355921 0.0258472 0.0479124
28 0.276565 0.16564 0.0258472 0.073922
12 0.886847 0.768652 0.0241241 0.1013
30 0.744687 0.767283 0.0235497 0.131417
34 0.706203 0.344285 0.0488225 0.091718
25 0.240666 0.515743 0.0229753 0.0431212
25 0.770247 0.348049 0.0425043 0.0718686
36 0.0884549 0.672485 0.0356117 0.0335387
12 0.485066 0.719713 0.0224009 0.0732375
35 0.298966 0.178645 0.0166571 0.0574949
18 0.140437 0.717659 0.0281447 0.0718686
25 0.428489 0.196783 0.058587 0.0595483
28 0.454049 0.141684 0.0373349 0.0533881
25 0.687823 0.182409 0.136129 0.045859
13 0.23923 0.192676 0.0396324 0.045859
25 0.335152 0.533881 0.026996 0.0492813
20 0.356404 0.586927 0.0557151 0.0403833
35 0.369041 0.193703 0.031591 0.0657084
29 0.0712234 0.375428 0.0275704 0.0663929
12 0.799541 0.733402 0.0206778 0.0951403
30 0.697875 0.71013 0.0172315 0.107461
5 0.799541 0.733744 0.0218265 0.091718
8 0.801838 0.187885 0.0827111 0.0403833
8 0.707926 0.131759 0.0844342 0.0431212
25 0.629523 0.723819 0.039058 0.0431212
25 0.601379 0.80527 0.0700747 0.08282
20 0.531304 0.533539 0.0310167 0.0800821
20 0.398047 0.557153 0.0229753 0.0807666
18 0.770821 0.353867 0.0402068 0.072553
5 0.887708 0.76386 0.0201034 0.109514
21 0.477312 0.524983 0.0252728 0.0821355
29 0.105686 0.379192 0.0310167 0.0711841
18 0.177484 0.755647 0.0321654 0.0588638
25 0.646468 0.0537303 0.0947731 0.0609172
25 0.579552 0.151608 0.0631821 0.106092
12 0.58185 0.729979 0.0252728 0.0896646
29 0.182941 0.395277 0.0396324 0.0718686
21 0.422171 0.729979 0.0160827 0.0882957
20 0.550258 0.736824 0.0252728 0.0951403
25 0.83027 0.791581 0.0292935 0.114305
35 0.325675 0.178645 0.0367605 0.0574949
25 0.483343 0.394593 0.0580126 0.0513347
21 0.400919 0.748802 0.0229753 0.0930869
29 0.0901781 0.171458 0.0367605 0.063655
25 0.141872 0.413758 0.0333142 0.0581793
25 0.418438 0.375086 0.0384836 0.0807666
21 0.635267 0.33744 0.0459506 0.102669
8 0.862723 0.132101 0.0631821 0.106776
25 0.81591 0.353867 0.0361861 0.0643395
25 0.687823 0.805955 0.0706491 0.065024
24 0.936244 0.781999 0.0700747 0.0965092
21 0.860712 0.339151 0.0292935 0.100616
25 0.834578 0.539357 0.103389 0.0396988
21 0.06749 0.559891 0.0246984 0.0821355
18 0.751867 0.55373 0.0516944 0.0752909
12 0.666571 0.720397 0.0258472 0.0841889
25 0.0893165 0.747091 0.0534176 0.063655
34 0.0448018 0.211841 0.0367605 0.0992471
