9 0.830912 0.412555 0.0440309 0.0918176
28 0.606219 0.201437 0.0204267 0.0868207
28 0.174535 0.585884 0.0403995 0.0737039
2 0.711757 0.630543 0.0226963 0.0518426
21 0.537222 0.779513 0.0267817 0.0649594
2 0.765774 0.634603 0.0517476 0.0587133
34 0.174989 0.565272 0.0349523 0.0487196
3 0.871539 0.820425 0.0344984 0.0593379
18 0.133 0.762024 0.0281434 0.0724547
34 0.0612801 0.554029 0.068089 0.0312305
29 0.0807989 0.396003 0.0490241 0.0612117
17 0.366773 0.591818 0.0263277 0.065584
26 0.325011 0.404122 0.0435769 0.0836977
16 0.445756 0.625547 0.0281434 0.0493442
9 0.802088 0.388507 0.0317749 0.0649594
36 0.187699 0.374141 0.0349523 0.0387258
32 0.300272 0.610868 0.0376759 0.062461
6 0.061507 0.553716 0.0658193 0.0356027
9 0.71153 0.434104 0.049478 0.039975
4 0.500227 0.63679 0.0399455 0.0430981
31 0.548343 0.614304 0.0236042 0.0318551
10 0.71153 0.434416 0.0531094 0.0405996
21 0.47163 0.78451 0.0199728 0.101187
11 0.253518 0.617427 0.0413073 0.0568395
3 0.869269 0.63148 0.0662733 0.0599625
17 0.399455 0.618988 0.0399455 0.0537164
23 0.360418 0.813866 0.0490241 0.0762024
25 0.587608 0.626483 0.0422152 0.0537164
29 0.244212 0.217364 0.0463005 0.0774516
18 0.221062 0.768582 0.0326827 0.0518426
1 0.635724 0.634291 0.0467544 0.0430981
13 0.326373 0.403186 0.0435769 0.0868207
6 0.1734 0.56371 0.0344984 0.0518426
25 0.682025 0.63273 0.0313209 0.0337289
6 0.256468 0.569332 0.0399455 0.0493442
35 0.406264 0.217052 0.024512 0.0780762
28 0.749887 0.209557 0.0472084 0.0680825
25 0.183613 0.207995 0.0385837 0.0949407
4 0.445302 0.62461 0.0281434 0.0524672
25 0.190649 0.42411 0.0535633 0.0599625
34 0.228325 0.717676 0.0889696 0.0374766
25 0.660463 0.410993 0.0481162 0.0349781
12 0.584203 0.198001 0.0254199 0.0936914
18 0.0512937 0.609307 0.0399455 0.065584
11 0.113482 0.618051 0.0408534 0.0580887
20 0.524739 0.861024 0.0344984 0.0755778
26 0.534725 0.417552 0.037222 0.0693317
21 0.501362 0.78857 0.0240581 0.08807
20 0.537222 0.779513 0.0276895 0.0699563
18 0.433954 0.221736 0.0272356 0.0662086
29 0.133227 0.378826 0.0413073 0.0518426
9 0.896959 0.419738 0.0444848 0.0724547
25 0.265093 0.412242 0.0399455 0.0724547
26 0.426691 0.415053 0.0435769 0.0693317
28 0.177031 0.62336 0.061734 0.0487196
21 0.404222 0.7792 0.0213345 0.0980637
34 0.150931 0.205497 0.0213345 0.0861961
26 0.473445 0.413804 0.0435769 0.0693317
23 0.301407 0.754216 0.0408534 0.0780762
33 0.812982 0.801374 0.0217885 0.0874453
20 0.567635 0.79263 0.024966 0.0924422
20 0.62256 0.858838 0.07399 0.0549656
28 0.692011 0.204247 0.043123 0.0737039
8 0.869723 0.205497 0.0354063 0.0612117
28 0.547208 0.20456 0.0440309 0.0843223
21 0.363141 0.408182 0.0217885 0.0918176
34 0.104857 0.43223 0.0916931 0.0374766
25 0.918974 0.194566 0.0585565 0.08807
25 0.585792 0.42817 0.0449387 0.0605871
35 0.293917 0.213304 0.0358602 0.0843223
28 0.638221 0.209244 0.0408534 0.0737039
35 0.336586 0.220175 0.0376759 0.0705809
35 0.378802 0.2208 0.0295052 0.0755778
30 0.703132 0.777014 0.0181571 0.119925
25 0.768951 0.434104 0.055379 0.039975
18 0.169088 0.816052 0.0449387 0.0743285
18 0.0889696 0.79263 0.0453926 0.0874453
21 0.679074 0.567146 0.0208806 0.0712055
21 0.4335 0.774516 0.024512 0.0861961
28 0.747617 0.829169 0.0508398 0.125547
12 0.654335 0.783573 0.0285974 0.0905684
34 0.0746709 0.198001 0.0394916 0.113679
8 0.818202 0.18426 0.0658193 0.109931
34 0.118248 0.199563 0.0394916 0.105559
