7 0.191674 0.610556 0.0484904 0.106808
3 0.854529 0.6193 0.053065 0.0705809
22 0.306038 0.840412 0.0494053 0.123048
28 0.711116 0.151468 0.0251601 0.0518426
21 0.543458 0.826983 0.0301921 0.108682
10 0.619625 0.386321 0.0434584 0.0580887
29 0.125114 0.366646 0.106587 0.0811993
4 0.523102 0.623985 0.0416285 0.0574641
32 0.377173 0.613054 0.0489478 0.0780762
2 0.866651 0.620237 0.0608417 0.0749532
10 0.81656 0.393192 0.0548948 0.054341
19 0.306496 0.841974 0.0512351 0.119925
14 0.444648 0.373829 0.0375114 0.0818239
9 0.819305 0.395066 0.05215 0.0468457
31 0.570677 0.623985 0.0343092 0.0537164
28 0.752745 0.149282 0.047118 0.0637102
3 0.760521 0.615865 0.0224154 0.0674578
17 0.470723 0.617427 0.0283623 0.0693317
3 0.794373 0.6193 0.0535224 0.065584
16 0.437557 0.621174 0.0361391 0.0555903
28 0.628088 0.139288 0.0283623 0.0737039
9 0.881061 0.379763 0.0585544 0.0762024
5 0.810842 0.832605 0.0251601 0.116177
23 0.420403 0.849157 0.0512351 0.121799
34 0.751601 0.148345 0.0484904 0.0643348
23 0.362534 0.843535 0.0489478 0.133042
35 0.419945 0.144597 0.05215 0.0630856
8 0.860704 0.145534 0.0343092 0.0687071
2 0.916057 0.621487 0.122141 0.0749532
1 0.676807 0.62336 0.0526075 0.0637102
26 0.551693 0.378826 0.0539799 0.0793254
11 0.255718 0.603373 0.0475755 0.0712055
24 0.674748 0.393192 0.0612992 0.0505934
13 0.331885 0.361961 0.0498628 0.0968145
28 0.80215 0.143036 0.0397987 0.0712055
7 0.139982 0.594628 0.042086 0.0886946
28 0.542543 0.141474 0.0466606 0.0730793
28 0.597667 0.140225 0.0379689 0.0705809
26 0.491766 0.371018 0.0512351 0.0874453
6 0.195334 0.606496 0.0539799 0.103685
7 0.0930924 0.58401 0.0425435 0.0749532
34 0.307182 0.140225 0.0269899 0.0780762
34 0.232388 0.137414 0.0329369 0.0824485
21 0.464547 0.811368 0.0233303 0.107433
30 0.756633 0.80356 0.0237877 0.156777
13 0.388838 0.357277 0.0503202 0.102436
24 0.747941 0.392567 0.0667887 0.0505934
35 0.354758 0.140537 0.0480329 0.0724547
33 0.897987 0.837601 0.0256176 0.11243
36 0.271043 0.366958 0.0544373 0.0993129
1 0.621912 0.624297 0.0452882 0.0618364
29 0.15462 0.37133 0.0494053 0.0780762
34 0.272187 0.131168 0.0375114 0.0787008
29 0.09172 0.368207 0.058097 0.0905684
11 0.316331 0.607745 0.047118 0.0637102
34 0.133806 0.127108 0.0407136 0.0918176
35 0.476212 0.13148 0.042086 0.0868207
12 0.640439 0.825734 0.032022 0.119925
20 0.543687 0.82792 0.0297347 0.110556
20 0.579826 0.828545 0.0306496 0.116802
18 0.251144 0.843535 0.0558097 0.1193
8 0.912855 0.144909 0.0553522 0.0724547
34 0.188472 0.123673 0.0503202 0.102436
21 0.497484 0.812305 0.0361391 0.10431
36 0.211574 0.361961 0.047118 0.101811
18 0.138609 0.846658 0.0494053 0.125547
34 0.084172 0.128045 0.0466606 0.0849469
18 0.0818847 0.84416 0.05215 0.118051
18 0.196249 0.846658 0.0503202 0.121799
