24 0.600884 0.537477 0.057074 0.0530918
24 0.703778 0.538726 0.139068 0.0493442
19 0.280949 0.781387 0.0522508 0.0549656
27 0.601286 0.536227 0.0578778 0.0530918
28 0.555466 0.415678 0.102894 0.0568395
22 0.335611 0.777639 0.0490354 0.0549656
23 0.335209 0.777639 0.0482315 0.0562149
35 0.284164 0.415365 0.0876206 0.0599625
31 0.513264 0.654591 0.0361736 0.0562149
32 0.328376 0.655528 0.0426045 0.0580887
19 0.334807 0.777327 0.0474277 0.0555903
31 0.471061 0.655528 0.0353698 0.0568395
16 0.374196 0.6599 0.0361736 0.0555903
3 0.740354 0.668957 0.0996785 0.0437227
17 0.421222 0.660212 0.0466238 0.0524672
23 0.386254 0.781074 0.0458199 0.0505934
14 0.420418 0.53654 0.0434084 0.0587133
33 0.846061 0.782636 0.0329582 0.0562149
4 0.471865 0.657714 0.0369775 0.0537164
30 0.683682 0.771705 0.0249196 0.0780762
36 0.185289 0.53935 0.0506431 0.0555903
11 0.219855 0.66396 0.0458199 0.0449719
24 0.66881 0.534666 0.0659164 0.0587133
2 0.871785 0.668957 0.150322 0.0424735
13 0.361736 0.538726 0.0514469 0.0568395
9 0.817926 0.526858 0.0618971 0.0693317
9 0.885048 0.533729 0.0610932 0.054341
5 0.770498 0.782011 0.028135 0.0587133
13 0.304662 0.53935 0.0498392 0.0618364
6 0.168006 0.657089 0.0418006 0.0612117
7 0.0647106 0.659275 0.0458199 0.0493442
20 0.522106 0.781387 0.0313505 0.0537164
24 0.740756 0.534041 0.0651125 0.0574641
26 0.538987 0.539975 0.0522508 0.0493442
29 0.131029 0.539038 0.0498392 0.0562149
1 0.618569 0.656777 0.0490354 0.0530918
35 0.419212 0.417552 0.0345659 0.054341
11 0.275322 0.667083 0.0458199 0.0424735
7 0.117765 0.658339 0.0409968 0.051218
36 0.245579 0.535603 0.0490354 0.0605871
28 0.582395 0.413179 0.0442122 0.0593379
34 0.110129 0.411305 0.0369775 0.0680825
28 0.708601 0.41599 0.057074 0.051218
26 0.476688 0.539975 0.0546624 0.0505934
28 0.645498 0.408182 0.0514469 0.0718301
18 0.224277 0.782011 0.0466238 0.0462211
35 0.462621 0.414741 0.0458199 0.0612117
1 0.563103 0.661774 0.0522508 0.0505934
34 0.0610932 0.411618 0.0482315 0.0724547
20 0.556672 0.782948 0.0297428 0.0505934
34 0.155145 0.408182 0.0450161 0.0705809
28 0.769293 0.414741 0.0530547 0.0599625
35 0.37299 0.414116 0.0482315 0.0587133
18 0.176045 0.780762 0.0434084 0.0474703
18 0.0791801 0.777951 0.0506431 0.0493442
28 0.526125 0.416615 0.0458199 0.0562149
29 0.0723473 0.539975 0.0530547 0.0568395
35 0.318328 0.414428 0.0466238 0.0605871
8 0.842444 0.410369 0.073955 0.0649594
12 0.617765 0.77639 0.0345659 0.0637102
18 0.127814 0.781074 0.0450161 0.0468457
8 0.915595 0.404435 0.062701 0.0668332
34 0.26246 0.415053 0.0506431 0.0630856
21 0.435691 0.775765 0.0353698 0.0587133
34 0.205788 0.410681 0.0482315 0.0705809
21 0.473473 0.778888 0.0353698 0.0562149
