4 0.452703 0.533589 0.030888 0.0332694
28 0.168195 0.523033 0.0526062 0.0543826
9 0.79416 0.316059 0.0284749 0.0652591
26 0.392375 0.341971 0.0444015 0.0582214
22 0.35111 0.705374 0.0555019 0.0582214
26 0.827703 0.335893 0.0337838 0.0870122
20 0.487693 0.72009 0.0371622 0.0684581
6 0.165782 0.482086 0.0313707 0.0428663
34 0.111486 0.152591 0.0366795 0.0889315
14 0.392616 0.341971 0.0439189 0.0569418
8 0.736969 0.161228 0.0530888 0.0767754
25 0.656129 0.517914 0.0323359 0.0236724
6 0.0542954 0.46929 0.0651544 0.03135
21 0.439913 0.659629 0.0178571 0.0716571
25 0.563465 0.520473 0.0381274 0.0377479
26 0.293919 0.347729 0.0434363 0.0620601
10 0.695463 0.349008 0.0521236 0.0403071
17 0.399614 0.53007 0.0540541 0.0428663
7 0.131998 0.462252 0.0265444 0.0415867
25 0.487452 0.53103 0.0415058 0.0396673
32 0.282095 0.519194 0.0294402 0.059501
25 0.632722 0.334613 0.0627413 0.0319898
2 0.857384 0.711452 0.0555019 0.0729367
25 0.48528 0.720409 0.0371622 0.0678183
18 0.0912162 0.667306 0.042471 0.0742163
30 0.611245 0.658989 0.0178571 0.0972489
21 0.352317 0.336212 0.0222008 0.0825336
11 0.107384 0.525592 0.0390927 0.0569418
29 0.118243 0.307102 0.0434363 0.0447857
12 0.611004 0.658989 0.0183398 0.0921305
35 0.282819 0.190979 0.0849421 0.0300704
9 0.694257 0.351568 0.0477799 0.0390275
1 0.611969 0.526232 0.0472973 0.0351887
36 0.164334 0.305182 0.0400579 0.0371081
35 0.336631 0.160909 0.0284749 0.0633397
23 0.288851 0.643314 0.0361969 0.0620601
25 0.149855 0.159309 0.0352317 0.0793346
25 0.169643 0.350288 0.0535714 0.0518234
12 0.114141 0.153231 0.0284749 0.0863724
9 0.88972 0.337172 0.0497104 0.0652591
6 0.108832 0.526232 0.0381274 0.0543826
29 0.0682915 0.306462 0.0361969 0.0550224
21 0.459942 0.673384 0.023166 0.0658989
26 0.530888 0.28151 0.0521236 0.049904
28 0.183639 0.52975 0.0680502 0.0294306
18 0.4375 0.160589 0.0535714 0.0639795
26 0.504585 0.341971 0.0419884 0.0582214
20 0.561535 0.708893 0.0612934 0.0524632
29 0.208977 0.161868 0.0453668 0.0729367
21 0.33084 0.338132 0.0207529 0.0850928
20 0.536921 0.649392 0.0284749 0.0703775
3 0.865348 0.522713 0.0810811 0.0537428
35 0.29416 0.152271 0.0371622 0.0383877
28 0.514961 0.168266 0.0444015 0.049904
26 0.4486 0.333973 0.0506757 0.0678183
20 0.500965 0.653871 0.034749 0.0614203
25 0.122587 0.0831734 0.0723938 0.0332694
18 0.0521236 0.516955 0.046332 0.0575816
6 0.239141 0.480806 0.0352317 0.0543826
34 0.220319 0.614203 0.0854247 0.0371081
25 0.238176 0.34389 0.0361969 0.0607806
23 0.349662 0.703775 0.0574324 0.0639795
33 0.798745 0.665387 0.0241313 0.0818938
35 0.256757 0.140115 0.034749 0.0524632
28 0.56612 0.160269 0.0482625 0.0735765
25 0.560811 0.349648 0.0540541 0.053103
25 0.908784 0.15579 0.0540541 0.0786948
34 0.0685328 0.151631 0.027027 0.0882917
34 0.081805 0.360205 0.0931467 0.0345489
28 0.67471 0.158669 0.0482625 0.0729367
8 0.86583 0.166667 0.0328185 0.053103
25 0.756515 0.352847 0.0680502 0.0415867
34 0.0390927 0.148433 0.0279923 0.0921305
12 0.633446 0.659629 0.0207529 0.0895713
28 0.619691 0.158669 0.046332 0.0703775
28 0.725627 0.692578 0.0526062 0.100448
28 0.737452 0.159309 0.050193 0.0716571
18 0.169643 0.694818 0.0419884 0.0614203
18 0.094112 0.68778 0.042471 0.0486244
21 0.660232 0.46865 0.019305 0.0582214
21 0.415058 0.672745 0.0260618 0.0838132
8 0.808639 0.148433 0.0699807 0.0946897
