21 0.393021 0.759525 0.0239429 0.091193
20 0.550433 0.742349 0.0555273 0.0643348
35 0.34539 0.18832 0.020377 0.0755778
16 0.417473 0.596815 0.0463576 0.0356027
33 0.755222 0.371643 0.0219052 0.106184
3 0.945746 0.589007 0.0514519 0.0487196
35 0.427152 0.199875 0.0361691 0.0499688
7 0.149771 0.523423 0.0264901 0.0424735
29 0.427662 0.382261 0.0382068 0.0724547
20 0.655629 0.581512 0.0254712 0.0849469
20 0.537188 0.747345 0.030056 0.0505934
34 0.198675 0.179575 0.0916964 0.0918176
7 0.100611 0.523735 0.0392257 0.0518426
6 0.180846 0.532792 0.0295466 0.039975
24 0.651044 0.39569 0.0448293 0.0418488
9 0.829343 0.386009 0.0478859 0.0612117
4 0.472236 0.599625 0.0407539 0.0349781
19 0.249109 0.7792 0.0509424 0.10431
3 0.879266 0.585572 0.053999 0.0593379
6 0.149771 0.521549 0.0264901 0.0449719
21 0.366786 0.551843 0.0264901 0.109307
28 0.598064 0.190194 0.0509424 0.0680825
9 0.888181 0.377577 0.0534896 0.0718301
25 0.316098 0.587133 0.0361691 0.0449719
6 0.160214 0.576827 0.0728477 0.036852
26 0.366276 0.373517 0.0509424 0.0899438
28 0.655374 0.202374 0.0351503 0.0462211
21 0.368314 0.510618 0.0213958 0.0555903
26 0.53948 0.385696 0.0509424 0.0630856
20 0.568008 0.753591 0.0224147 0.0830731
14 0.428171 0.383198 0.0412634 0.0743285
30 0.50866 0.534978 0.0198676 0.121799
21 0.385125 0.778888 0.0173204 0.107433
20 0.541518 0.804497 0.0692817 0.0524672
28 0.698676 0.193004 0.0433011 0.0599625
20 0.60214 0.763585 0.0295466 0.0943161
30 0.667346 0.734541 0.0213958 0.117427
11 0.274325 0.539038 0.0443199 0.0437227
35 0.319409 0.19644 0.0356597 0.0630856
13 0.308966 0.373517 0.0514519 0.0886946
26 0.483444 0.383198 0.0458482 0.0680825
12 0.367295 0.562461 0.0285278 0.0893192
28 0.537952 0.190506 0.0458482 0.0612117
13 0.367295 0.372267 0.0509424 0.0936914
25 0.260316 0.590881 0.0458482 0.0337289
35 0.379266 0.189569 0.0433011 0.0793254
28 0.764391 0.189257 0.0494142 0.0712055
23 0.302598 0.774204 0.0458482 0.111805
24 0.712939 0.390693 0.0585838 0.0505934
18 0.12379 0.784822 0.0621498 0.065584
29 0.142384 0.378826 0.0494142 0.0793254
36 0.251656 0.380075 0.0509424 0.08807
18 0.189506 0.782011 0.0519613 0.091193
18 0.0519613 0.798563 0.0499236 0.0693317
21 0.414417 0.530918 0.0249618 0.062461
35 0.469689 0.186134 0.0407539 0.0687071
21 0.49083 0.733916 0.030056 0.0762024
21 0.452878 0.769831 0.0387162 0.0905684
12 0.640092 0.737039 0.0259806 0.091193
36 0.193836 0.373829 0.0453388 0.0893192
18 0.0550178 0.724859 0.0478859 0.0730793
21 0.351758 0.781699 0.0361691 0.106808
8 0.827305 0.182386 0.0611309 0.07995
34 0.128375 0.181449 0.0346409 0.08807
34 0.275599 0.186758 0.0448293 0.0824485
8 0.896332 0.175515 0.063678 0.0899438
34 0.174223 0.178014 0.0417728 0.0974391
29 0.0799796 0.374141 0.0509424 0.0899438
34 0.223383 0.184884 0.0463576 0.0874453
34 0.0812532 0.176765 0.050433 0.103685
