1 0.675088 0.617427 0.0258519 0.0530918
2 0.673325 0.620862 0.0211516 0.051218
17 0.491481 0.598376 0.0370153 0.0886946
9 0.611633 0.450656 0.052879 0.0805746
8 0.90188 0.279825 0.152761 0.0836977
11 0.277908 0.617739 0.0869565 0.0612117
32 0.398355 0.607121 0.0305523 0.0699563
15 0.68067 0.459713 0.0616921 0.0687071
23 0.354289 0.750156 0.0493537 0.0662086
36 0.613396 0.452217 0.0493537 0.0811993
21 0.475029 0.757651 0.0699177 0.0712055
19 0.354289 0.750781 0.0493537 0.0649594
27 0.613984 0.450968 0.052879 0.0811993
32 0.35282 0.603998 0.0405405 0.0811993
11 0.353408 0.603061 0.0428907 0.0805746
19 0.302585 0.754528 0.0423032 0.0674578
4 0.491187 0.595253 0.0364277 0.07995
31 0.533784 0.605871 0.0346651 0.0774516
24 0.681551 0.461274 0.0646298 0.0643348
6 0.202996 0.603998 0.0428907 0.0886946
9 0.828437 0.452842 0.0575793 0.0737039
5 0.776146 0.763273 0.0235018 0.0712055
16 0.396005 0.608682 0.0317274 0.0693317
36 0.216216 0.44722 0.0517039 0.0861961
33 0.836663 0.767333 0.0305523 0.0693317
30 0.688895 0.750468 0.020564 0.101811
26 0.560517 0.453154 0.0470035 0.0730793
26 0.5047 0.456902 0.0540541 0.0718301
35 0.400411 0.284822 0.0511163 0.0849469
17 0.444771 0.610868 0.0458284 0.0774516
9 0.895123 0.44441 0.0652174 0.0993129
13 0.390129 0.449407 0.0470035 0.0818239
11 0.254407 0.61649 0.0411281 0.0637102
35 0.444771 0.297002 0.0352526 0.0630856
11 0.301998 0.6193 0.0434783 0.0605871
1 0.631904 0.602748 0.0475911 0.0836977
24 0.756757 0.455028 0.0681551 0.0693317
13 0.336075 0.449094 0.0505288 0.0861961
23 0.409812 0.741724 0.0428907 0.0643348
14 0.44389 0.453779 0.0499412 0.0818239
3 0.743537 0.614616 0.0945946 0.0762024
35 0.3396 0.282324 0.0481786 0.0949407
20 0.538484 0.759525 0.0276146 0.0687071
28 0.615746 0.28326 0.052879 0.0905684
7 0.152468 0.609931 0.0452409 0.0780762
12 0.635429 0.757651 0.0299647 0.0737039
36 0.273208 0.450031 0.052879 0.08807
29 0.157462 0.449407 0.0481786 0.0818239
20 0.570212 0.759525 0.0287897 0.0687071
7 0.0963572 0.613991 0.0470035 0.0762024
28 0.739424 0.28857 0.0522914 0.0787008
2 0.87074 0.617114 0.12926 0.0787008
18 0.121915 0.750468 0.0417156 0.0693317
8 0.866921 0.286071 0.0710928 0.07995
18 0.257051 0.755778 0.0440658 0.0649594
29 0.0992949 0.44847 0.0540541 0.0861961
1 0.579318 0.615865 0.0470035 0.0724547
21 0.455347 0.753279 0.0293772 0.0662086
28 0.798179 0.285759 0.0522914 0.0868207
34 0.124266 0.27233 0.0358402 0.0999375
21 0.492068 0.756715 0.0323149 0.0718301
18 0.170388 0.751405 0.0446533 0.0699563
35 0.487662 0.282636 0.0470035 0.0893192
28 0.684489 0.28451 0.0470035 0.0930668
34 0.282021 0.281074 0.0505288 0.0974391
34 0.0787309 0.275453 0.0517039 0.102436
18 0.213572 0.754841 0.0381904 0.0668332
28 0.554935 0.279825 0.0475911 0.0949407
34 0.223561 0.275765 0.0558167 0.103061
8 0.950353 0.27639 0.0640423 0.0980637
34 0.166863 0.268894 0.0493537 0.109307
