25 0.648634 0.484082 0.0388655 0.0468165
28 0.583246 0.169476 0.082458 0.0405743
36 0.289128 0.299625 0.0551471 0.062422
19 0.38813 0.62422 0.0273109 0.0699126
36 0.297532 0.25437 0.0383403 0.0380774
35 0.376838 0.159176 0.0435924 0.0761548
25 0.288078 0.304307 0.0393908 0.0555556
35 0.414916 0.116729 0.0441176 0.0649189
25 0.741071 0.181336 0.072479 0.0293383
36 0.614496 0.290886 0.0441176 0.0474407
13 0.344538 0.298065 0.032563 0.0692884
21 0.541492 0.638889 0.0231092 0.06804
34 0.326943 0.120474 0.0404412 0.0998752
25 0.882616 0.339888 0.0593487 0.0480649
16 0.521008 0.506866 0.0346639 0.0561798
17 0.451155 0.44975 0.0283613 0.0393258
25 0.425683 0.175406 0.0509454 0.0324594
2 0.820378 0.667915 0.0651261 0.0349563
35 0.277048 0.355493 0.0961134 0.0393258
4 0.525473 0.455993 0.029937 0.036829
9 0.808824 0.299001 0.0294118 0.0561798
27 0.613971 0.290574 0.0451681 0.0480649
2 0.749212 0.475968 0.0477941 0.0755306
36 0.281775 0.357366 0.0982143 0.0330836
12 0.681985 0.633583 0.0236345 0.0961298
25 0.432773 0.496255 0.0315126 0.051186
28 0.585084 0.109551 0.0388655 0.0430712
34 0.181197 0.112984 0.0273109 0.0661673
25 0.686712 0.498752 0.0320378 0.0387016
20 0.566439 0.597066 0.0204832 0.0493134
35 0.439338 0.176654 0.0656513 0.0299625
17 0.477416 0.498127 0.0451681 0.0474407
4 0.451155 0.449438 0.0315126 0.0424469
26 0.515494 0.299625 0.0341387 0.0736579
35 0.373424 0.114544 0.0336134 0.0530587
4 0.520746 0.509363 0.0341387 0.0549313
25 0.37001 0.32397 0.0288866 0.0686642
34 0.295431 0.183833 0.0625 0.0305868
28 0.702206 0.139201 0.0315126 0.0436954
27 0.617647 0.349563 0.0577731 0.0486891
29 0.158876 0.349563 0.101366 0.0362047
31 0.55646 0.450062 0.0236345 0.0461923
25 0.125525 0.151998 0.052521 0.0543071
3 0.879727 0.48221 0.0735294 0.0930087
25 0.741597 0.343321 0.0619748 0.0649189
20 0.581408 0.652934 0.0315126 0.0649189
30 0.683036 0.632335 0.0236345 0.0998752
23 0.427521 0.666355 0.0430672 0.0805243
20 0.544118 0.639513 0.0220588 0.0742821
34 0.123424 0.0948814 0.032563 0.0461923
8 0.856092 0.11985 0.0514706 0.082397
11 0.326943 0.428839 0.0362395 0.0362047
1 0.60688 0.485331 0.0372899 0.056804
25 0.32563 0.465356 0.0420168 0.0318352
25 0.378414 0.174782 0.0435924 0.051186
25 0.28729 0.463795 0.0367647 0.0337079
9 0.849527 0.270287 0.0362395 0.0661673
35 0.402311 0.116417 0.0220588 0.0617978
35 0.429359 0.119226 0.0288866 0.062422
5 0.733456 0.634831 0.0204832 0.0786517
25 0.146008 0.507803 0.0787815 0.0343321
25 0.471113 0.310549 0.039916 0.0630462
34 0.210347 0.175094 0.110819 0.0318352
13 0.42437 0.311486 0.0430672 0.0774032
28 0.54438 0.102996 0.0383403 0.0561798
36 0.248424 0.278402 0.0420168 0.0774032
28 0.737132 0.128277 0.0341387 0.0605493
8 0.789128 0.105805 0.0540966 0.0780275
25 0.328519 0.128901 0.0383403 0.101748
25 0.383141 0.497191 0.0530462 0.0730337
7 0.149947 0.432584 0.0341387 0.0536829
25 0.226366 0.512484 0.0451681 0.0524345
35 0.460347 0.124844 0.0267857 0.0724095
28 0.663866 0.0889513 0.072479 0.0405743
25 0.563288 0.302747 0.0393908 0.0649189
25 0.656513 0.161361 0.0493697 0.0817728
17 0.488708 0.441011 0.0372899 0.0530587
6 0.236082 0.446005 0.0372899 0.06804
34 0.224002 0.114232 0.0530462 0.0786517
21 0.503414 0.63015 0.0194328 0.0742821
35 0.50105 0.13171 0.039916 0.0973783
7 0.190126 0.447566 0.0388655 0.0611735
29 0.201418 0.285581 0.0467437 0.0717853
21 0.480305 0.632023 0.0288866 0.0717853
29 0.148897 0.279026 0.042542 0.071161
12 0.640494 0.633583 0.0288866 0.0811486
18 0.130252 0.641698 0.0441176 0.0861423
34 0.273897 0.114544 0.0372899 0.0855181
18 0.181985 0.678215 0.049895 0.0892634
