18 0.272428 0.742973 0.083629 0.08807
36 0.299797 0.378826 0.100862 0.0868207
32 0.421439 0.577452 0.0400405 0.065584
27 0.602889 0.38476 0.0440953 0.0649594
14 0.496959 0.37945 0.0390269 0.076827
13 0.420426 0.360087 0.0278763 0.0705809
19 0.297263 0.737039 0.0420679 0.0974391
9 0.602382 0.384447 0.0440953 0.0680825
4 0.42372 0.573079 0.0334516 0.0643348
32 0.36518 0.570893 0.0440953 0.0712055
14 0.444247 0.401312 0.0390269 0.0518426
1 0.627471 0.576202 0.0912316 0.0643348
31 0.514192 0.577139 0.0339584 0.0649594
16 0.420933 0.576515 0.0390269 0.0649594
9 0.776483 0.394129 0.0527116 0.0549656
28 0.624937 0.212992 0.0233147 0.0836977
28 0.726812 0.220487 0.0375063 0.0712055
35 0.431576 0.21268 0.025849 0.0705809
4 0.515966 0.579325 0.035479 0.0605871
30 0.714901 0.721424 0.0217942 0.132417
10 0.775722 0.395066 0.0532185 0.054341
24 0.652306 0.394129 0.0486569 0.0549656
28 0.599088 0.217676 0.0344653 0.0680825
23 0.376837 0.746096 0.045109 0.0918176
5 0.764825 0.750156 0.0233147 0.0999375
3 0.745312 0.572767 0.0633553 0.0861961
35 0.399645 0.214241 0.0339584 0.0724547
31 0.55778 0.574641 0.0339584 0.0712055
9 0.830208 0.385384 0.0496706 0.0787008
28 0.769894 0.218301 0.035479 0.0693317
7 0.118601 0.534666 0.0364926 0.0712055
13 0.381145 0.364772 0.0425748 0.0836977
17 0.467816 0.576202 0.0425748 0.0643348
28 0.692093 0.215178 0.0217942 0.076827
34 0.726052 0.222361 0.0410542 0.0712055
13 0.328941 0.371955 0.0486569 0.08807
6 0.205271 0.561212 0.0466295 0.0968145
36 0.274709 0.380075 0.0456158 0.0930668
8 0.867714 0.209244 0.0334516 0.0861961
28 0.658895 0.217052 0.03852 0.076827
26 0.497973 0.377577 0.0400405 0.0743285
8 0.825393 0.216115 0.0522048 0.0687071
35 0.497466 0.217364 0.0359858 0.0774516
12 0.610745 0.749532 0.0304105 0.0986883
36 0.219209 0.375078 0.0440953 0.0905684
7 0.158895 0.542473 0.0359858 0.0805746
24 0.715408 0.391943 0.0562595 0.0555903
35 0.347947 0.206121 0.0400405 0.0811993
35 0.459453 0.221424 0.0309174 0.065584
28 0.551951 0.218301 0.0405474 0.0718301
1 0.648505 0.580262 0.0440953 0.0599625
26 0.545869 0.386633 0.0486569 0.0712055
29 0.172326 0.376015 0.0395337 0.0824485
33 0.844906 0.751405 0.0243284 0.0961899
1 0.602129 0.573704 0.0425748 0.065584
34 0.241257 0.200187 0.0253421 0.0830731
11 0.259757 0.555278 0.0420679 0.0662086
21 0.444754 0.736727 0.0339584 0.0893192
18 0.24886 0.741099 0.0435884 0.0893192
2 0.868221 0.571205 0.126711 0.0930668
34 0.107197 0.200187 0.0400405 0.0855715
20 0.55626 0.750468 0.0278763 0.0968145
11 0.313229 0.560275 0.0466295 0.0599625
34 0.309934 0.202998 0.025849 0.0886946
34 0.198936 0.195191 0.0410542 0.0943161
29 0.11632 0.377889 0.0471363 0.0824485
20 0.524075 0.751093 0.0273695 0.0955653
34 0.15484 0.196127 0.0339584 0.0886946
18 0.107451 0.736102 0.0456158 0.0930668
18 0.20299 0.740475 0.0420679 0.0943161
18 0.156361 0.739538 0.0420679 0.091193
34 0.274455 0.198938 0.0400405 0.0843223
21 0.482261 0.73579 0.0349721 0.0924422
