24 0.59739 0.330731 0.0492992 0.0393504
28 0.557516 0.165209 0.0546158 0.0293567
2 0.69913 0.493129 0.0971484 0.0418488
10 0.852586 0.34416 0.0744321 0.0437227
34 0.802078 0.158026 0.112615 0.0324797
6 0.295553 0.692692 0.0430159 0.111181
26 0.322861 0.267958 0.041566 0.0737039
20 0.497583 0.690818 0.0391493 0.0949407
25 0.215563 0.511243 0.0463992 0.0580887
17 0.370952 0.518426 0.0681489 0.0524672
9 0.853794 0.343223 0.0758821 0.0430981
19 0.296762 0.690194 0.0454326 0.119925
27 0.543016 0.338226 0.0497825 0.0505934
7 0.144998 0.490006 0.0695988 0.0443473
9 0.740454 0.337289 0.0647656 0.051218
29 0.401885 0.271081 0.040116 0.0687071
4 0.452392 0.519363 0.0434993 0.0555903
18 0.153697 0.602748 0.041566 0.0387258
34 0.155872 0.157089 0.0613823 0.0281074
25 0.390043 0.706433 0.0434993 0.0924422
13 0.321653 0.269831 0.040116 0.0712055
31 0.501208 0.517177 0.0338328 0.0537164
25 0.635331 0.527171 0.040116 0.051218
10 0.741663 0.335415 0.0652489 0.0499688
28 0.472692 0.156465 0.0550991 0.0418488
14 0.402368 0.275765 0.0381827 0.0730793
25 0.347269 0.158339 0.0720155 0.0281074
9 0.743838 0.269831 0.0473659 0.0674578
5 0.669647 0.678638 0.0246496 0.106808
25 0.179555 0.329169 0.0565491 0.0387258
3 0.820928 0.498751 0.0874819 0.105559
25 0.324795 0.32386 0.0473659 0.0293567
25 0.29797 0.510306 0.0565491 0.0387258
1 0.561866 0.486883 0.0526825 0.0530918
29 0.18173 0.273579 0.0376994 0.0637102
25 0.456984 0.330731 0.0652489 0.0331043
34 0.245046 0.100874 0.0318995 0.0605871
21 0.389077 0.703623 0.0444659 0.0930668
24 0.663364 0.31574 0.0671822 0.0555903
34 0.276462 0.156777 0.0705655 0.0324797
34 0.204447 0.108057 0.0357661 0.0762024
28 0.472934 0.104622 0.0449493 0.0480949
26 0.494683 0.272642 0.0420493 0.065584
33 0.746013 0.693317 0.0265829 0.104934
25 0.597148 0.333542 0.0507492 0.0362274
35 0.330594 0.106184 0.0338328 0.062461
28 0.563316 0.107745 0.0439826 0.0580887
18 0.215563 0.701749 0.0483325 0.0918176
12 0.568149 0.681137 0.0362494 0.106808
18 0.137989 0.705184 0.0565491 0.102436
