8 0.145344 0.193214 0.0519891 0.0563542
17 0.483951 0.56383 0.0583183 0.0488787
26 0.348553 0.37004 0.0632911 0.0408281
10 0.622288 0.393042 0.0438517 0.0465785
28 0.55877 0.200115 0.0533454 0.040253
26 0.461347 0.317424 0.0239602 0.0644048
28 0.673599 0.19494 0.0587703 0.0471535
2 0.701175 0.57188 0.0352622 0.0500288
34 0.280515 0.151811 0.0700723 0.0563542
13 0.574819 0.313111 0.0384268 0.0615296
17 0.544078 0.568143 0.0402351 0.0552041
27 0.621609 0.392754 0.0424955 0.0471535
25 0.411844 0.209603 0.0443038 0.0258769
22 0.298146 0.742668 0.0474684 0.120184
2 0.753391 0.550029 0.0248644 0.0753307
10 0.897378 0.390742 0.0560579 0.0419781
14 0.467676 0.386141 0.0474684 0.0431282
13 0.461347 0.317136 0.0230561 0.0649799
12 0.728978 0.715929 0.0212477 0.0920069
14 0.460669 0.315986 0.0271248 0.0684301
31 0.597423 0.57073 0.0302893 0.0477286
10 0.787749 0.385854 0.0492767 0.0506038
28 0.676085 0.145486 0.0348101 0.0494537
13 0.334765 0.319149 0.0411392 0.0586544
23 0.299051 0.740081 0.0474684 0.118459
26 0.379521 0.318861 0.0393309 0.0615296
9 0.789331 0.386141 0.0524412 0.0557792
19 0.298599 0.742093 0.0465642 0.114434
25 0.35443 0.373203 0.074141 0.0368028
29 0.126356 0.391604 0.0574141 0.0310523
9 0.897378 0.388729 0.0560579 0.0414031
9 0.789783 0.320299 0.0388788 0.0678551
1 0.634494 0.530477 0.0375226 0.0465785
25 0.67066 0.192352 0.0465642 0.0500288
26 0.334087 0.321162 0.0406872 0.0626797
18 0.161844 0.650661 0.0415913 0.0385279
5 0.7283 0.714491 0.0216998 0.093732
4 0.54566 0.56843 0.0415913 0.0557792
14 0.495253 0.322312 0.0348101 0.0684301
34 0.148508 0.198102 0.0519891 0.0511788
25 0.176085 0.372915 0.0474684 0.039678
13 0.378391 0.318286 0.0406872 0.0592294
8 0.876808 0.195802 0.0537975 0.0408281
7 0.168626 0.505463 0.045208 0.0506038
3 0.86415 0.545428 0.0574141 0.0925819
14 0.41953 0.321737 0.0352622 0.0649799
35 0.386302 0.163025 0.0257685 0.0718804
25 0.550407 0.375791 0.0583183 0.0316274
28 0.552215 0.13916 0.0420434 0.0563542
23 0.384268 0.741231 0.0578662 0.0966072
29 0.190099 0.321449 0.0402351 0.0644048
35 0.503617 0.150661 0.0388788 0.0563542
25 0.801989 0.202415 0.0867993 0.0333525
35 0.442812 0.158999 0.033906 0.0500288
26 0.576627 0.313974 0.0402351 0.0609546
24 0.724684 0.366302 0.056962 0.0552041
28 0.731917 0.180851 0.0379747 0.0730305
28 0.625678 0.168488 0.0280289 0.0954572
34 0.283454 0.205578 0.0877034 0.0339275
6 0.221293 0.538815 0.0357143 0.0506038
25 0.666817 0.382404 0.0379747 0.0356527
33 0.789783 0.72858 0.0235081 0.0920069
25 0.837025 0.335825 0.0420434 0.0759057
11 0.287749 0.537378 0.0556058 0.0477286
34 0.179702 0.171938 0.0311935 0.0839563
34 0.300181 0.156124 0.0361664 0.0603795
35 0.351718 0.192064 0.034358 0.0598045
25 0.701854 0.571593 0.033906 0.0483036
12 0.635624 0.714204 0.0280289 0.0989074
34 0.261528 0.152386 0.0311935 0.0644048
20 0.586347 0.72973 0.0262206 0.0908568
7 0.120705 0.563542 0.0506329 0.0540541
34 0.214512 0.173088 0.0366184 0.0908568
18 0.221067 0.717654 0.0524412 0.100058
21 0.492315 0.711616 0.0262206 0.093732
18 0.153481 0.748994 0.0501808 0.101783
