31 0.438691 0.529669 0.0381045 0.0574641
25 0.197606 0.502498 0.037616 0.065584
36 0.466048 0.370706 0.114314 0.0443473
12 0.619443 0.686446 0.0283341 0.109931
21 0.316561 0.711743 0.0429897 0.10431
9 0.211285 0.312305 0.0542257 0.0549656
27 0.213239 0.310119 0.0503175 0.0505934
2 0.637763 0.480013 0.0796287 0.0405996
4 0.382022 0.530606 0.0508061 0.0618364
18 0.197118 0.663648 0.0385931 0.0843223
17 0.31021 0.514678 0.0576453 0.051218
9 0.702247 0.344784 0.0737665 0.0612117
27 0.464827 0.36852 0.107963 0.0437227
5 0.617733 0.688007 0.0239375 0.101811
28 0.424768 0.16802 0.0679042 0.0349781
1 0.50171 0.485009 0.0547142 0.0593379
25 0.384465 0.342598 0.0547142 0.036852
8 0.776014 0.174578 0.111871 0.036852
28 0.422325 0.109307 0.0464094 0.0449719
33 0.701759 0.701124 0.0317538 0.0993129
7 0.130435 0.480325 0.0654617 0.0449719
34 0.241329 0.179575 0.074255 0.036852
10 0.703713 0.345409 0.0698583 0.0587133
24 0.622374 0.322923 0.073278 0.0549656
3 0.792135 0.506558 0.0796287 0.114928
9 0.812897 0.336665 0.108451 0.0612117
35 0.297264 0.126796 0.0327308 0.0811993
25 0.160967 0.33604 0.0522716 0.0412242
28 0.516854 0.118988 0.0468979 0.0643348
12 0.505129 0.691755 0.0371275 0.110556
29 0.157303 0.272642 0.0381045 0.0630856
25 0.583293 0.533417 0.0439668 0.0562149
25 0.545921 0.339788 0.0552027 0.0474703
34 0.179043 0.126483 0.0346849 0.0868207
18 0.130923 0.669582 0.049829 0.0999375
