19 0.222172 0.766361 0.0780969 0.065445
4 0.527379 0.604058 0.032316 0.0445026
21 0.374327 0.718259 0.018851 0.0647906
17 0.500898 0.57199 0.0314183 0.052356
17 0.334156 0.59555 0.0255835 0.0562827
35 0.175943 0.432592 0.0359066 0.078534
23 0.30947 0.72644 0.0273788 0.0575916
7 0.131957 0.583442 0.0224417 0.0569372
13 0.248654 0.420157 0.0691203 0.0759162
32 0.29825 0.597513 0.0327648 0.0602094
19 0.243268 0.760798 0.0368043 0.072644
11 0.225987 0.549084 0.0273788 0.0327225
7 0.0935817 0.591296 0.0192998 0.0517016
4 0.404174 0.606675 0.0282765 0.0431937
7 0.117819 0.589005 0.0300718 0.0510471
2 0.812612 0.587369 0.0363555 0.072644
25 0.446813 0.594568 0.0363555 0.0582461
2 0.737208 0.595877 0.0444345 0.0674084
11 0.265934 0.545812 0.0318671 0.0379581
13 0.327648 0.441754 0.0529623 0.0549738
11 0.223519 0.582788 0.0305206 0.0346859
23 0.441876 0.719895 0.0264811 0.0680628
7 0.102334 0.590969 0.0287253 0.0536649
17 0.365126 0.578207 0.0246858 0.0556283
20 0.41719 0.747382 0.0210952 0.0732984
31 0.563959 0.594241 0.0318671 0.0562827
25 0.75763 0.204516 0.0368043 0.109293
35 0.397442 0.200916 0.0803411 0.106021
25 0.175943 0.430628 0.0314183 0.0798429
13 0.278725 0.416558 0.0332136 0.0687173
10 0.815754 0.443717 0.0534111 0.0602094
24 0.692549 0.4375 0.0547576 0.0503927
23 0.281867 0.751963 0.0278276 0.078534
25 0.333259 0.598495 0.0291741 0.0582461
8 0.930431 0.192408 0.0736086 0.125654
9 0.813734 0.443063 0.0520646 0.0615183
14 0.466562 0.415903 0.0300718 0.0765707
33 0.804309 0.763089 0.0233393 0.0798429
36 0.236984 0.416885 0.0439856 0.0824607
25 0.176167 0.594568 0.0300718 0.0634817
5 0.739004 0.76178 0.0219928 0.0863874
11 0.260772 0.593259 0.0278276 0.0477749
25 0.782316 0.203534 0.056553 0.10733
21 0.524461 0.735275 0.0157092 0.0660995
20 0.588645 0.760471 0.0246858 0.0798429
21 0.504264 0.745092 0.0192998 0.0700262
1 0.611086 0.581152 0.0435368 0.0510471
29 0.143402 0.41983 0.0273788 0.0739529
35 0.472621 0.203207 0.0412926 0.100131
30 0.695916 0.744437 0.0201975 0.100131
3 0.88465 0.60733 0.0691203 0.0719895
9 0.867594 0.427356 0.0556553 0.0850785
26 0.508303 0.433246 0.0516158 0.0693717
35 0.337522 0.197644 0.035009 0.11911
26 0.574057 0.408377 0.051167 0.0863874
35 0.42684 0.194372 0.0278276 0.111257
18 0.202424 0.768325 0.0368043 0.0719895
9 0.924596 0.403796 0.0502693 0.0942408
29 0.10368 0.426047 0.0439856 0.078534
21 0.473519 0.757853 0.024237 0.0798429
21 0.351885 0.748691 0.0233393 0.0837696
25 0.0664273 0.184228 0.045781 0.138089
18 0.15956 0.761453 0.0327648 0.0752618
12 0.62096 0.727749 0.0228905 0.0628272
1 0.653052 0.60962 0.0421903 0.059555
28 0.591338 0.202225 0.0525135 0.106021
25 0.65395 0.209424 0.0601436 0.0942408
28 0.710952 0.204188 0.045781 0.106021
35 0.378591 0.200262 0.0345601 0.115183
25 0.751347 0.439136 0.0610413 0.0680628
18 0.112882 0.767343 0.0444345 0.0739529
20 0.559919 0.760798 0.0264811 0.0778796
25 0.207585 0.195353 0.0399461 0.122382
25 0.930431 0.192736 0.072711 0.128927
12 0.647666 0.733639 0.02693 0.0706806
8 0.85368 0.198298 0.0691203 0.128272
35 0.298025 0.198953 0.037702 0.120419
34 0.166517 0.192081 0.0359066 0.127618
28 0.530296 0.196335 0.0498205 0.111257
34 0.120063 0.192408 0.0435368 0.124346
34 0.252469 0.195353 0.0408438 0.125
