25 0.561661 0.207044 0.0397317 0.0664911
27 0.114035 0.681369 0.0495356 0.0447663
17 0.455624 0.592166 0.0526316 0.0493746
26 0.517286 0.388084 0.0479876 0.0322581
17 0.352941 0.723173 0.0340557 0.0717577
16 0.614551 0.415076 0.0330237 0.078341
26 0.568885 0.380513 0.0448916 0.0487163
34 0.673633 0.403555 0.0448916 0.0566162
36 0.184469 0.364714 0.0356037 0.046083
28 0.404283 0.232719 0.0417957 0.0651745
6 0.127451 0.592166 0.0433437 0.0520079
8 0.878225 0.756419 0.0629515 0.104016
25 0.560113 0.431205 0.0593395 0.0329164
25 0.314499 0.540487 0.0325077 0.0513496
28 0.406347 0.150757 0.0665635 0.0368664
28 0.613003 0.240619 0.0433437 0.0678078
28 0.69582 0.218236 0.0665635 0.0348914
21 0.441176 0.724161 0.0402477 0.0855826
8 0.694788 0.218236 0.0665635 0.036208
25 0.643963 0.767939 0.0732714 0.0678078
2 0.564757 0.595787 0.109907 0.0302831
28 0.657895 0.210994 0.0392157 0.036208
28 0.551084 0.262014 0.0650155 0.034233
28 0.160733 0.206057 0.0386997 0.100066
28 0.211558 0.19684 0.0412797 0.107966
25 0.787926 0.533575 0.101135 0.0414747
20 0.542828 0.701119 0.0257998 0.0697827
16 0.202012 0.612574 0.0717234 0.0335747
34 0.243292 0.181698 0.0170279 0.0855826
18 0.77193 0.394997 0.0340557 0.0671494
36 0.359391 0.102699 0.0593395 0.0487163
26 0.518834 0.370639 0.0417957 0.0447663
20 0.410991 0.576037 0.0314757 0.0724161
28 0.358875 0.105662 0.0603715 0.0427913
5 0.830237 0.73996 0.0216718 0.0882159
1 0.457946 0.593812 0.0510836 0.0500329
28 0.417699 0.170178 0.0686275 0.0388413
28 0.655573 0.166557 0.0727554 0.0355497
11 0.226522 0.563529 0.0361197 0.042133
13 0.401445 0.382488 0.0361197 0.0684661
35 0.404799 0.236011 0.0438596 0.0664911
30 0.691692 0.732061 0.0232198 0.113232
17 0.306502 0.736011 0.0392157 0.084266
18 0.735036 0.412772 0.0407637 0.0658328
36 0.0833333 0.443384 0.0841073 0.0454246
14 0.296698 0.416063 0.0309598 0.076366
28 0.559856 0.212969 0.0402477 0.0546412
25 0.51161 0.42923 0.0603715 0.0408163
25 0.654025 0.163594 0.0706914 0.0388413
25 0.55805 0.773864 0.0603715 0.0691244
13 0.284572 0.186965 0.0510836 0.0882159
5 0.744582 0.704411 0.0206398 0.0789993
18 0.176729 0.727781 0.0376677 0.0717577
25 0.46517 0.242594 0.0583075 0.0638578
20 0.507482 0.548058 0.0263158 0.0730744
8 0.832817 0.224819 0.0485036 0.0888743
29 0.297214 0.420013 0.0299278 0.076366
30 0.648865 0.685978 0.0190918 0.0908492
25 0.612229 0.24029 0.0469556 0.0684661
12 0.543602 0.700132 0.0273478 0.074391
29 0.0926213 0.146149 0.0438596 0.0710994
25 0.774252 0.756419 0.0304438 0.115866
29 0.0792054 0.379855 0.0386997 0.076366
34 0.211816 0.201448 0.0428277 0.101382
25 0.272704 0.254115 0.102683 0.0329164
20 0.513674 0.703752 0.0242518 0.076366
28 0.51677 0.201448 0.0417957 0.0592495
29 0.126161 0.386768 0.0376677 0.0836076
21 0.816047 0.398288 0.0294118 0.076366
36 0.113519 0.683344 0.0495356 0.0473996
29 0.230392 0.406517 0.0500516 0.0796577
12 0.615583 0.687623 0.0247678 0.0717577
21 0.418989 0.743252 0.0330237 0.0855826
35 0.351135 0.201119 0.0490196 0.0704411
21 0.452528 0.715273 0.0237358 0.0730744
18 0.223684 0.76366 0.0417957 0.0473996
25 0.172859 0.430876 0.0464396 0.0585912
25 0.444014 0.397959 0.0428277 0.0967742
21 0.614809 0.409151 0.0345717 0.0862409
24 0.877193 0.75609 0.0660475 0.0980908
21 0.0823013 0.575049 0.0314757 0.082291
18 0.707172 0.556945 0.0490196 0.0737327
25 0.113777 0.753785 0.0686275 0.0605662
34 0.0415377 0.191244 0.0448916 0.125741
