14 0.44795 0.398189 0.0977918 0.0568395
19 0.276814 0.624922 0.0473186 0.0455965
18 0.275631 0.624922 0.0449527 0.0468457
13 0.417587 0.391943 0.0449527 0.0618364
16 0.336751 0.503435 0.0347003 0.051218
9 0.5903 0.39975 0.0481073 0.0474703
4 0.37776 0.501874 0.0347003 0.054341
27 0.587539 0.402561 0.044164 0.0505934
29 0.188486 0.403498 0.0410095 0.0562149
29 0.110016 0.405372 0.10489 0.0537164
7 0.190063 0.510618 0.0694006 0.0580887
23 0.330836 0.620237 0.0481073 0.0562149
19 0.33123 0.620237 0.0488959 0.0537164
1 0.582019 0.513117 0.0851735 0.054341
24 0.643533 0.405996 0.0504732 0.0449719
18 0.116325 0.62742 0.0954259 0.0505934
23 0.386435 0.625234 0.0488959 0.0487196
16 0.378155 0.502498 0.0339117 0.0518426
10 0.76735 0.400687 0.0567823 0.0443473
32 0.338328 0.504685 0.0378549 0.0524672
14 0.41877 0.393192 0.044164 0.0605871
31 0.514196 0.505934 0.033123 0.0549656
31 0.470426 0.508745 0.0339117 0.0505934
11 0.295741 0.497502 0.0362776 0.0418488
4 0.471215 0.513117 0.0339117 0.0505934
33 0.826498 0.628982 0.0299685 0.051218
9 0.766956 0.398189 0.0591483 0.0505934
28 0.635252 0.280762 0.0481073 0.0630856
11 0.254732 0.499063 0.0378549 0.0424735
1 0.606467 0.513429 0.044164 0.0499688
3 0.727129 0.521549 0.0914826 0.0524672
7 0.153785 0.50812 0.0362776 0.0480949
7 0.11317 0.502498 0.0402208 0.0468457
36 0.188486 0.403186 0.044164 0.0568395
5 0.748423 0.627733 0.022082 0.0524672
13 0.301262 0.397564 0.0520505 0.0605871
6 0.201104 0.509369 0.0457413 0.0605871
35 0.406546 0.289194 0.035489 0.0574641
36 0.241719 0.402873 0.0528391 0.0662086
26 0.531151 0.401624 0.0496845 0.0562149
18 0.229101 0.626171 0.0417981 0.0480949
13 0.358044 0.39569 0.0504732 0.0630856
24 0.70623 0.406621 0.057571 0.0449719
2 0.866325 0.527483 0.136435 0.054341
30 0.703076 0.613679 0.0228707 0.0693317
26 0.474369 0.405372 0.0528391 0.0549656
17 0.42153 0.517177 0.04653 0.0562149
35 0.451498 0.279825 0.0512618 0.0749532
9 0.875789 0.394753 0.0654574 0.0724547
1 0.557177 0.514054 0.0481073 0.051218
20 0.521688 0.62867 0.0323344 0.0480949
29 0.0812303 0.406309 0.0488959 0.054341
12 0.596215 0.621487 0.0299685 0.0574641
8 0.818218 0.270456 0.068612 0.0737039
21 0.478312 0.6193 0.0339117 0.0468457
35 0.303628 0.279825 0.0504732 0.0749532
35 0.360016 0.285447 0.0512618 0.0649594
20 0.552839 0.626171 0.0268139 0.0493442
29 0.140773 0.404435 0.0449527 0.054341
28 0.685726 0.278264 0.0481073 0.0680825
28 0.745662 0.277327 0.0559937 0.0712055
18 0.185726 0.62742 0.0433754 0.0480949
21 0.439669 0.617739 0.0323344 0.0449719
28 0.51459 0.282948 0.0528391 0.0637102
34 0.0390379 0.277951 0.0386435 0.0749532
28 0.576498 0.282011 0.0599369 0.0680825
8 0.886041 0.268582 0.0591483 0.0749532
18 0.139984 0.628045 0.0417981 0.0518426
18 0.0926656 0.630543 0.04653 0.0505934
34 0.246057 0.278576 0.0520505 0.0762024
34 0.190852 0.278264 0.0488959 0.0755778
34 0.0883281 0.276077 0.0520505 0.0824485
34 0.14235 0.275141 0.04653 0.0818239
