34 0.414391 0.578291 0.0263767 0.0436681
34 0.515733 0.567062 0.0273022 0.0374298
25 0.429662 0.369308 0.0291532 0.0474111
23 0.354234 0.81597 0.0365571 0.0686213
33 0.870893 0.83874 0.0212864 0.0842171
13 0.586303 0.209295 0.0416474 0.0592639
10 0.54211 0.415159 0.0495141 0.0605115
28 0.484267 0.121023 0.0569181 0.0449158
23 0.303332 0.764504 0.0291532 0.0779788
25 0.132809 0.397692 0.0434984 0.0767311
17 0.60782 0.582346 0.0319297 0.0455396
35 0.298704 0.170306 0.0328552 0.0573924
21 0.464368 0.800374 0.0254512 0.0511541
34 0.712864 0.41204 0.0374826 0.0792264
36 0.178852 0.378353 0.0356317 0.0555209
16 0.272096 0.591079 0.0407219 0.0393013
28 0.665895 0.185901 0.0212864 0.0798503
28 0.381768 0.115721 0.0777418 0.0492826
35 0.441 0.2068 0.0259139 0.0642545
8 0.714253 0.409233 0.0365571 0.0823456
11 0.317214 0.560512 0.0495141 0.0480349
17 0.46807 0.597318 0.0485886 0.0542732
8 0.716104 0.132252 0.0578436 0.0474111
10 0.667746 0.395196 0.0472004 0.0517779
36 0.0934752 0.326575 0.0647848 0.0480349
29 0.287136 0.325016 0.0384081 0.0761073
7 0.0832948 0.583593 0.0342434 0.0605115
6 0.140907 0.54398 0.0411846 0.0424205
26 0.586765 0.213662 0.0444239 0.0605115
4 0.228135 0.613537 0.0314669 0.0617592
25 0.206386 0.438553 0.0777418 0.0374298
9 0.667746 0.394573 0.0453494 0.0492826
34 0.308653 0.216469 0.0499769 0.0511541
28 0.758214 0.199002 0.0384081 0.0798503
9 0.542804 0.412352 0.0527534 0.0611354
34 0.149236 0.178727 0.0402591 0.110418
35 0.621703 0.775421 0.0282277 0.0723643
28 0.402823 0.105427 0.0698751 0.0411728
16 0.22721 0.615721 0.0296159 0.0586401
14 0.287136 0.326263 0.0356317 0.073612
3 0.908376 0.611354 0.0462749 0.0723643
13 0.376909 0.342171 0.0485886 0.0854648
35 0.519204 0.19869 0.0249884 0.0779788
2 0.785053 0.609794 0.080981 0.0842171
7 0.122397 0.608858 0.0421101 0.0511541
28 0.691578 0.775733 0.0328552 0.0455396
35 0.243637 0.111978 0.0411846 0.0492826
25 0.84012 0.753899 0.110597 0.0505303
36 0.222814 0.382096 0.0439611 0.0580162
5 0.790838 0.821585 0.0231374 0.0985652
35 0.483341 0.21179 0.0356317 0.0630069
30 0.730449 0.799127 0.0217492 0.1335
8 0.813281 0.217093 0.0578436 0.0399251
28 0.702915 0.207735 0.0472004 0.062383
20 0.575659 0.812851 0.0249884 0.102308
9 0.896344 0.394261 0.0564553 0.0910792
28 0.482416 0.735496 0.0513651 0.069869
29 0.0629338 0.404866 0.0434984 0.0748596
13 0.331791 0.405178 0.0509024 0.0867124
6 0.179547 0.603244 0.0360944 0.0711167
13 0.277881 0.408609 0.0504396 0.077355
25 0.485423 0.391765 0.0453494 0.108546
9 0.83503 0.389894 0.0513651 0.0910792
18 0.221657 0.814722 0.0388709 0.0786026
28 0.549283 0.193075 0.0268394 0.0917031
8 0.875521 0.188709 0.0573808 0.099189
18 0.771402 0.411728 0.0536789 0.069869
36 0.178621 0.749532 0.0490514 0.0704928
12 0.546044 0.809732 0.0286904 0.111042
21 0.276724 0.806613 0.0249884 0.0960699
18 0.17515 0.824704 0.0439611 0.0686213
18 0.720963 0.612601 0.0425729 0.0848409
34 0.0446553 0.181847 0.0448866 0.099189
18 0.124248 0.81753 0.0421101 0.0929507
25 0.632578 0.193075 0.0462749 0.0979414
12 0.655946 0.768559 0.0254512 0.0860886
24 0.921564 0.835309 0.0680241 0.101061
18 0.0770477 0.824392 0.0439611 0.095446
34 0.197594 0.186213 0.0416474 0.105427
34 0.248265 0.194011 0.0504396 0.0873362
34 0.0981027 0.181847 0.0472004 0.105427
