20 0.583995 0.826472 0.0277778 0.106396
17 0.51455 0.621913 0.0352734 0.0595313
11 0.30776 0.632046 0.0908289 0.0595313
4 0.377866 0.628562 0.0335097 0.0550982
19 0.321869 0.825839 0.0396825 0.0962635
28 0.3944 0.0816973 0.0621693 0.060798
21 0.436949 0.824256 0.0652557 0.0968968
16 0.378086 0.630779 0.0348325 0.0519316
9 0.597002 0.40247 0.0537919 0.0664978
35 0.316578 0.131729 0.0388007 0.0519316
34 0.232363 0.154212 0.0943563 0.0981634
16 0.336861 0.629829 0.0361552 0.069031
28 0.546296 0.158328 0.0925926 0.0949968
23 0.323633 0.823939 0.0405644 0.0975301
11 0.256614 0.632362 0.0890653 0.0639645
19 0.279762 0.833439 0.0436508 0.102597
8 0.722222 0.0870804 0.0555556 0.0512983
8 0.856922 0.153895 0.0313051 0.0924636
20 0.59612 0.808423 0.0167549 0.0880304
17 0.440697 0.639329 0.0286596 0.0576314
27 0.598765 0.40437 0.0537919 0.0652312
32 0.33664 0.630779 0.0365961 0.0696643
17 0.425926 0.641545 0.0458554 0.0620646
10 0.781746 0.40437 0.0546737 0.0639645
17 0.475529 0.611146 0.0295414 0.0747308
28 0.81261 0.11083 0.042328 0.0582647
14 0.406746 0.409436 0.0445326 0.0842305
1 0.645723 0.615579 0.0507055 0.0633312
26 0.473104 0.403103 0.0485009 0.0842305
8 0.814594 0.181444 0.0551146 0.0550982
4 0.511905 0.620013 0.0352734 0.0519316
28 0.414683 0.0683977 0.090388 0.0493984
35 0.479718 0.157695 0.0308642 0.0924636
31 0.54784 0.617163 0.0260141 0.0614313
9 0.780203 0.405003 0.0551146 0.0702977
24 0.656305 0.408486 0.0507055 0.0557315
7 0.123016 0.619063 0.0388007 0.0715643
34 0.326499 0.169728 0.04806 0.0683977
28 0.575838 0.161178 0.0529101 0.10323
11 0.28351 0.633312 0.0396825 0.0582647
9 0.839727 0.393604 0.04806 0.0854971
20 0.571869 0.837239 0.0282187 0.10513
26 0.535935 0.40057 0.0542328 0.0829639
9 0.902778 0.390754 0.0551146 0.10513
30 0.732804 0.810956 0.0255732 0.146295
2 0.773369 0.615263 0.113757 0.10323
13 0.350309 0.400887 0.0462963 0.100063
5 0.794974 0.828689 0.0229277 0.123496
1 0.586861 0.616529 0.0467372 0.0715643
7 0.0787037 0.622229 0.037478 0.0715643
28 0.700176 0.171311 0.0511464 0.0715643
28 0.638007 0.167828 0.0440917 0.0835972
3 0.881614 0.617479 0.10097 0.0873971
24 0.715608 0.39582 0.0599647 0.0671311
20 0.539462 0.828689 0.0286596 0.105763
11 0.234568 0.631096 0.0405644 0.069031
21 0.450838 0.828056 0.0180776 0.09943
35 0.411376 0.162128 0.0432099 0.0937302
13 0.297399 0.398987 0.0498236 0.100063
23 0.369709 0.825522 0.0445326 0.0956301
6 0.183201 0.627612 0.0401235 0.0886637
8 0.903439 0.154528 0.0546737 0.103863
18 0.230159 0.838822 0.0414462 0.0943635
18 0.140653 0.839455 0.0405644 0.0968968
21 0.478836 0.821723 0.0299824 0.100697
28 0.758598 0.162761 0.0489418 0.0949968
29 0.132055 0.39677 0.0365961 0.09943
12 0.64881 0.819823 0.0304233 0.115896
33 0.87015 0.841039 0.0268959 0.117796
36 0.23567 0.39582 0.0515873 0.10513
28 0.522046 0.157061 0.0432099 0.10893
34 0.205467 0.155161 0.0440917 0.103863
18 0.185847 0.839772 0.042769 0.10133
29 0.0784832 0.390754 0.0555556 0.10513
18 0.0965608 0.841989 0.0449735 0.10323
36 0.176808 0.405636 0.0485009 0.100697
34 0.258598 0.158011 0.0498236 0.0956301
21 0.421737 0.827106 0.0304233 0.0975301
34 0.0465168 0.151995 0.0445326 0.10513
34 0.151455 0.145029 0.04806 0.119063
34 0.0987654 0.148828 0.0493827 0.113996
