9 0.580869 0.359617 0.0488351 0.0735931
25 0.24664 0.592146 0.046147 0.0575139
22 0.391801 0.848485 0.0542115 0.137291
10 0.90009 0.369511 0.0591398 0.0711194
25 0.328405 0.110699 0.0322581 0.0568955
4 0.488799 0.605442 0.0367384 0.0568955
19 0.391801 0.849413 0.0560036 0.136673
10 0.773297 0.37786 0.0510753 0.0507112
31 0.53405 0.603278 0.0331541 0.0500928
16 0.489471 0.60637 0.0362903 0.0562771
19 0.168459 0.850649 0.047491 0.126778
9 0.773297 0.380643 0.0510753 0.0500928
18 0.21147 0.754484 0.047491 0.0890538
25 0.179884 0.353741 0.0524194 0.0803958
24 0.633513 0.391466 0.0501792 0.0457638
20 0.511873 0.84261 0.0353943 0.123067
8 0.0813172 0.127706 0.0407706 0.0723562
19 0.279122 0.849103 0.0519713 0.127396
26 0.47155 0.354051 0.0380824 0.0748299
25 0.692876 0.594001 0.0353943 0.0401979
21 0.548835 0.836735 0.0295699 0.111317
35 0.186604 0.35436 0.0595878 0.0816327
25 0.568996 0.135745 0.0546595 0.0525665
1 0.640457 0.603896 0.0551075 0.0538033
5 0.719534 0.814471 0.0241935 0.174397
23 0.392025 0.848485 0.0564516 0.133581
20 0.579301 0.809215 0.0206093 0.106988
9 0.832213 0.368893 0.0613799 0.0735931
27 0.582213 0.360853 0.0479391 0.0735931
18 0.120072 0.763451 0.0385305 0.104515
3 0.874552 0.601732 0.0698925 0.0692641
25 0.430108 0.366419 0.047491 0.0538033
2 0.77733 0.603587 0.0887097 0.0705009
25 0.124552 0.124613 0.0340502 0.0760668
25 0.0712366 0.352505 0.046595 0.0791589
25 0.0819892 0.124613 0.0403226 0.0760668
25 0.852151 0.114409 0.137097 0.107607
26 0.370072 0.350959 0.0555556 0.0896722
3 0.907482 0.60235 0.0990143 0.0667903
18 0.168459 0.853123 0.0501792 0.126778
21 0.447581 0.80705 0.0215054 0.121212
1 0.583557 0.604824 0.0479391 0.0581323
20 0.549731 0.841064 0.0304659 0.113791
36 0.248208 0.348485 0.0519713 0.0958565
25 0.633513 0.386827 0.0546595 0.0426716
25 0.284498 0.112245 0.0456989 0.0921459
25 0.520385 0.361163 0.0506272 0.0766852
25 0.90009 0.368584 0.0609319 0.0705009
25 0.741935 0.13389 0.0501792 0.0525665
5 0.798387 0.833952 0.0268817 0.136673
7 0.0757168 0.576994 0.0448029 0.0680272
29 0.126792 0.347248 0.0510753 0.0896722
25 0.130824 0.588126 0.0456989 0.0705009
6 0.192652 0.589054 0.0456989 0.0822511
25 0.374328 0.109771 0.0452509 0.0575139
24 0.710125 0.376005 0.0689964 0.0531849
25 0.680556 0.116574 0.0349462 0.0921459
30 0.71931 0.813544 0.0246416 0.18491
11 0.298835 0.570501 0.0421147 0.0686456
33 0.870296 0.839518 0.0264337 0.119357
25 0.622984 0.107297 0.0479391 0.106988
25 0.173163 0.109771 0.047043 0.0946197
25 0.509185 0.109153 0.0425627 0.0995671
25 0.226927 0.11039 0.0488351 0.0970934
12 0.638889 0.824985 0.0340502 0.133581
25 0.310708 0.356834 0.0560036 0.0729746
21 0.474462 0.800557 0.0250896 0.120594
25 0.889561 0.106988 0.0739247 0.121212
25 0.811604 0.121521 0.0667563 0.0871985
18 0.0562276 0.848176 0.0542115 0.115646
