35 0.416087 0.170578 0.0254984 0.0836342
18 0.199815 0.712696 0.0417246 0.0547533
9 0.585304 0.380566 0.0533148 0.0499398
5 0.712564 0.788207 0.0231803 0.144404
17 0.486555 0.596871 0.041261 0.0529483
11 0.270978 0.558664 0.0356977 0.0270758
2 0.716504 0.591155 0.0375522 0.0836342
28 0.694947 0.190734 0.0982847 0.0613718
34 0.037784 0.149519 0.0301344 0.120939
28 0.591794 0.176294 0.0727863 0.078219
26 0.51924 0.388387 0.0445063 0.0728038
24 0.634446 0.40373 0.0440427 0.0541516
16 0.371813 0.59627 0.0278164 0.0433213
4 0.485165 0.59627 0.0394066 0.055355
34 0.151831 0.155836 0.0523876 0.113117
16 0.485628 0.596871 0.0394066 0.0529483
18 0.125637 0.755415 0.0315253 0.0716005
25 0.230181 0.598375 0.041261 0.0487365
25 0.0632823 0.147112 0.02828 0.143803
36 0.232731 0.369735 0.0315253 0.0523466
2 0.705146 0.590854 0.0222531 0.0770156
25 0.388734 0.404633 0.0431154 0.0619735
9 0.883171 0.397714 0.0509968 0.0673887
30 0.712564 0.788207 0.0222531 0.146811
25 0.672694 0.580626 0.0287436 0.0433213
23 0.25962 0.786402 0.0426518 0.0974729
1 0.629115 0.587244 0.0454335 0.055355
31 0.533611 0.588749 0.0333797 0.0595668
19 0.351878 0.783694 0.0482151 0.100481
18 0.168753 0.790915 0.0426518 0.0956679
19 0.260315 0.7858 0.0449699 0.0998797
25 0.336579 0.597473 0.0380158 0.0734055
25 0.535466 0.588448 0.0324525 0.0613718
2 0.758924 0.587846 0.0982847 0.0830325
35 0.442049 0.173887 0.0384794 0.0830325
13 0.341446 0.391396 0.0458971 0.0920578
35 0.400788 0.173586 0.0264256 0.0836342
26 0.474733 0.377858 0.0296708 0.0770156
26 0.437413 0.393201 0.0301344 0.0728038
29 0.0968938 0.389892 0.0361613 0.0914561
8 0.833797 0.164862 0.0319889 0.102286
23 0.353268 0.783995 0.0482151 0.0950662
18 0.124942 0.731949 0.0384794 0.0800241
7 0.0792768 0.587244 0.0370886 0.0613718
25 0.520399 0.387786 0.0468243 0.0728038
9 0.805749 0.37515 0.043579 0.0968712
24 0.716736 0.399819 0.0862309 0.0631769
35 0.301344 0.163959 0.043579 0.104091
28 0.721836 0.193742 0.0472879 0.0601685
6 0.181734 0.601685 0.0398702 0.0637786
5 0.787204 0.806258 0.0241076 0.113117
34 0.103848 0.174188 0.0445063 0.0788207
25 0.0598053 0.396209 0.0370886 0.0740072
1 0.57835 0.590554 0.0440427 0.0716005
28 0.576032 0.161252 0.0394066 0.0661853
25 0.281409 0.396209 0.0472879 0.0740072
11 0.280482 0.598676 0.0407974 0.0445247
25 0.63491 0.405235 0.0505331 0.0547533
25 0.126101 0.591155 0.038943 0.0643803
25 0.349096 0.175692 0.0370886 0.0806258
28 0.664349 0.182611 0.0463607 0.0728038
20 0.555401 0.805656 0.0324525 0.108303
21 0.397079 0.758424 0.0217895 0.0908544
8 0.879462 0.179001 0.0482151 0.0944645
21 0.448076 0.794525 0.0264256 0.119735
28 0.504172 0.171781 0.0347705 0.0908544
28 0.61822 0.178099 0.0394066 0.0806258
21 0.419796 0.776474 0.0217895 0.100481
25 0.154845 0.401324 0.0305981 0.0722022
20 0.519703 0.805656 0.0315253 0.109507
3 0.873204 0.587545 0.113584 0.0860409
25 0.781409 0.18231 0.0588781 0.078219
18 0.079045 0.786402 0.0458971 0.0842359
34 0.206073 0.163057 0.0431154 0.108303
33 0.8535 0.805054 0.0250348 0.111913
12 0.635837 0.788809 0.0301344 0.120337
25 0.154381 0.152527 0.0463607 0.119735
25 0.255216 0.167268 0.0431154 0.0986763
21 0.476124 0.768652 0.0278164 0.0872443
