17 0.432187 0.550499 0.025788 0.0573566
10 0.611987 0.361596 0.0501433 0.0673317
11 0.20893 0.548628 0.0434575 0.0835411
4 0.436724 0.550187 0.0234002 0.0517456
17 0.523161 0.565461 0.0377268 0.0623441
32 0.357927 0.557668 0.0396371 0.0592269
28 0.626074 0.135287 0.100287 0.0935162
27 0.610554 0.363466 0.0472779 0.0685786
16 0.358405 0.558292 0.0396371 0.0604738
28 0.721824 0.13404 0.0262655 0.0922693
9 0.61127 0.363466 0.0477555 0.0673317
14 0.421681 0.341022 0.0391595 0.0910224
23 0.332139 0.747818 0.0415473 0.0928928
19 0.332617 0.747195 0.0396371 0.0916459
34 0.331662 0.133728 0.0425024 0.0916459
10 0.803247 0.368454 0.0582617 0.0511222
16 0.395415 0.560474 0.0305635 0.0498753
9 0.803964 0.366272 0.0558739 0.0604738
11 0.25979 0.562968 0.0420248 0.0486284
9 0.858883 0.351933 0.0539637 0.0791771
28 0.695081 0.136222 0.0253104 0.0841646
31 0.564231 0.562968 0.0310411 0.0610973
4 0.523161 0.561097 0.0396371 0.0623441
13 0.316619 0.347257 0.052531 0.0810474
24 0.668099 0.365648 0.0620821 0.0517456
28 0.535817 0.129052 0.0477555 0.0922693
17 0.473496 0.562968 0.0453677 0.0710723
1 0.660697 0.56889 0.0549188 0.0679551
35 0.480659 0.129052 0.0434575 0.0935162
7 0.0986151 0.545511 0.0444126 0.0685786
23 0.378701 0.747506 0.0468004 0.0935162
9 0.920726 0.350374 0.0534861 0.0860349
1 0.606734 0.567332 0.048233 0.063591
2 0.785578 0.548005 0.108883 0.0773067
5 0.815903 0.750935 0.0262655 0.104115
28 0.594795 0.138716 0.0510984 0.0804239
28 0.708214 0.134663 0.0420248 0.0885287
28 0.764565 0.140586 0.0448902 0.0829177
26 0.547517 0.350998 0.0549188 0.0910224
11 0.30659 0.55985 0.0410697 0.053616
33 0.881805 0.754676 0.0272206 0.0966334
36 0.256447 0.349127 0.0487106 0.0773067
35 0.427173 0.13404 0.0339064 0.0773067
26 0.482808 0.349127 0.0573066 0.0947631
3 0.906399 0.555175 0.111748 0.0804239
13 0.374881 0.343204 0.0496657 0.090399
30 0.744508 0.734414 0.0229226 0.139651
35 0.331184 0.133728 0.0453677 0.0841646
6 0.207975 0.545511 0.0415473 0.0860349
18 0.142073 0.753429 0.0434575 0.0991272
34 0.180038 0.123441 0.0324737 0.103491
7 0.153534 0.525249 0.0415473 0.0729426
24 0.73639 0.36409 0.0620821 0.0598504
29 0.14446 0.345075 0.0453677 0.0754364
29 0.0893028 0.343828 0.0534861 0.0829177
20 0.58978 0.760287 0.0286533 0.109102
35 0.385148 0.135287 0.0434575 0.0822943
34 0.137058 0.127494 0.0439351 0.0941397
12 0.664279 0.74813 0.0324737 0.105985
20 0.554441 0.760598 0.0315186 0.108479
36 0.202245 0.345698 0.0520535 0.0854115
8 0.901146 0.136222 0.0716332 0.102868
8 0.829035 0.132481 0.0582617 0.0991272
28 0.652101 0.130923 0.0472779 0.102244
18 0.190783 0.753117 0.0425024 0.0947631
34 0.0859599 0.13217 0.0410697 0.0897756
21 0.49618 0.745636 0.0334288 0.100998
18 0.238539 0.751247 0.0425024 0.0897756
21 0.456781 0.748753 0.0358166 0.0972569
34 0.226361 0.122818 0.0468004 0.108479
34 0.278415 0.124065 0.0458453 0.100998
18 0.0950334 0.754364 0.0448902 0.102244
