9 0.861165 0.363719 0.0534167 0.0878256
8 0.873677 0.363113 0.0380173 0.0890369
30 0.610683 0.756814 0.0230991 0.122956
2 0.74591 0.588431 0.0519731 0.0635978
13 0.354187 0.334343 0.0404235 0.0351302
3 0.863571 0.80103 0.0264678 0.108419
30 0.569297 0.743186 0.0173244 0.116293
13 0.497594 0.397638 0.0471607 0.0502726
36 0.185515 0.401272 0.0832531 0.0345245
28 0.349374 0.134464 0.0471607 0.0460327
26 0.498797 0.396426 0.0428296 0.0539067
25 0.602502 0.173228 0.0615977 0.0714718
35 0.31256 0.155663 0.0466795 0.0387644
5 0.566891 0.567232 0.0230991 0.0963053
17 0.395091 0.524531 0.0307988 0.0738946
25 0.65231 0.807995 0.0409047 0.0520896
21 0.38667 0.788916 0.0428296 0.0587523
29 0.147979 0.721381 0.0447546 0.075106
16 0.364533 0.602968 0.0428296 0.0381587
28 0.351299 0.155058 0.0471607 0.0436099
36 0.185756 0.365839 0.0625602 0.0520896
28 0.724735 0.765597 0.0702599 0.0363416
25 0.3359 0.377044 0.0423484 0.0405815
34 0.225457 0.730164 0.0563041 0.0623864
6 0.121511 0.536342 0.0341675 0.045427
35 0.439605 0.172017 0.0274302 0.0472441
36 0.241819 0.362508 0.0370549 0.0466384
25 0.0409047 0.593277 0.0490857 0.0599637
36 0.616217 0.519988 0.0409047 0.067232
25 0.874158 0.365536 0.0409047 0.0950939
25 0.858037 0.178377 0.0558229 0.0732889
9 0.798604 0.348274 0.047642 0.0545124
18 0.284167 0.801635 0.0322425 0.0660206
12 0.568335 0.564506 0.0211742 0.096911
13 0.426372 0.363113 0.0279115 0.0514839
18 0.600096 0.0926711 0.053898 0.0775288
23 0.384504 0.789219 0.0452358 0.0654149
29 0.0960058 0.357359 0.0226179 0.0860085
26 0.579644 0.320715 0.047642 0.0405815
30 0.597209 0.764991 0.0259865 0.116293
25 0.279836 0.103271 0.045717 0.0502726
17 0.438643 0.531193 0.0389798 0.0642035
25 0.546198 0.186856 0.0461983 0.0430042
26 0.63282 0.348577 0.0461983 0.0526953
20 0.533686 0.731678 0.0259865 0.0617807
25 0.77719 0.403695 0.0818094 0.0345245
25 0.0380173 0.533919 0.0519731 0.0381587
25 0.436237 0.814052 0.0409047 0.0666263
25 0.0688162 0.175954 0.039461 0.061175
36 0.183349 0.349485 0.0490857 0.053301
28 0.665063 0.148092 0.039461 0.0357359
20 0.517806 0.789219 0.0798845 0.037553
34 0.271896 0.187462 0.026949 0.0526953
30 0.619586 0.741672 0.0168431 0.125379
18 0.0401829 0.594791 0.0534167 0.0581466
35 0.618864 0.522411 0.0413859 0.0732889
21 0.425168 0.728044 0.0255053 0.0666263
24 0.73051 0.823138 0.109721 0.0763174
25 0.164341 0.167474 0.047642 0.0757117
29 0.204764 0.557238 0.0428296 0.0896426
20 0.502406 0.732586 0.0279115 0.0526953
8 0.853946 0.179588 0.0466795 0.0684434
18 0.600818 0.172017 0.0572666 0.0714718
34 0.244466 0.740763 0.0895091 0.0629921
18 0.0459577 0.71805 0.0553417 0.0866142
8 0.717757 0.142944 0.0591915 0.0956996
35 0.483638 0.522411 0.0346487 0.061175
25 0.0993744 0.600242 0.0514918 0.0520896
28 0.506737 0.136584 0.0481232 0.0393701
34 0.207411 0.17232 0.0240616 0.0708661
12 0.82435 0.798607 0.0307988 0.101151
25 0.236766 0.162023 0.0365736 0.101151
35 0.395813 0.159297 0.033205 0.037553
20 0.487247 0.614476 0.0880654 0.0442156
25 0.159769 0.0953967 0.0914341 0.0466384
29 0.130173 0.359782 0.0428296 0.0775288
25 0.909528 0.169897 0.0577478 0.0890369
34 0.115014 0.172926 0.0317613 0.0757117
29 0.0654475 0.363416 0.0346487 0.0835857
28 0.866217 0.570866 0.0490857 0.0539067
28 0.635707 0.598425 0.0577478 0.0629921
21 0.458133 0.735615 0.0327238 0.0623864
18 0.0644851 0.794064 0.0461983 0.0545124
18 0.164581 0.800424 0.0442733 0.067232
12 0.597209 0.764385 0.026949 0.111448
21 0.381376 0.710176 0.033205 0.0781345
8 0.717276 0.354936 0.0524543 0.0714718
21 0.364533 0.538159 0.0216554 0.0757117
18 0.224495 0.818595 0.0466795 0.0635978
28 0.902551 0.809812 0.045717 0.0884313
8 0.790183 0.171714 0.06641 0.0890369
