23 0.261854 0.595417 0.0293021 0.0634024
25 0.15024 0.165411 0.0277038 0.0922787
20 0.473895 0.583804 0.0229089 0.0426868
19 0.132126 0.596673 0.0436867 0.0684244
13 0.310602 0.345261 0.0394246 0.0564972
24 0.569259 0.349027 0.045285 0.0389203
26 0.467501 0.316384 0.0399574 0.0590082
2 0.645178 0.472379 0.0458178 0.0721908
34 0.173415 0.433145 0.0399574 0.0426868
32 0.272243 0.446642 0.0330314 0.0508475
9 0.755461 0.304457 0.0330314 0.0338983
8 0.709643 0.189266 0.0404901 0.0571249
28 0.632126 0.211551 0.0602024 0.0263653
31 0.464571 0.487131 0.0266383 0.0426868
34 0.150506 0.166667 0.0356953 0.0897677
21 0.473895 0.655367 0.0261055 0.0828625
28 0.493074 0.201507 0.043154 0.0376648
4 0.398508 0.512241 0.0319659 0.0414313
35 0.412893 0.186441 0.0319659 0.0652856
18 0.172616 0.58914 0.0319659 0.0709353
25 0.35642 0.201507 0.0404901 0.0276208
17 0.369206 0.495292 0.0426212 0.0364093
4 0.42781 0.505336 0.036228 0.0389203
35 0.285562 0.148148 0.0245072 0.0602637
26 0.475493 0.294727 0.0388918 0.0382925
35 0.324454 0.138732 0.0298348 0.0414313
14 0.380661 0.310107 0.0239744 0.0502197
17 0.358551 0.450722 0.0277038 0.0426868
35 0.374267 0.159448 0.0229089 0.0426868
28 0.58764 0.178908 0.0319659 0.0414313
31 0.461108 0.438795 0.0261055 0.0288763
36 0.135855 0.30791 0.036228 0.0659134
7 0.100426 0.436284 0.0399574 0.0451977
18 0.130527 0.597615 0.0415557 0.0652856
16 0.429409 0.503139 0.034097 0.0345261
35 0.35935 0.202134 0.045285 0.0263653
16 0.358018 0.450094 0.0277038 0.0376648
35 0.314598 0.195543 0.0399574 0.0533584
16 0.306074 0.462963 0.0282365 0.0546139
26 0.311135 0.348399 0.0383591 0.0527307
7 0.106819 0.482423 0.063399 0.0282486
25 0.577251 0.49027 0.0282365 0.0477087
25 0.633724 0.209353 0.0729888 0.0257376
35 0.35269 0.151601 0.0191795 0.0558694
25 0.777038 0.35091 0.0591369 0.0527307
34 0.283697 0.157564 0.0218434 0.0828625
25 0.213639 0.168236 0.0394246 0.0979284
1 0.541289 0.467985 0.034097 0.047081
25 0.709909 0.183302 0.0442195 0.0703076
7 0.133458 0.435656 0.02504 0.0451977
13 0.269845 0.319523 0.0388918 0.0615191
25 0.229089 0.478657 0.0404901 0.037037
33 0.697922 0.654112 0.0234417 0.0903955
9 0.684603 0.352793 0.0500799 0.0527307
8 0.750666 0.182674 0.036228 0.0627746
5 0.626532 0.653798 0.0223761 0.0947897
17 0.395312 0.448211 0.0319659 0.0477087
3 0.751465 0.489642 0.0889718 0.0828625
6 0.172349 0.431262 0.0388918 0.0426868
1 0.501598 0.480854 0.0378263 0.0539862
35 0.400639 0.186127 0.034097 0.0684244
20 0.445924 0.619586 0.0223761 0.0853735
25 0.544486 0.194288 0.0479489 0.0533584
25 0.176612 0.483679 0.0335642 0.0508475
26 0.417954 0.345888 0.0474161 0.0677966
28 0.629995 0.167294 0.0378263 0.0458255
21 0.386521 0.62963 0.0218434 0.0828625
30 0.580447 0.629943 0.0207778 0.107345
36 0.227757 0.307282 0.0356953 0.0659134
18 0.0863079 0.577527 0.0330314 0.0615191
20 0.473095 0.652856 0.0266383 0.0878845
29 0.0860416 0.35656 0.0516782 0.0439422
28 0.452051 0.15725 0.0388918 0.0408035
34 0.119073 0.155681 0.0218434 0.0954175
8 0.668087 0.154426 0.0372936 0.0590082
21 0.350293 0.655681 0.0207778 0.0922787
34 0.179275 0.169492 0.027171 0.08914
25 0.623601 0.347144 0.0548748 0.0564972
25 0.176345 0.337728 0.0394246 0.0740741
29 0.136388 0.308223 0.0372936 0.0703076
28 0.562866 0.138104 0.063399 0.0326428
28 0.491209 0.156309 0.0309004 0.0426868
34 0.253863 0.158192 0.0335642 0.0929065
34 0.084976 0.159448 0.0356953 0.084118
12 0.530368 0.619272 0.0282365 0.0797238
29 0.0956313 0.295982 0.0346297 0.0583804
