12 0.524347 0.509681 0.0215863 0.114928
34 0.623494 0.546846 0.0220884 0.0918176
24 0.649849 0.383198 0.0456827 0.0356027
7 0.227661 0.573704 0.062751 0.0306059
26 0.516064 0.37258 0.0983936 0.0568395
17 0.472892 0.527483 0.0351406 0.036852
28 0.715612 0.197064 0.0235944 0.0568395
27 0.601406 0.373517 0.0441767 0.051218
35 0.331074 0.194878 0.0276104 0.0599625
13 0.336847 0.365084 0.10241 0.076827
9 0.795432 0.374141 0.0406627 0.0549656
23 0.263554 0.741724 0.0461847 0.10431
5 0.623996 0.54747 0.0230924 0.0893192
20 0.551205 0.701437 0.0481928 0.0574641
4 0.492721 0.56371 0.0346386 0.0331043
2 0.934739 0.560587 0.0552209 0.0418488
12 0.792169 0.541224 0.0230924 0.0918176
28 0.876255 0.555278 0.060743 0.0524672
33 0.648845 0.547783 0.0215863 0.0849469
6 0.118976 0.516552 0.0281125 0.0437227
19 0.263554 0.743285 0.0461847 0.0986883
9 0.600402 0.374766 0.0431727 0.0499688
23 0.40261 0.704872 0.0321285 0.0793254
9 0.818022 0.37664 0.0426707 0.0537164
6 0.0870984 0.56371 0.0376506 0.0393504
11 0.229167 0.525921 0.0306225 0.0437227
34 0.317771 0.196752 0.0301205 0.0599625
20 0.532129 0.69925 0.0281125 0.0630856
3 0.868725 0.557776 0.059739 0.051218
6 0.163153 0.509994 0.0301205 0.0405996
18 0.141315 0.675203 0.0527108 0.0737039
14 0.439006 0.37133 0.0386546 0.0618364
5 0.792169 0.5406 0.0220884 0.0918176
13 0.365713 0.363835 0.0486948 0.0780762
28 0.583835 0.198626 0.0251004 0.0587133
28 0.650602 0.210181 0.0371486 0.0381012
35 0.318022 0.19644 0.0296185 0.0568395
12 0.381777 0.538413 0.0266064 0.0886946
28 0.609689 0.197377 0.0346386 0.0612117
35 0.438755 0.206433 0.0371486 0.0418488
23 0.313253 0.73985 0.0431727 0.0905684
30 0.659137 0.697377 0.0220884 0.114304
9 0.870231 0.364772 0.0476908 0.0637102
23 0.361446 0.751718 0.0441767 0.0918176
26 0.543424 0.372892 0.0456827 0.0574641
26 0.364458 0.366334 0.0471888 0.076827
20 0.595381 0.722673 0.0281125 0.0936914
30 0.526355 0.512492 0.0185743 0.121799
11 0.281626 0.519051 0.0491968 0.0487196
28 0.691767 0.198314 0.0361446 0.0605871
20 0.564257 0.702061 0.0240964 0.0674578
13 0.309488 0.364772 0.0456827 0.0774516
26 0.487199 0.37258 0.0406627 0.0593379
28 0.756777 0.198626 0.0426707 0.0599625
28 0.54242 0.197689 0.0416667 0.0568395
24 0.70758 0.381012 0.061747 0.0424735
35 0.371235 0.195503 0.0406627 0.0637102
20 0.5374 0.760462 0.0737952 0.0480949
12 0.630271 0.695815 0.0256024 0.0974391
18 0.141566 0.754216 0.061245 0.0618364
21 0.441767 0.73985 0.0261044 0.10431
21 0.414408 0.504372 0.0225904 0.0630856
36 0.209588 0.360712 0.0436747 0.0830731
36 0.259036 0.366958 0.0451807 0.0680825
35 0.480422 0.19644 0.0351406 0.0630856
29 0.159388 0.366334 0.0446787 0.0668332
21 0.475402 0.740787 0.0321285 0.0999375
18 0.0750502 0.763585 0.0507028 0.065584
34 0.108434 0.18426 0.0421687 0.0849469
34 0.279116 0.193629 0.0401606 0.0612117
34 0.149849 0.185509 0.0276104 0.0712055
18 0.0780623 0.693317 0.0456827 0.0737039
29 0.101155 0.363523 0.0476908 0.0787008
34 0.189257 0.183635 0.0381526 0.0811993
18 0.208835 0.752342 0.0552209 0.0793254
8 0.882028 0.183948 0.062249 0.0868207
8 0.814508 0.193004 0.061747 0.0699563
34 0.232932 0.190194 0.0381526 0.0730793
