7 0.0902662 0.586821 0.0507488 0.0343535
13 0.340266 0.463148 0.116473 0.0518426
10 0.618136 0.468145 0.0549085 0.0393504
16 0.31822 0.591818 0.0407654 0.036852
19 0.314476 0.710806 0.0515807 0.0562149
34 0.243344 0.337602 0.108985 0.0530918
21 0.462562 0.706121 0.0881864 0.0580887
28 0.571547 0.343535 0.113145 0.0462211
11 0.316972 0.593067 0.0399334 0.0356027
19 0.25624 0.713616 0.0549085 0.0530918
30 0.792013 0.710181 0.0266223 0.0749532
32 0.319052 0.592442 0.0424293 0.0381012
9 0.6198 0.467208 0.0515807 0.0374766
3 0.774542 0.600562 0.0732113 0.0293567
6 0.22213 0.59213 0.0432612 0.0374766
10 0.808236 0.467833 0.0590682 0.0349781
14 0.43802 0.461274 0.0457571 0.0530918
7 0.106073 0.586821 0.0407654 0.0430981
24 0.737521 0.473142 0.0757072 0.0318551
16 0.3802 0.57995 0.0349418 0.0493442
23 0.31406 0.711118 0.0540765 0.0580887
31 0.531198 0.579325 0.0374376 0.0593379
26 0.551581 0.466583 0.0499168 0.0437227
17 0.430532 0.585884 0.047421 0.0499688
9 0.806988 0.468457 0.0599002 0.0337289
36 0.249168 0.461899 0.047421 0.0530918
4 0.484609 0.583385 0.0407654 0.0537164
6 0.164309 0.591505 0.0490849 0.0462211
2 0.903494 0.602436 0.159734 0.0331043
9 0.917221 0.462523 0.0690516 0.0530918
28 0.664725 0.346034 0.0499168 0.039975
1 0.635191 0.582761 0.0574043 0.0524672
29 0.141015 0.465334 0.047421 0.0474703
13 0.374376 0.460337 0.0565724 0.0562149
36 0.194676 0.460962 0.0432612 0.0524672
11 0.269551 0.591505 0.0399334 0.0349781
13 0.312396 0.46065 0.0524126 0.054341
33 0.881448 0.717989 0.0257903 0.0555903
30 0.737521 0.69925 0.0224626 0.0805746
11 0.223378 0.590256 0.0440932 0.0374766
26 0.493344 0.466271 0.0532446 0.0455965
35 0.431364 0.344472 0.0374376 0.0455965
23 0.376456 0.71268 0.0540765 0.0587133
35 0.387271 0.340725 0.0507488 0.0480949
29 0.0798669 0.466271 0.0565724 0.0493442
35 0.478369 0.341037 0.0449251 0.0537164
28 0.599834 0.340725 0.0515807 0.0505934
35 0.328619 0.3401 0.0499168 0.0493442
5 0.792429 0.712992 0.0224626 0.0680825
18 0.193428 0.716427 0.0457571 0.0499688
28 0.717554 0.342911 0.0490849 0.0462211
20 0.566556 0.711118 0.031614 0.0580887
8 0.852745 0.338851 0.0698835 0.0530918
20 0.531198 0.713304 0.0357737 0.0562149
34 0.0528286 0.333542 0.0374376 0.0637102
18 0.144759 0.715178 0.046589 0.051218
28 0.777038 0.3401 0.0565724 0.0530918
18 0.0906822 0.71674 0.0515807 0.0505934
34 0.166805 0.331355 0.047421 0.0605871
18 0.0378536 0.718301 0.047421 0.0499688
34 0.269135 0.341037 0.0540765 0.0499688
34 0.213394 0.333229 0.0490849 0.0618364
28 0.544093 0.342598 0.0482529 0.0493442
8 0.920965 0.336665 0.0565724 0.0524672
12 0.618552 0.707995 0.0357737 0.0693317
21 0.482529 0.702998 0.0366057 0.0580887
1 0.579451 0.585884 0.0524126 0.0474703
21 0.437188 0.703935 0.0374376 0.0574641
34 0.107737 0.330418 0.0540765 0.0637102
