3 0.883675 0.479388 0.0430108 0.0505934
6 0.0796676 0.424422 0.0645161 0.0356027
25 0.663001 0.483136 0.0327468 0.0331043
13 0.254154 0.297939 0.0537634 0.0724547
19 0.313294 0.63554 0.0371457 0.0868207
28 0.19868 0.485946 0.068915 0.0437227
13 0.337488 0.29669 0.040567 0.0737039
14 0.41129 0.2995 0.0337243 0.0593379
22 0.313783 0.634291 0.0391007 0.0855715
2 0.714565 0.472205 0.0391007 0.0649594
16 0.383431 0.470643 0.0395894 0.0505934
17 0.382942 0.472205 0.0376344 0.0474703
2 0.693304 0.470956 0.0190616 0.0562149
26 0.336266 0.29669 0.0371457 0.0737039
33 0.790811 0.436602 0.0175953 0.0637102
31 0.518328 0.483448 0.0298143 0.0412242
6 0.184995 0.427545 0.0376344 0.0455965
4 0.471896 0.484697 0.0376344 0.0424735
20 0.495846 0.675515 0.0366569 0.0793254
11 0.265152 0.481574 0.0386119 0.039975
25 0.310362 0.46877 0.0342131 0.0680825
21 0.476295 0.614616 0.0171065 0.062461
10 0.70259 0.309806 0.0474096 0.0449719
6 0.26955 0.428795 0.042522 0.0455965
18 0.0696481 0.476577 0.0474096 0.0574641
18 0.228983 0.611805 0.0356794 0.0505934
25 0.196481 0.300437 0.0400782 0.062461
35 0.411535 0.12461 0.030303 0.0643348
11 0.12219 0.481886 0.0391007 0.054341
34 0.166422 0.116177 0.0190616 0.0787008
13 0.289589 0.285447 0.0366569 0.0737039
25 0.894184 0.127733 0.0395894 0.0818239
9 0.814516 0.293567 0.0454545 0.0699563
9 0.702102 0.311992 0.0454545 0.0443473
3 0.871212 0.660837 0.0640274 0.0936914
25 0.194282 0.112117 0.0356794 0.0868207
9 0.883187 0.300125 0.0430108 0.065584
17 0.422776 0.477514 0.0469208 0.054341
23 0.359726 0.658339 0.058651 0.0649594
34 0.241691 0.566833 0.0943304 0.0331043
8 0.861681 0.140537 0.0332356 0.0549656
35 0.472385 0.127108 0.0415445 0.065584
35 0.382698 0.123985 0.0244379 0.0693317
35 0.432551 0.121799 0.0273705 0.0662086
36 0.245846 0.294503 0.0410557 0.0743285
35 0.306696 0.121799 0.0347019 0.0737039
26 0.518084 0.298563 0.0410557 0.0674578
28 0.53348 0.125547 0.0434995 0.0724547
34 0.22825 0.119925 0.0224829 0.0749532
25 0.575758 0.309806 0.0449658 0.0574641
21 0.375611 0.289819 0.0239492 0.0811993
18 0.175953 0.6599 0.0449658 0.0593379
28 0.683529 0.132417 0.044477 0.0724547
20 0.507576 0.603998 0.0288368 0.0599625
33 0.795455 0.618988 0.0249267 0.0787008
29 0.141984 0.282948 0.0474096 0.0849469
30 0.684506 0.601811 0.0190616 0.108057
28 0.629521 0.133354 0.0439883 0.065584
28 0.740225 0.13679 0.0493646 0.0662086
12 0.622923 0.606184 0.0259042 0.0718301
26 0.457234 0.298563 0.0503421 0.0649594
20 0.592131 0.673954 0.0650049 0.0462211
20 0.538612 0.621799 0.0273705 0.0730793
1 0.615836 0.476889 0.0430108 0.0505934
25 0.758065 0.312617 0.0596285 0.0480949
35 0.349951 0.122423 0.0351906 0.0699563
21 0.421554 0.625234 0.0268817 0.0899438
21 0.451613 0.639913 0.0254154 0.0843223
28 0.729961 0.642723 0.0532747 0.11243
34 0.261241 0.118988 0.0376344 0.0843223
18 0.0979961 0.637414 0.0474096 0.0805746
34 0.086999 0.109931 0.0400782 0.0974391
34 0.133431 0.107433 0.0391007 0.0974391
8 0.808651 0.123673 0.0659824 0.0899438
34 0.0884653 0.277014 0.0430108 0.100562
