28 0.619892 0.176545 0.0443131 0.0491803
9 0.913589 0.376734 0.0448055 0.0447667
9 0.79739 0.331652 0.0487445 0.0466583
25 0.134417 0.0769231 0.0482521 0.0327869
28 0.724274 0.166772 0.052191 0.0409836
2 0.827671 0.795082 0.0472674 0.0517024
35 0.106352 0.359079 0.0275726 0.0977301
4 0.47095 0.586696 0.0457903 0.0384615
13 0.218858 0.365069 0.0329887 0.0844893
7 0.1871 0.596154 0.0669621 0.0321564
28 0.197932 0.540668 0.0393895 0.0422446
35 0.175283 0.355612 0.0256032 0.103405
28 0.299114 0.540353 0.061546 0.035309
28 0.395864 0.586066 0.0462826 0.0636822
33 0.68193 0.751576 0.0236337 0.100883
21 0.417774 0.743064 0.0162482 0.0876419
28 0.256524 0.535309 0.0482521 0.0504414
8 0.665436 0.376734 0.0595766 0.0535939
23 0.230428 0.761349 0.0433284 0.102774
28 0.276219 0.541299 0.0551452 0.0472888
28 0.708026 0.173392 0.0482521 0.0428752
12 0.584687 0.751576 0.0221566 0.10971
34 0.458149 0.302333 0.0487445 0.0498108
25 0.735352 0.593632 0.0448055 0.0283733
28 0.691039 0.555485 0.0556376 0.035309
14 0.351059 0.376103 0.033481 0.0725095
3 0.852536 0.576293 0.0556376 0.0542245
25 0.105859 0.361917 0.0275726 0.0933165
14 0.0782866 0.362547 0.0265879 0.0870114
34 0.859675 0.3657 0.0512063 0.0580076
24 0.663959 0.379887 0.0566224 0.057377
19 0.231167 0.761665 0.0418513 0.104666
35 0.588134 0.282156 0.0310192 0.0611602
28 0.614229 0.57976 0.0507139 0.0510719
25 0.394387 0.330076 0.0413589 0.0649433
30 0.637371 0.728247 0.0201871 0.116015
18 0.104136 0.699874 0.0566224 0.075662
28 0.589857 0.586066 0.0393895 0.0636822
9 0.870261 0.308953 0.0339734 0.0491803
20 0.508616 0.739596 0.0285574 0.0554855
35 0.598228 0.290668 0.0315116 0.0781841
28 0.0871492 0.519231 0.0393895 0.054855
36 0.220335 0.36633 0.0339734 0.075662
23 0.332595 0.767654 0.0526834 0.092686
5 0.681438 0.752837 0.0236337 0.0996217
18 0.10906 0.77396 0.0605613 0.057377
33 0.851797 0.737705 0.0226489 0.0706179
6 0.0457903 0.587011 0.0443131 0.0416141
35 0.429838 0.165195 0.0256032 0.0706179
21 0.471443 0.724149 0.0221566 0.0699874
8 0.853767 0.159836 0.033481 0.0737705
25 0.442147 0.381463 0.0364353 0.0567465
35 0.461349 0.167718 0.0305268 0.0655738
13 0.260463 0.365385 0.0265879 0.0851198
35 0.141064 0.351513 0.028065 0.106557
5 0.828163 0.729193 0.0167405 0.0712484
23 0.279665 0.75599 0.0472674 0.0920555
28 0.122107 0.579445 0.0443131 0.0630517
35 0.343673 0.172762 0.0413589 0.0643127
20 0.565977 0.758197 0.0201871 0.092686
20 0.540374 0.739596 0.0221566 0.0832282
25 0.204087 0.180643 0.0507139 0.0384615
35 0.490645 0.160151 0.0251108 0.0693569
34 0.252093 0.168663 0.0324963 0.0838588
28 0.526096 0.157314 0.0379124 0.0813367
12 0.612752 0.740542 0.0260955 0.120429
35 0.292467 0.168033 0.0413589 0.0750315
35 0.388725 0.172131 0.0398818 0.0680958
34 0.73806 0.325032 0.0443131 0.056116
21 0.340965 0.507566 0.0192024 0.0580076
28 0.575579 0.159521 0.0413589 0.0870114
34 0.291236 0.356873 0.0310192 0.104666
25 0.033481 0.355296 0.0492368 0.116646
18 0.175283 0.772068 0.05613 0.0788146
34 0.145249 0.162673 0.0384047 0.0945776
34 0.509355 0.32377 0.0438208 0.0838588
21 0.395618 0.707125 0.0251108 0.0750315
34 0.0541605 0.162358 0.0393895 0.0964691
18 0.0403742 0.715006 0.0482521 0.0693569
21 0.444609 0.777743 0.0354505 0.104035
8 0.906204 0.146595 0.0645002 0.104035
34 0.102905 0.159836 0.0354505 0.093947
18 0.0393895 0.785309 0.0502216 0.0662043
20 0.509847 0.800126 0.0723781 0.0453972
