25 0.546383 0.180719 0.0763427 0.0762554
34 0.225255 0.594544 0.0306258 0.050837
34 0.0676875 0.139802 0.0252996 0.0725356
19 0.114292 0.844699 0.0403906 0.107254
9 0.87439 0.406386 0.0488238 0.066336
3 0.878828 0.592064 0.0594763 0.0545567
2 0.76387 0.569436 0.0523746 0.034098
23 0.268975 0.83385 0.0470484 0.099194
9 0.68553 0.392746 0.0448291 0.0725356
25 0.57945 0.595164 0.0448291 0.0433974
2 0.691522 0.604774 0.0248557 0.0874148
36 0.415002 0.384687 0.0372836 0.109733
30 0.762095 0.794172 0.0230803 0.106634
11 0.302929 0.563236 0.0306258 0.0402976
25 0.0758988 0.175449 0.0372836 0.0644761
19 0.318686 0.83416 0.045273 0.0874148
6 0.227253 0.591754 0.0284066 0.050217
25 0.256103 0.619653 0.0346205 0.0440174
25 0.813582 0.180719 0.0577008 0.0675759
18 0.186862 0.83416 0.0923214 0.102294
25 0.628051 0.626162 0.0434976 0.0657161
24 0.567688 0.401116 0.0559254 0.0719157
25 0.788504 0.182579 0.0652463 0.0750155
9 0.790058 0.341599 0.0417221 0.0570366
34 0.0750111 0.17111 0.0363959 0.0781153
21 0.418997 0.796962 0.0177541 0.099814
8 0.772747 0.181339 0.0479361 0.0712957
23 0.318686 0.83478 0.0443853 0.0824551
35 0.449845 0.17266 0.0306258 0.0812151
25 0.359299 0.381587 0.0386152 0.099814
11 0.303595 0.616863 0.0461607 0.0409175
18 0.11407 0.84098 0.0372836 0.112213
25 0.522415 0.17359 0.0355082 0.100434
34 0.123613 0.1739 0.0403906 0.0712957
2 0.773191 0.626472 0.0719041 0.0427774
11 0.292499 0.566956 0.0363959 0.0489771
25 0.187972 0.549597 0.0306258 0.0514569
25 0.137594 0.611283 0.0426099 0.0409175
34 0.416778 0.142901 0.0310697 0.106014
25 0.253662 0.399256 0.0483799 0.0619963
25 0.371061 0.177309 0.0505992 0.0582765
25 0.567909 0.188779 0.042166 0.0650961
29 0.110519 0.377247 0.0381713 0.0985741
25 0.159787 0.397086 0.0381713 0.0774954
12 0.643142 0.808432 0.023968 0.133912
25 0.485797 0.411345 0.0466045 0.0576565
28 0.738349 0.407316 0.0510431 0.0595164
19 0.268753 0.83292 0.0457168 0.0960942
25 0.875721 0.407936 0.0514869 0.066956
30 0.642921 0.804092 0.0226365 0.153751
8 0.718376 0.138252 0.0457168 0.0607564
25 0.349978 0.625852 0.0368398 0.0613763
5 0.760541 0.796652 0.0226365 0.102914
25 0.662672 0.183509 0.039059 0.0768754
28 0.619174 0.16987 0.0363959 0.0892746
35 0.415668 0.385927 0.0386152 0.108493
28 0.632934 0.398946 0.0479361 0.0787353
33 0.840657 0.83664 0.0248557 0.114693
25 0.069241 0.391507 0.0319574 0.0675759
20 0.553706 0.774334 0.0261873 0.0818351
21 0.437417 0.806882 0.0173103 0.117173
28 0.484243 0.1708 0.0310697 0.0973342
35 0.314913 0.15902 0.0412783 0.0948543
20 0.556147 0.857099 0.0621394 0.0626162
23 0.369951 0.8416 0.0448291 0.0923745
18 0.212383 0.845939 0.0474922 0.0948543
25 0.167111 0.155921 0.0377275 0.107254
5 0.812694 0.82982 0.0221926 0.117173
30 0.694629 0.776503 0.0221926 0.138252
20 0.500666 0.821451 0.0319574 0.100434
18 0.165335 0.82734 0.0430537 0.109733
25 0.26498 0.153751 0.0408344 0.109113
12 0.611629 0.810911 0.0292943 0.119033
34 0.219263 0.155611 0.0372836 0.107874
25 0.309143 0.392746 0.0492676 0.0861748
34 0.0818908 0.600124 0.0483799 0.106634
21 0.460719 0.786733 0.0257435 0.0867948
8 0.888149 0.1708 0.0656902 0.101054
18 0.0672437 0.824241 0.0466045 0.104774
