28 0.438749 0.142413 0.0574065 0.0410448
8 0.881087 0.754664 0.0635571 0.0889303
25 0.563045 0.547575 0.0404921 0.0441542
6 0.178883 0.510572 0.0379293 0.0373134
23 0.278063 0.690609 0.0333162 0.0777363
5 0.754485 0.712997 0.0194772 0.085199
26 0.525884 0.359764 0.0399795 0.0404229
26 0.563301 0.237873 0.0686827 0.0329602
28 0.772424 0.213308 0.053306 0.0497512
23 0.372886 0.735075 0.0343414 0.0659204
13 0.423885 0.373134 0.0256279 0.0559702
25 0.583291 0.583333 0.0861097 0.0298507
25 0.393901 0.666667 0.0476679 0.0447761
24 0.217581 0.590485 0.0712455 0.0354478
25 0.402614 0.242226 0.075346 0.0267413
18 0.129165 0.51306 0.0348539 0.0435323
17 0.328293 0.742537 0.0435674 0.0957711
28 0.355459 0.14801 0.0497181 0.039801
20 0.530241 0.71051 0.0210149 0.0889303
25 0.693491 0.235386 0.070733 0.0366915
26 0.586622 0.366294 0.0404921 0.0522388
4 0.216556 0.589241 0.0743209 0.0391791
36 0.353665 0.15796 0.0553562 0.0410448
13 0.385443 0.379664 0.0338288 0.0603234
25 0.595592 0.701493 0.0399795 0.0460199
13 0.29267 0.191542 0.0471553 0.0447761
28 0.187852 0.214552 0.0333162 0.0783582
16 0.218093 0.590485 0.0722706 0.0366915
14 0.308816 0.393346 0.0302409 0.0590796
12 0.838032 0.744714 0.0205023 0.0901741
28 0.562788 0.237562 0.0666325 0.0348259
30 0.662737 0.686567 0.0153767 0.0957711
35 0.425167 0.21051 0.0333162 0.0491294
28 0.660174 0.187811 0.0369042 0.0335821
17 0.476679 0.585821 0.0481804 0.050995
6 0.142747 0.569652 0.0415172 0.0534826
25 0.62327 0.219527 0.0399795 0.0634328
20 0.52614 0.54291 0.0251153 0.079602
5 0.838032 0.74347 0.0225525 0.0926617
36 0.198616 0.356654 0.0322911 0.0416667
25 0.480779 0.218284 0.053306 0.0609453
30 0.708867 0.732587 0.0194772 0.103234
25 0.288314 0.24658 0.0876474 0.0267413
12 0.558432 0.71051 0.0261404 0.0814677
25 0.282932 0.76306 0.0389544 0.0485075
8 0.828806 0.195274 0.0451051 0.0870647
35 0.348027 0.208955 0.0379293 0.039801
25 0.661456 0.774565 0.075346 0.0590796
29 0.128652 0.174129 0.0379293 0.0460199
25 0.53716 0.407027 0.0697078 0.0441542
25 0.188365 0.405784 0.0425423 0.0478856
35 0.392875 0.203047 0.0292158 0.0416667
34 0.225525 0.212687 0.0338288 0.0808458
25 0.778319 0.382152 0.0292158 0.0665423
29 0.241671 0.389614 0.0497181 0.0640547
25 0.463865 0.382463 0.0410046 0.0883085
20 0.436443 0.560012 0.0271656 0.0827114
29 0.0976422 0.375 0.0404921 0.0447761
28 0.528703 0.177861 0.0374167 0.0559702
21 0.630958 0.392724 0.035879 0.0876866
25 0.586879 0.773632 0.0471553 0.0733831
12 0.628908 0.700249 0.0235777 0.0708955
25 0.790108 0.530784 0.0958483 0.0441542
36 0.116351 0.675062 0.0492055 0.0690299
25 0.65838 0.143346 0.0661199 0.0391791
29 0.142747 0.378109 0.0394669 0.0634328
24 0.881855 0.757774 0.0630446 0.0926617
21 0.471553 0.725124 0.0256279 0.0932836
18 0.23757 0.769279 0.0425423 0.0621891
18 0.186827 0.734453 0.0425423 0.0808458
18 0.715787 0.551928 0.0456176 0.0777363
25 0.114557 0.759328 0.0712455 0.0696517
34 0.0791902 0.210199 0.0404921 0.0870647
21 0.0930292 0.554415 0.0292158 0.0814677
21 0.440543 0.744714 0.0281907 0.0914179
