32 0.302169 0.449407 0.0371901 0.0780762
2 0.675362 0.461899 0.0418388 0.054341
1 0.548812 0.459088 0.0242769 0.0412242
35 0.261364 0.136165 0.072314 0.0699563
35 0.317665 0.136165 0.0237603 0.0674578
25 0.610279 0.289194 0.0573347 0.028732
25 0.569473 0.643348 0.0748967 0.0462211
18 0.137138 0.58807 0.027376 0.0555903
6 0.25594 0.420987 0.0387397 0.0362274
2 0.66219 0.462523 0.0237603 0.0468457
10 0.664773 0.308245 0.0423554 0.0343535
6 0.174587 0.427545 0.035124 0.0443473
25 0.186209 0.298876 0.0377066 0.0605871
31 0.457645 0.466271 0.0320248 0.0393504
9 0.665548 0.308245 0.0418388 0.0356027
25 0.62939 0.469082 0.0304752 0.0262336
25 0.180527 0.130856 0.0346074 0.0818239
26 0.322572 0.294191 0.0408058 0.0649594
35 0.472366 0.134603 0.0211777 0.0580887
11 0.252841 0.467208 0.0408058 0.0424735
8 0.847107 0.130231 0.0433884 0.0693317
34 0.177428 0.130231 0.0408058 0.0743285
28 0.175362 0.435978 0.0387397 0.0562149
20 0.568182 0.645846 0.0733471 0.039975
16 0.365702 0.463148 0.0402893 0.0393504
3 0.815341 0.461274 0.0614669 0.0480949
35 0.43001 0.136165 0.0501033 0.0612117
33 0.753099 0.594628 0.0216942 0.0737039
20 0.478306 0.651156 0.0320248 0.0693317
34 0.121126 0.31168 0.0625 0.0324797
28 0.250775 0.467208 0.0428719 0.0424735
23 0.300103 0.581199 0.0309917 0.0630856
1 0.527376 0.461274 0.0247934 0.0393504
34 0.256973 0.419425 0.0366736 0.0318551
29 0.136105 0.266084 0.0490702 0.0424735
21 0.361312 0.295128 0.0232438 0.0668332
12 0.548812 0.128982 0.0304752 0.076827
25 0.846849 0.129919 0.0459711 0.0712055
11 0.113895 0.468145 0.0377066 0.0430981
13 0.27531 0.293879 0.0382231 0.0580887
18 0.0630165 0.458776 0.0495868 0.0630856
4 0.453254 0.468145 0.0377066 0.0418488
25 0.475207 0.645534 0.0309917 0.0743285
29 0.0831612 0.28326 0.0413223 0.0618364
9 0.764205 0.285134 0.0397727 0.0605871
23 0.352273 0.630231 0.0485537 0.0712055
9 0.834969 0.291693 0.0408058 0.0662086
26 0.495093 0.294191 0.0408058 0.0612117
13 0.321023 0.295753 0.0387397 0.0630856
17 0.405217 0.46346 0.0397727 0.0474703
31 0.496384 0.465022 0.0278926 0.0480949
3 0.817924 0.62742 0.0614669 0.0818239
1 0.585486 0.463773 0.0397727 0.0430981
35 0.393337 0.130856 0.0242769 0.0643348
28 0.646436 0.13554 0.0428719 0.0612117
34 0.239411 0.553716 0.0759298 0.0356027
35 0.327738 0.138351 0.0346074 0.0593379
8 0.808368 0.137414 0.0278926 0.0574641
25 0.714618 0.306683 0.0542355 0.0362274
28 0.181302 0.474391 0.071281 0.0343535
35 0.287707 0.133979 0.0330578 0.076827
26 0.4375 0.29544 0.0506198 0.0587133
34 0.151343 0.133666 0.0206612 0.0687071
28 0.506457 0.131168 0.0397727 0.0699563
20 0.48657 0.581199 0.0258264 0.0530918
20 0.512913 0.597439 0.0268595 0.0718301
30 0.649535 0.580575 0.0180785 0.100562
34 0.0785124 0.128982 0.0371901 0.0855715
28 0.700671 0.137102 0.0428719 0.0630856
34 0.210486 0.132105 0.0211777 0.0730793
34 0.244576 0.136477 0.0387397 0.0718301
35 0.363636 0.136477 0.0309917 0.0630856
12 0.593492 0.580575 0.0268595 0.0680825
28 0.693698 0.6193 0.0516529 0.0968145
18 0.172004 0.63273 0.0454545 0.062461
28 0.595041 0.13679 0.0433884 0.0599625
36 0.229339 0.292317 0.0423554 0.0712055
21 0.629907 0.418176 0.026343 0.0618364
25 0.544938 0.305122 0.0433884 0.0493442
34 0.119318 0.130231 0.036157 0.0830731
21 0.448089 0.590881 0.027376 0.0699563
21 0.410899 0.601811 0.0315083 0.0818239
18 0.0942665 0.613679 0.0459711 0.0805746
8 0.76188 0.12336 0.0609504 0.0868207
