25 0.745661 0.380545 0.0660559 0.0513095
17 0.42406 0.534206 0.0284474 0.0454303
25 0.778206 0.226082 0.0675024 0.0256547
13 0.338717 0.3279 0.0882353 0.0539818
9 0.81702 0.397648 0.0593057 0.0502405
36 0.233124 0.365045 0.0535198 0.0384821
14 0.44865 0.398717 0.0313404 0.0427579
25 0.387175 0.246125 0.0385728 0.0219134
25 0.464079 0.231962 0.0660559 0.0352753
25 0.591128 0.23597 0.045323 0.0326029
17 0.47107 0.546499 0.0568949 0.0432924
2 0.754822 0.513362 0.0699132 0.0326029
2 0.776519 0.52512 0.0824494 0.0347408
18 0.153568 0.602352 0.036162 0.0245858
27 0.616924 0.405665 0.0496625 0.0459647
8 0.899952 0.222875 0.120058 0.0342063
24 0.744696 0.384554 0.0660559 0.0443613
26 0.35945 0.32977 0.039055 0.0555853
10 0.818226 0.395778 0.0578592 0.0475681
9 0.940935 0.399786 0.0621987 0.0502405
25 0.710704 0.554516 0.0337512 0.0368787
4 0.537126 0.554249 0.0424301 0.0438268
31 0.586548 0.549973 0.0303761 0.0416889
25 0.171167 0.384821 0.0578592 0.0320684
35 0.332449 0.228755 0.0303761 0.0502405
19 0.281581 0.678247 0.0462874 0.0897916
14 0.397541 0.328968 0.0313404 0.0518439
25 0.322324 0.377338 0.057377 0.0256547
28 0.537126 0.166221 0.0520733 0.0652058
1 0.643925 0.51737 0.0458052 0.0481026
18 0.281823 0.678247 0.0477338 0.0940673
25 0.883558 0.345537 0.0515911 0.0807055
23 0.352459 0.648584 0.045323 0.0657402
35 0.361861 0.195617 0.0294118 0.0555853
34 0.198409 0.195885 0.033269 0.0646713
13 0.359209 0.330305 0.0395371 0.0577231
9 0.83028 0.338589 0.0433944 0.0625334
5 0.740116 0.659808 0.0221794 0.0678781
33 0.803279 0.667825 0.0250723 0.0678781
13 0.316538 0.327098 0.0371263 0.0587921
7 0.156702 0.479156 0.0472517 0.0454303
25 0.531099 0.395243 0.0583414 0.0326029
14 0.479749 0.339123 0.0405014 0.0668092
3 0.889585 0.528862 0.0607522 0.0849813
11 0.273867 0.512827 0.048216 0.0422234
7 0.114513 0.531267 0.0438766 0.0481026
26 0.575217 0.336986 0.0472517 0.070016
20 0.588235 0.672635 0.0289296 0.070016
25 0.675988 0.394709 0.045323 0.0347408
12 0.641514 0.660075 0.0294118 0.0726884
34 0.240839 0.1876 0.0323047 0.0555853
28 0.639826 0.181454 0.0501446 0.0946018
29 0.176712 0.333779 0.0419479 0.0636024
6 0.209016 0.509353 0.0342334 0.0438268
34 0.262054 0.241048 0.0795564 0.0320684
34 0.123915 0.199359 0.0366442 0.0705505
21 0.489634 0.659006 0.0303761 0.0619989
18 0.144407 0.679316 0.0496625 0.0833779
