36 0.210756 0.356428 0.030814 0.0415704
2 0.726744 0.582371 0.0732558 0.0361817
35 0.305814 0.222479 0.0767442 0.0338722
28 0.824128 0.561201 0.0343023 0.0662048
21 0.414244 0.684373 0.019186 0.0708237
10 0.677326 0.403387 0.0523256 0.0446497
4 0.418314 0.580062 0.0343023 0.0377213
21 0.281105 0.531178 0.0215116 0.0554273
6 0.0944767 0.581216 0.0354651 0.0569669
34 0.16686 0.52194 0.027907 0.052348
21 0.519477 0.67552 0.0168605 0.0746728
21 0.257267 0.560431 0.0261628 0.0816012
20 0.258721 0.563125 0.0197674 0.0823711
9 0.815988 0.387221 0.0377907 0.0800616
25 0.537209 0.749423 0.0593023 0.0469592
14 0.355233 0.39338 0.0383721 0.0662048
25 0.615407 0.387606 0.0645349 0.0300231
11 0.524709 0.556197 0.025 0.039261
26 0.2375 0.401078 0.0331395 0.0631255
6 0.0587209 0.526174 0.05 0.0331024
6 0.11657 0.525019 0.0343023 0.0384911
6 0.164535 0.526174 0.027907 0.0515781
25 0.688372 0.581986 0.044186 0.0323326
21 0.349709 0.672055 0.019186 0.0585065
25 0.525581 0.409931 0.0581395 0.0515781
16 0.401163 0.407236 0.0406977 0.047729
28 0.479942 0.170131 0.0482558 0.0384911
36 0.166279 0.357583 0.044186 0.0546574
28 0.707267 0.71709 0.0645349 0.0361817
34 0.106977 0.19592 0.0232558 0.0900693
1 0.524419 0.555812 0.0255814 0.0400308
34 0.12936 0.200154 0.019186 0.0785219
35 0.293895 0.170131 0.0494186 0.047729
13 0.165988 0.356813 0.0412791 0.0546574
4 0.307558 0.578907 0.0290698 0.0461894
26 0.512791 0.351809 0.05 0.0446497
16 0.308721 0.579677 0.027907 0.0461894
25 0.642733 0.745189 0.0447674 0.047729
21 0.351744 0.722479 0.0186047 0.0700539
9 0.676453 0.406851 0.0517442 0.0408006
28 0.474709 0.21863 0.0459302 0.0461894
33 0.775291 0.721709 0.019186 0.0839107
23 0.315116 0.669361 0.0383721 0.060816
29 0.111919 0.361047 0.0505814 0.047729
36 0.3 0.386066 0.0406977 0.0823711
26 0.454651 0.375674 0.0523256 0.0508083
28 0.859012 0.548884 0.052907 0.0554273
34 0.0822674 0.188222 0.0226744 0.102386
25 0.157558 0.194765 0.0406977 0.0892995
25 0.163953 0.41301 0.0639535 0.039261
35 0.326163 0.179369 0.0267442 0.0461894
35 0.356686 0.188992 0.0261628 0.0715935
21 0.642442 0.506928 0.0174419 0.0592764
18 0.143605 0.73903 0.0383721 0.0538876
9 0.884302 0.3903 0.0488372 0.0723634
23 0.317151 0.737875 0.0412791 0.0577367
20 0.537791 0.749423 0.0581395 0.0469592
25 0.139826 0.104696 0.0912791 0.0400308
34 0.197093 0.683603 0.0313953 0.0677444
18 0.0651163 0.734026 0.0383721 0.0531178
8 0.860756 0.213626 0.0366279 0.060816
11 0.0938953 0.581601 0.0377907 0.0531178
29 0.0651163 0.358353 0.0313953 0.0623557
28 0.618314 0.573903 0.0517442 0.0531178
34 0.0607558 0.186297 0.0331395 0.107775
12 0.606686 0.690146 0.0296512 0.0700539
25 0.526744 0.221324 0.05 0.0500385
18 0.0389535 0.578907 0.0488372 0.0585065
20 0.482849 0.683988 0.0284884 0.0715935
12 0.801453 0.729407 0.0296512 0.0823711
29 0.225872 0.199769 0.0482558 0.0931486
36 0.602326 0.501155 0.0418605 0.0692841
25 0.909302 0.205543 0.0488372 0.0831409
25 0.739826 0.404157 0.0633721 0.0508083
28 0.659012 0.205928 0.0436046 0.0839107
34 0.0790698 0.417244 0.0953488 0.0338722
18 0.187209 0.751347 0.0395349 0.0538876
21 0.30843 0.520785 0.0168605 0.060816
28 0.88343 0.744419 0.0494186 0.0754426
34 0.232558 0.1097 0.0581395 0.0577367
28 0.723256 0.211316 0.05 0.0792918
18 0.230814 0.724403 0.0360465 0.0708237
8 0.802326 0.198999 0.0767442 0.0946882
21 0.439535 0.683988 0.0313953 0.0669746
18 0.586047 0.2194 0.0534884 0.0585065
21 0.389826 0.713241 0.0273256 0.0792918
21 0.263372 0.711316 0.0255814 0.0785219
