13 0.587972 0.599938 0.0438679 0.0618364
25 0.589623 0.596502 0.0481132 0.062461
16 0.401415 0.40787 0.0386792 0.0974391
17 0.489151 0.609307 0.0396226 0.0593379
25 0.846226 0.166146 0.0358491 0.101187
25 0.377594 0.618676 0.0363208 0.0705809
2 0.729717 0.605559 0.0443396 0.0855715
2 0.767453 0.603373 0.114151 0.0899438
2 0.756604 0.603685 0.0443396 0.0843223
2 0.800472 0.600874 0.045283 0.0899438
2 0.815802 0.601187 0.0372641 0.0868207
3 0.930189 0.606496 0.0660377 0.0811993
22 0.313915 0.816989 0.0457547 0.0949407
20 0.547642 0.820112 0.0367925 0.113679
34 0.239623 0.1396 0.0245283 0.0668332
3 0.861085 0.606808 0.0438679 0.0868207
1 0.589151 0.597127 0.0471698 0.062461
25 0.596698 0.394129 0.0490566 0.0587133
8 0.263679 0.177389 0.0528302 0.0724547
25 0.80684 0.395066 0.0929245 0.0705809
2 0.721226 0.601811 0.0216981 0.0818239
21 0.445283 0.813242 0.0754717 0.107433
25 0.651415 0.598376 0.0358491 0.0574641
23 0.313208 0.816989 0.0443396 0.0949407
25 0.537736 0.602124 0.0339623 0.0587133
19 0.313443 0.816365 0.0457547 0.0974391
25 0.267453 0.176765 0.054717 0.07995
17 0.442453 0.603373 0.0386792 0.0637102
25 0.0830189 0.173954 0.0443396 0.076827
25 0.032783 0.168957 0.0429245 0.0855715
25 0.322877 0.165834 0.0287736 0.0905684
25 0.290094 0.605559 0.0358491 0.0593379
25 0.489623 0.607433 0.0415094 0.054341
5 0.797642 0.816365 0.0273585 0.111181
25 0.901887 0.396315 0.0566038 0.0780762
19 0.26533 0.8198 0.0419811 0.0968145
3 0.902358 0.603373 0.114151 0.0961899
25 0.575708 0.175203 0.0476415 0.0793254
25 0.101415 0.394441 0.0471698 0.108057
25 0.402359 0.40787 0.0377358 0.0861961
25 0.222406 0.414741 0.0523585 0.0787008
23 0.363443 0.801686 0.0485849 0.0968145
25 0.230896 0.61649 0.0429245 0.0712055
25 0.0507075 0.381949 0.0466981 0.114304
25 0.781368 0.393816 0.0457547 0.0668332
25 0.333255 0.61243 0.0419811 0.0918176
25 0.518868 0.161774 0.0396226 0.107433
33 0.88066 0.829482 0.0245283 0.109931
25 0.47217 0.167708 0.0386792 0.0918176
25 0.687264 0.592755 0.0320755 0.0449719
25 0.754953 0.177389 0.0533019 0.0749532
25 0.135849 0.149594 0.0471698 0.128045
25 0.174764 0.609619 0.0448113 0.0986883
25 0.420519 0.163335 0.0410377 0.0980637
25 0.653066 0.411618 0.0523585 0.0574641
25 0.526651 0.381012 0.0514151 0.0924422
30 0.721934 0.793254 0.025 0.146159
25 0.15967 0.401936 0.0580189 0.10431
25 0.362028 0.163648 0.0466981 0.103685
25 0.0615566 0.609307 0.0551887 0.0793254
20 0.561792 0.8198 0.0301887 0.108057
21 0.423113 0.808869 0.0349057 0.107433
25 0.836557 0.390381 0.0533019 0.0886946
25 0.637264 0.162086 0.045283 0.105559
25 0.692453 0.165522 0.0443396 0.103685
20 0.524764 0.819176 0.0306604 0.116802
25 0.814858 0.169894 0.0495283 0.0949407
18 0.220519 0.819176 0.0448113 0.0980637
25 0.121934 0.606808 0.0476415 0.0693317
25 0.283962 0.397252 0.0509434 0.106184
12 0.635377 0.810119 0.0358491 0.118676
25 0.719104 0.400999 0.0627358 0.0724547
25 0.191274 0.147096 0.0485849 0.131793
21 0.46533 0.81574 0.0334906 0.107433
25 0.346226 0.406933 0.0566038 0.0980637
25 0.461085 0.381324 0.0504717 0.101811
25 0.898585 0.160525 0.0641509 0.116177
18 0.169811 0.816989 0.045283 0.104934
18 0.0667453 0.8198 0.0495283 0.0955653
18 0.120519 0.820112 0.0438679 0.0986883
