36 0.537202 0.341974 0.040533 0.0593379
27 0.537757 0.341661 0.040533 0.0612117
11 0.260411 0.489382 0.0744031 0.0555903
4 0.60161 0.484385 0.0216546 0.0493442
7 0.126874 0.483448 0.0882843 0.0687071
21 0.440866 0.619613 0.0599667 0.0662086
7 0.176013 0.480949 0.0755136 0.0762024
32 0.363687 0.47564 0.0299833 0.0668332
34 0.2407 0.18832 0.0916158 0.0818239
22 0.33176 0.617114 0.044975 0.0649594
33 0.711272 0.626796 0.0277624 0.0718301
36 0.224597 0.336352 0.0838423 0.076827
1 0.543032 0.480013 0.0810661 0.0705809
32 0.324542 0.474079 0.0372016 0.0762024
23 0.329817 0.616802 0.0444198 0.0743285
12 0.561355 0.594628 0.0188784 0.062461
4 0.444475 0.463148 0.0283176 0.076827
31 0.481954 0.475328 0.0288728 0.0737039
19 0.331205 0.617739 0.044975 0.0687071
1 0.56663 0.475328 0.0394225 0.0724547
9 0.715436 0.333229 0.049417 0.0693317
26 0.494725 0.338851 0.0366463 0.0618364
16 0.363687 0.479388 0.0288728 0.0693317
28 0.585786 0.192067 0.0388673 0.0705809
6 0.194336 0.477514 0.0388673 0.0805746
30 0.630761 0.612742 0.0188784 0.0961899
33 0.76402 0.630543 0.0222099 0.0668332
20 0.499722 0.624297 0.0244309 0.0718301
9 0.775125 0.329794 0.0577457 0.0724547
5 0.708218 0.624922 0.0205441 0.0705809
14 0.395614 0.333542 0.0372016 0.0737039
3 0.659911 0.482199 0.0771793 0.0724547
13 0.307329 0.336977 0.040533 0.0743285
13 0.35286 0.335103 0.038312 0.0730793
28 0.526374 0.192692 0.0399778 0.0793254
7 0.149639 0.477514 0.038312 0.0755778
35 0.428095 0.19238 0.0410883 0.0737039
17 0.404775 0.481886 0.0399778 0.0705809
24 0.657135 0.335415 0.0549695 0.0612117
7 0.103554 0.482511 0.038312 0.0730793
36 0.254026 0.336977 0.040533 0.076827
23 0.380899 0.606184 0.0388673 0.0643348
11 0.28151 0.490943 0.0377568 0.0562149
1 0.52332 0.48376 0.040533 0.0643348
26 0.447252 0.341037 0.0460855 0.0662086
35 0.310106 0.194566 0.0349806 0.076827
11 0.239867 0.487508 0.0344253 0.0593379
24 0.596335 0.343535 0.0555247 0.0524672
8 0.729872 0.191755 0.05608 0.0712055
36 0.204053 0.333229 0.038312 0.0780762
28 0.674348 0.194566 0.040533 0.0705809
28 0.629095 0.194878 0.0366463 0.0724547
35 0.388951 0.195191 0.0305386 0.0680825
18 0.244586 0.621174 0.038312 0.0630856
28 0.47779 0.189569 0.0438645 0.0805746
2 0.773737 0.481886 0.127152 0.076827
29 0.15769 0.33604 0.0410883 0.0699563
8 0.796502 0.184572 0.05608 0.0843223
35 0.351471 0.19238 0.0344253 0.0749532
20 0.527485 0.62055 0.0222099 0.0680825
18 0.16352 0.619613 0.038312 0.0674578
18 0.202943 0.620237 0.0360911 0.0674578
18 0.120489 0.618988 0.0399778 0.0687071
12 0.584398 0.619925 0.0249861 0.076827
29 0.106607 0.331355 0.0477512 0.0755778
34 0.264853 0.191443 0.0421988 0.0793254
34 0.0938368 0.186134 0.0410883 0.0836977
34 0.136313 0.18426 0.0327596 0.0861961
21 0.424486 0.616177 0.0272071 0.0680825
21 0.456968 0.622423 0.0266519 0.0693317
34 0.174903 0.185197 0.0366463 0.0868207
34 0.217102 0.187071 0.0421988 0.0893192
