20 0.483003 0.762336 0.0727101 0.0893192
25 0.614259 0.418801 0.0698772 0.0343535
13 0.278801 0.400062 0.0288008 0.0755778
6 0.257554 0.549656 0.0372993 0.0374766
1 0.586402 0.608057 0.0604344 0.0331043
7 0.0639754 0.589007 0.0457979 0.0737039
2 0.705855 0.590256 0.0302172 0.0587133
31 0.465534 0.603061 0.0273843 0.0418488
26 0.359537 0.410056 0.0637394 0.065584
4 0.422568 0.603685 0.0349386 0.0455965
26 0.53966 0.41599 0.0509915 0.0524672
18 0.196884 0.76421 0.0840416 0.0755778
19 0.261331 0.766708 0.0372993 0.0780762
16 0.423277 0.60431 0.0354108 0.0443473
16 0.316572 0.597127 0.0325779 0.0374766
6 0.118508 0.599001 0.0368272 0.0549656
3 0.872521 0.597439 0.0859301 0.054341
9 0.834042 0.399126 0.0363551 0.0824485
18 0.0651558 0.58807 0.0509915 0.0743285
1 0.532578 0.583073 0.0377715 0.0405996
6 0.215534 0.577764 0.0325779 0.0537164
17 0.362134 0.605559 0.0434372 0.0505934
9 0.86237 0.40381 0.0420208 0.076827
9 0.796978 0.404747 0.0358829 0.0687071
35 0.334986 0.210493 0.0335222 0.0699563
11 0.215534 0.576515 0.0354108 0.051218
25 0.542965 0.417552 0.0472144 0.0480949
11 0.258026 0.594004 0.0420208 0.0499688
25 0.619216 0.398501 0.0694051 0.0312305
28 0.533286 0.217676 0.0552408 0.0618364
9 0.903211 0.398501 0.0406043 0.0774516
35 0.361426 0.20862 0.0316336 0.0724547
11 0.118744 0.597751 0.0363551 0.0537164
3 0.876062 0.783885 0.0675165 0.0936914
23 0.315628 0.757339 0.0505194 0.0805746
35 0.297214 0.210181 0.0363551 0.0755778
5 0.739849 0.762961 0.0254958 0.0955653
18 0.132672 0.741412 0.0321058 0.0724547
33 0.801228 0.768582 0.02644 0.0905684
26 0.405099 0.405996 0.0547686 0.0737039
6 0.175401 0.571205 0.0372993 0.0730793
24 0.703494 0.41599 0.0642115 0.0474703
30 0.6695 0.752967 0.0236072 0.123048
35 0.405099 0.214241 0.0453258 0.0712055
20 0.466006 0.762024 0.0321058 0.0886946
26 0.474268 0.403186 0.0533522 0.0668332
20 0.501652 0.759213 0.0306893 0.0905684
28 0.727809 0.213304 0.0533522 0.0780762
29 0.136922 0.394129 0.0434372 0.0861961
28 0.658876 0.214241 0.0533522 0.0749532
12 0.595137 0.760462 0.0382436 0.100562
28 0.595845 0.214553 0.0481586 0.0743285
34 0.220491 0.701437 0.0897073 0.0374766
21 0.308546 0.39975 0.0250236 0.0836977
21 0.388338 0.740475 0.0250236 0.0793254
18 0.0899433 0.76421 0.0439093 0.08807
36 0.183428 0.395066 0.0439093 0.0818239
21 0.421624 0.759525 0.0349386 0.091193
18 0.21577 0.768894 0.0406043 0.0749532
28 0.474504 0.204872 0.0481586 0.0886946
34 0.125118 0.191443 0.0368272 0.103061
8 0.806657 0.197689 0.078848 0.0980637
36 0.233239 0.396003 0.0453258 0.0836977
34 0.210104 0.204872 0.0368272 0.0836977
34 0.167611 0.204247 0.0406043 0.0861961
34 0.0807365 0.189881 0.0434372 0.109931
18 0.172332 0.769519 0.0424929 0.0762024
34 0.251416 0.205809 0.0382436 0.0843223
8 0.883617 0.199563 0.0656279 0.0955653
34 0.0793201 0.379763 0.0443815 0.107433
