2 0.748041 0.658339 0.0661117 0.0312305
27 0.54285 0.349781 0.0719882 0.0387258
20 0.492165 0.638039 0.0617042 0.0680825
1 0.57762 0.481886 0.039667 0.0393504
21 0.470617 0.629294 0.0244858 0.0693317
9 0.743389 0.289819 0.0421156 0.0537164
7 0.151077 0.439413 0.075906 0.0605871
28 0.601861 0.10837 0.0577865 0.0381012
25 0.578355 0.477826 0.0440744 0.0362274
17 0.358717 0.494066 0.0318315 0.0487196
13 0.319295 0.304185 0.0401567 0.0587133
25 0.61998 0.493754 0.0333007 0.0343535
34 0.209109 0.445971 0.0352595 0.0649594
10 0.73188 0.345721 0.0621939 0.0455965
36 0.18095 0.283885 0.0426053 0.0518426
13 0.360186 0.308869 0.0298727 0.0643348
17 0.379285 0.446908 0.0279138 0.0393504
13 0.443438 0.299813 0.0347698 0.0537164
25 0.658668 0.186134 0.0646425 0.028732
4 0.444417 0.505621 0.0377081 0.0455965
4 0.379285 0.448782 0.0318315 0.0381012
4 0.454212 0.456902 0.0337904 0.0306059
9 0.783056 0.279825 0.0372184 0.0562149
28 0.623408 0.154279 0.0323213 0.0449719
25 0.609207 0.350718 0.0489716 0.0318551
18 0.189765 0.587445 0.039667 0.0493442
2 0.680705 0.46877 0.0440744 0.0630856
35 0.389079 0.157402 0.0239961 0.0687071
25 0.461068 0.357901 0.0572968 0.0374766
17 0.401322 0.49188 0.0445642 0.0430981
26 0.443438 0.298876 0.0367287 0.054341
3 0.813663 0.483448 0.0700294 0.0737039
26 0.461557 0.358526 0.0553379 0.0412242
9 0.732125 0.343535 0.0568071 0.0487196
25 0.359207 0.494066 0.0288932 0.0487196
25 0.128061 0.500937 0.0612145 0.0312305
23 0.303379 0.626483 0.0435847 0.0674578
17 0.418217 0.443161 0.036239 0.0505934
25 0.252449 0.466896 0.0347698 0.0293567
25 0.286239 0.466583 0.0426053 0.0299813
25 0.294319 0.152092 0.0372184 0.0830731
31 0.487757 0.450031 0.0254652 0.0405996
36 0.270813 0.277951 0.0421156 0.0462211
20 0.510774 0.6396 0.036239 0.0662086
35 0.425563 0.157714 0.043095 0.0755778
5 0.668707 0.626483 0.0210578 0.0787008
25 0.124388 0.162086 0.049951 0.0493442
34 0.126347 0.10837 0.0352595 0.0443473
20 0.495593 0.593691 0.0215475 0.0518426
25 0.491185 0.305122 0.0421156 0.0568395
35 0.350881 0.154591 0.039667 0.0868207
25 0.317581 0.305122 0.0386876 0.0530918
25 0.397894 0.312617 0.039667 0.0618364
28 0.661606 0.140225 0.0352595 0.0468457
25 0.180215 0.144909 0.0372184 0.091193
1 0.536484 0.480949 0.0357493 0.0524672
30 0.615818 0.619925 0.0200784 0.108057
25 0.255632 0.154279 0.0381978 0.0849469
29 0.183399 0.287008 0.0416259 0.0493442
25 0.325171 0.498126 0.0254652 0.0555903
25 0.667973 0.342911 0.0646425 0.0537164
28 0.509549 0.123985 0.0377081 0.0405996
23 0.351371 0.653966 0.0445642 0.0824485
29 0.114349 0.355091 0.0543585 0.0405996
25 0.202008 0.505621 0.039667 0.0480949
6 0.208864 0.445034 0.0347698 0.0693317
25 0.824682 0.345097 0.0891283 0.0518426
25 0.176053 0.334791 0.0582762 0.0437227
34 0.217679 0.153966 0.0279138 0.0830731
28 0.585945 0.102436 0.0543585 0.039975
20 0.472331 0.630856 0.0230167 0.0712055
18 0.108472 0.63679 0.0426053 0.0830731
36 0.228453 0.280762 0.039667 0.065584
7 0.166259 0.445347 0.0347698 0.0574641
25 0.264447 0.332605 0.0450539 0.0530918
25 0.580803 0.168957 0.0460333 0.0718301
28 0.469882 0.124922 0.0347698 0.0524672
8 0.71523 0.122111 0.0523996 0.0668332
8 0.781097 0.143348 0.0519099 0.08807
21 0.406709 0.62336 0.0259549 0.0749532
7 0.132468 0.435665 0.032811 0.0580887
29 0.134182 0.284197 0.0372184 0.0599625
21 0.43046 0.621487 0.0195886 0.0749532
12 0.571743 0.626171 0.0298727 0.0818239
18 0.155975 0.669894 0.0455436 0.0830731
