34 0.312675 0.186068 0.0406922 0.0560917
28 0.719832 0.354644 0.0318054 0.0615199
31 0.574135 0.576598 0.0238541 0.0349819
14 0.303087 0.413148 0.04116 0.0615199
25 0.416745 0.210193 0.0467727 0.0609168
6 0.323433 0.550965 0.0397568 0.048854
16 0.279467 0.5769 0.0416277 0.0392039
31 0.512863 0.566043 0.0275959 0.0392039
11 0.323667 0.551267 0.0402245 0.0494572
23 0.329747 0.620627 0.0589336 0.0554885
9 0.855472 0.588963 0.0458372 0.0476478
20 0.457671 0.62877 0.0622077 0.0379976
28 0.761459 0.236128 0.049579 0.0367913
12 0.798176 0.813028 0.025725 0.079614
35 0.259588 0.120627 0.0374181 0.0410133
34 0.719364 0.422195 0.0327409 0.0747889
28 0.764733 0.212002 0.0467727 0.0572979
25 0.45463 0.628468 0.0767072 0.039807
34 0.155051 0.181846 0.0229186 0.0910736
26 0.403181 0.42883 0.0570627 0.0554885
28 0.706034 0.232207 0.0434986 0.0446321
35 0.311272 0.168577 0.036015 0.0464415
28 0.391721 0.129674 0.0696913 0.0458384
18 0.203227 0.797045 0.0986904 0.0585042
16 0.230355 0.601628 0.0341441 0.0536791
30 0.651543 0.384499 0.0177736 0.112786
23 0.342142 0.768396 0.036015 0.0820265
26 0.720533 0.352533 0.0397568 0.0536791
35 0.261693 0.196019 0.0500468 0.0844391
5 0.798176 0.818154 0.0238541 0.0729795
8 0.815716 0.235826 0.0589336 0.0325694
13 0.384004 0.366405 0.0430309 0.0512666
25 0.570861 0.716828 0.0528531 0.0500603
3 0.902011 0.609771 0.0388213 0.0615199
25 0.823667 0.740048 0.0673527 0.0675513
36 0.193639 0.373643 0.04116 0.0572979
9 0.565248 0.416767 0.0949486 0.0627262
25 0.111553 0.403197 0.0696913 0.0572979
21 0.679607 0.402593 0.0299345 0.0922799
36 0.101731 0.328709 0.0734331 0.0470446
7 0.135875 0.585344 0.0425631 0.0440289
13 0.34565 0.397768 0.0336763 0.0729795
34 0.31899 0.208384 0.0477081 0.062123
25 0.198316 0.435163 0.0795136 0.0404101
8 0.739476 0.162847 0.0467727 0.0591074
18 0.124649 0.768396 0.0378859 0.0892642
28 0.154818 0.185766 0.0233863 0.0977081
25 0.102198 0.217431 0.0659495 0.0379976
35 0.623714 0.770205 0.0266604 0.0759952
9 0.841207 0.395356 0.0537886 0.0838359
9 0.899906 0.398673 0.0551918 0.0868516
29 0.0526193 0.406212 0.0397568 0.0633293
6 0.145229 0.536791 0.0406922 0.0482509
36 0.177268 0.727986 0.0430309 0.0735826
28 0.479888 0.783776 0.0449018 0.128468
26 0.589336 0.222557 0.0486436 0.0627262
30 0.735267 0.747889 0.0187091 0.115802
7 0.0893358 0.571773 0.0392891 0.0579011
6 0.183817 0.574186 0.0336763 0.0639324
28 0.405285 0.119119 0.0837231 0.0392039
7 0.0664172 0.802473 0.0505145 0.088661
13 0.199953 0.185163 0.0565949 0.115802
21 0.398503 0.754825 0.0224509 0.0862485
18 0.780402 0.421291 0.0537886 0.0609168
8 0.879326 0.205066 0.0589336 0.0904704
21 0.271048 0.77684 0.025725 0.0880579
12 0.658326 0.753317 0.0275959 0.0759952
34 0.116464 0.161339 0.0505145 0.0572979
18 0.72942 0.609168 0.0425631 0.0772014
25 0.640318 0.20959 0.0505145 0.0874548
21 0.545136 0.210193 0.0247895 0.0850422
25 0.707905 0.831725 0.10898 0.0518697
12 0.546539 0.801267 0.0285313 0.0971049
18 0.173527 0.791616 0.0458372 0.0597105
24 0.926099 0.81725 0.0720299 0.100121
34 0.0481759 0.183052 0.0439663 0.0946924
25 0.4855 0.401387 0.0449018 0.0995175
34 0.260992 0.196019 0.049579 0.0856454
18 0.224977 0.801267 0.0430309 0.0645356
