17 0.43012 0.492602 0.0390361 0.0579531
4 0.476867 0.483354 0.033253 0.027127
35 0.453735 0.155364 0.019759 0.0900123
17 0.397349 0.46979 0.0293976 0.0394575
2 0.717831 0.493218 0.04 0.0690506
22 0.312289 0.671393 0.0443374 0.0924784
16 0.460964 0.529593 0.0380723 0.0493218
9 0.830121 0.279285 0.0351807 0.0480888
25 0.253735 0.356042 0.0563855 0.0376079
19 0.261928 0.633477 0.0390361 0.068434
16 0.34988 0.481813 0.0192771 0.0561036
25 0.256627 0.310419 0.033253 0.0487053
21 0.422651 0.618064 0.0154217 0.0462392
32 0.32241 0.481504 0.0327711 0.054254
20 0.530361 0.602959 0.0226506 0.0443896
4 0.460723 0.528668 0.0375904 0.0487053
34 0.245542 0.152589 0.04 0.0980271
6 0.193253 0.461159 0.0192771 0.0591862
23 0.374699 0.632861 0.0361446 0.0782984
34 0.173253 0.154131 0.0371084 0.0887793
18 0.129157 0.658138 0.0848193 0.0819975
36 0.22747 0.34926 0.0674699 0.0462392
17 0.371325 0.517571 0.0284337 0.0524044
25 0.647952 0.518804 0.0361446 0.0339088
16 0.398795 0.467633 0.0322892 0.0351418
9 0.853012 0.307337 0.0318072 0.0339088
26 0.367229 0.339704 0.0327711 0.0665845
26 0.51253 0.353576 0.0428916 0.0376079
2 0.695663 0.492602 0.053494 0.0727497
8 0.808434 0.162145 0.0563855 0.080148
36 0.169398 0.311652 0.0371084 0.0659679
13 0.458072 0.346794 0.0486747 0.0585697
3 0.851807 0.511097 0.0544578 0.0727497
24 0.633012 0.364057 0.0573494 0.0437731
36 0.251566 0.30857 0.0250602 0.0511714
34 0.220723 0.469174 0.0375904 0.0468557
19 0.311807 0.667078 0.0424096 0.0912454
13 0.36747 0.339396 0.033253 0.0659679
25 0.313012 0.316276 0.0380723 0.0505549
6 0.220482 0.470099 0.033253 0.0425401
25 0.803855 0.162454 0.0607229 0.0770653
1 0.56 0.507707 0.0395181 0.0450062
17 0.418795 0.514488 0.0395181 0.0474723
7 0.13494 0.517263 0.0780723 0.0345253
26 0.528916 0.299938 0.0322892 0.0585697
17 0.441928 0.463009 0.0366265 0.0456227
23 0.311807 0.668002 0.0414458 0.0893958
25 0.711084 0.189889 0.0775904 0.0320592
9 0.764819 0.360666 0.0539759 0.0591862
35 0.358072 0.146732 0.0221687 0.0875462
28 0.659277 0.153206 0.0375904 0.0548705
35 0.388193 0.14365 0.0245783 0.0924784
25 0.875181 0.362207 0.0693976 0.0585697
33 0.763855 0.662454 0.0240964 0.0807645
5 0.690843 0.667386 0.0216867 0.0832306
25 0.277108 0.469174 0.0375904 0.0332922
31 0.514458 0.472565 0.0284337 0.0450062
36 0.213012 0.295931 0.0346988 0.0517879
25 0.115181 0.168927 0.0462651 0.0505549
7 0.160964 0.446054 0.0318072 0.0585697
20 0.503133 0.643033 0.0231325 0.0752158
18 0.20747 0.665228 0.0390361 0.0875462
14 0.413976 0.327374 0.0327711 0.0628853
26 0.458795 0.348952 0.0472289 0.0579531
25 0.115422 0.4627 0.0371084 0.0561036
34 0.114699 0.110358 0.0298795 0.0406905
21 0.443855 0.647965 0.0231325 0.0727497
28 0.713735 0.139642 0.0433735 0.0548705
29 0.109639 0.360666 0.0563855 0.0505549
20 0.533735 0.670777 0.0284337 0.0776819
30 0.64506 0.643342 0.019759 0.109125
25 0.273494 0.520037 0.0419277 0.0376079
35 0.418313 0.16307 0.0337349 0.0832306
25 0.172289 0.155055 0.0371084 0.0918619
29 0.124578 0.293773 0.0351807 0.0659679
8 0.759759 0.120222 0.0457831 0.0789149
35 0.32506 0.155055 0.0361446 0.0906289
25 0.24506 0.153514 0.0409639 0.0986437
28 0.48988 0.123921 0.0457831 0.0493218
8 0.859759 0.14889 0.0366265 0.0893958
25 0.605783 0.17201 0.0568675 0.0727497
28 0.632048 0.100493 0.0660241 0.0406905
25 0.213012 0.529285 0.0375904 0.0524044
21 0.406988 0.668927 0.0226506 0.0887793
29 0.16747 0.312885 0.0419277 0.0721332
34 0.208193 0.152281 0.0298795 0.0887793
28 0.539277 0.123613 0.0375904 0.0524044
25 0.697108 0.357275 0.0631325 0.0610358
18 0.106024 0.649507 0.0404819 0.0770653
34 0.285783 0.145499 0.0327711 0.0998767
12 0.591566 0.631628 0.0274699 0.0782984
18 0.157108 0.674476 0.0481928 0.0863132
