9 0.793651 0.350989 0.031746 0.0663689
2 0.733045 0.561264 0.0519481 0.0478622
11 0.303271 0.499681 0.036075 0.0331844
22 0.347763 0.739949 0.0481 0.10402
34 0.290043 0.158583 0.03367 0.074665
9 0.878066 0.329611 0.039923 0.0555201
35 0.485329 0.140715 0.039442 0.0784939
20 0.564695 0.713146 0.0481 0.0695597
9 0.754209 0.37141 0.0529101 0.0408424
35 0.515633 0.14933 0.021164 0.0625399
33 0.850649 0.770262 0.037037 0.047224
25 0.42785 0.165284 0.036075 0.0459477
3 0.828042 0.566369 0.041847 0.0567964
25 0.186628 0.322272 0.030784 0.0931717
22 0.287879 0.750479 0.0582011 0.112317
36 0.221741 0.321315 0.029822 0.0516911
16 0.334295 0.541481 0.035594 0.0516911
28 0.744589 0.152521 0.02886 0.0650925
25 0.573112 0.129547 0.031265 0.0536056
25 0.570707 0.171666 0.051467 0.0319081
2 0.828283 0.566369 0.040404 0.0567964
14 0.397306 0.346841 0.027898 0.067007
6 0.188071 0.50702 0.02405 0.0721123
24 0.637566 0.365986 0.0582011 0.0465858
25 0.467532 0.345565 0.023088 0.0695597
25 0.145262 0.33663 0.025974 0.0759413
8 0.82227 0.161774 0.048581 0.0555201
25 0.172198 0.335035 0.02405 0.0714742
19 0.2886 0.751755 0.0586821 0.108488
12 0.695527 0.745373 0.02405 0.112317
34 0.176768 0.163689 0.032227 0.070836
25 0.481241 0.14933 0.040885 0.0740268
18 0.289322 0.752074 0.0591631 0.112955
28 0.880471 0.556477 0.0533911 0.0714742
28 0.904281 0.162412 0.0721501 0.0619017
6 0.219577 0.498405 0.032227 0.0548819
5 0.695046 0.745373 0.02405 0.113593
9 0.831169 0.335673 0.044252 0.0676452
8 0.9038 0.165603 0.0740741 0.0567964
3 0.879028 0.563497 0.048581 0.0663689
23 0.288841 0.751755 0.0601251 0.112317
5 0.718615 0.738673 0.018278 0.101468
29 0.114719 0.348437 0.031265 0.0497766
18 0.152718 0.762604 0.0591631 0.0740268
26 0.556518 0.356414 0.032708 0.0644544
23 0.347523 0.735163 0.048581 0.112317
28 0.775132 0.162731 0.041847 0.0561583
20 0.610149 0.735482 0.028379 0.0963625
33 0.878788 0.730377 0.021164 0.0810466
6 0.119288 0.546905 0.0644541 0.0523293
25 0.382876 0.167198 0.037518 0.0587109
34 0.12001 0.550096 0.0707071 0.047224
28 0.654401 0.152202 0.033189 0.0593491
20 0.549303 0.71187 0.026936 0.067007
35 0.334536 0.165284 0.029341 0.0663689
20 0.577922 0.715699 0.023569 0.0810466
21 0.451659 0.732929 0.022126 0.0989151
25 0.132516 0.151563 0.036075 0.0823229
25 0.435065 0.337588 0.026455 0.0816847
12 0.660173 0.754946 0.033189 0.113593
25 0.21621 0.150287 0.035113 0.0950861
26 0.507456 0.35769 0.0538721 0.070836
25 0.354016 0.335673 0.035594 0.0842374
23 0.405002 0.749202 0.0519481 0.116145
21 0.505291 0.723038 0.024531 0.0753031
28 0.701299 0.156031 0.046176 0.074665
18 0.221501 0.757179 0.0630111 0.0989151
34 0.25469 0.158902 0.031265 0.0765795
21 0.385281 0.476388 0.018278 0.063178
20 0.5481 0.779196 0.0649351 0.0497766
18 0.15392 0.665603 0.0634921 0.0855137
25 0.292689 0.158583 0.038961 0.0810466
25 0.699856 0.363752 0.047138 0.051053
18 0.0877826 0.76739 0.049543 0.0874282
21 0.479076 0.745373 0.025974 0.105935
