23 0.327305 0.809551 0.025282 0.0840046
23 0.251459 0.808976 0.0315052 0.0805524
29 0.0956826 0.462313 0.0894594 0.0765247
21 0.416958 0.817894 0.0700117 0.075374
16 0.276546 0.64557 0.0365616 0.0713464
17 0.465189 0.647008 0.0381175 0.0558113
27 0.579347 0.482739 0.0548425 0.0747986
4 0.465967 0.646433 0.0357837 0.056962
9 0.578763 0.483602 0.0606768 0.0730725
20 0.516531 0.806674 0.0661221 0.0713464
4 0.305912 0.645282 0.0268378 0.0650173
7 0.144107 0.639241 0.0525088 0.0759494
6 0.118825 0.623993 0.025282 0.0696203
10 0.579541 0.484177 0.0622326 0.0719218
32 0.306496 0.644994 0.0272268 0.0678941
12 0.721898 0.808113 0.0241151 0.0822785
36 0.25282 0.478423 0.0630105 0.0811277
21 0.361727 0.81099 0.0311163 0.08458
34 0.0890704 0.263809 0.0863477 0.111047
31 0.504084 0.655639 0.0350058 0.0673188
32 0.274018 0.645282 0.0330611 0.0742232
4 0.363088 0.643556 0.033839 0.0546605
16 0.363672 0.643843 0.0342279 0.0552359
23 0.289771 0.809839 0.0373396 0.075374
16 0.306884 0.644419 0.0272268 0.0598389
28 0.749319 0.253165 0.0260599 0.110472
26 0.309996 0.479862 0.0451186 0.0805524
10 0.781797 0.486479 0.0598989 0.0742232
35 0.40529 0.249712 0.0318942 0.118527
21 0.500778 0.806387 0.0299494 0.0765247
9 0.783936 0.487629 0.058732 0.075374
9 0.849086 0.481876 0.0598989 0.0960875
36 0.220731 0.475834 0.0400622 0.0805524
24 0.645858 0.478136 0.0579541 0.0667434
9 0.909179 0.46519 0.0696227 0.104143
13 0.310968 0.479574 0.0447297 0.08458
5 0.723648 0.807825 0.0229483 0.0863061
1 0.552314 0.655063 0.0474524 0.0684695
1 0.609879 0.654776 0.0466744 0.0678941
14 0.368923 0.47756 0.0509529 0.0874568
17 0.417931 0.63809 0.042396 0.0609896
20 0.502528 0.808976 0.0295605 0.0713464
13 0.265266 0.476985 0.0412291 0.0851554
35 0.386231 0.254315 0.0536756 0.113924
33 0.781603 0.81099 0.0260599 0.0857307
36 0.173862 0.474396 0.0466744 0.0834292
30 0.660443 0.789701 0.0178919 0.107595
28 0.651886 0.259781 0.0451186 0.109896
23 0.360755 0.81214 0.0307273 0.089183
11 0.234539 0.64557 0.0350058 0.0655926
3 0.870867 0.647008 0.108907 0.0914845
6 0.153442 0.63809 0.0322832 0.0828539
7 0.118047 0.622267 0.0283936 0.0719218
11 0.193893 0.648159 0.0353948 0.061565
28 0.717814 0.265535 0.042396 0.113349
28 0.591793 0.258918 0.0563983 0.105869
35 0.307857 0.266398 0.0237262 0.105869
26 0.496499 0.48015 0.0571762 0.0880322
20 0.534617 0.810127 0.0283936 0.0713464
26 0.429988 0.478711 0.058732 0.0817031
29 0.0737067 0.470081 0.042396 0.0724971
2 0.7359 0.642117 0.116686 0.0851554
24 0.713536 0.480725 0.0618436 0.0696203
35 0.337612 0.249137 0.0342279 0.109321
29 0.122909 0.462313 0.0412291 0.0822785
18 0.177557 0.806962 0.033839 0.0822785
35 0.276352 0.268987 0.0385064 0.107595
12 0.596072 0.808113 0.0283936 0.08458
21 0.398483 0.817606 0.033839 0.0840046
21 0.327693 0.810127 0.0245041 0.0840046
18 0.141579 0.808688 0.0318942 0.0834292
21 0.441074 0.81099 0.0326721 0.0776755
18 0.104434 0.81099 0.033839 0.0811277
7 0.0777907 0.644131 0.0326721 0.0765247
28 0.527227 0.247699 0.0517308 0.127158
28 0.463244 0.250863 0.0567872 0.121979
34 0.0651497 0.26122 0.0400622 0.110472
8 0.905679 0.257192 0.0812913 0.120829
34 0.110463 0.266398 0.0396733 0.110472
18 0.0661221 0.810414 0.0303384 0.08458
34 0.153442 0.264097 0.0385064 0.112773
34 0.195644 0.262658 0.0373396 0.11565
8 0.818164 0.256617 0.0797355 0.128884
34 0.236289 0.266974 0.0392843 0.117376
