33 0.810697 0.808603 0.045097 0.074813
29 0.467226 0.451372 0.0398532 0.0735661
12 0.654693 0.791459 0.0214997 0.105362
1 0.659675 0.659913 0.103828 0.048005
6 0.283692 0.772444 0.0440482 0.0436409
26 0.54903 0.453554 0.0975354 0.0741895
10 0.80388 0.459165 0.0492921 0.0542394
4 0.458574 0.658978 0.0319874 0.0511222
9 0.638437 0.448566 0.0445726 0.0629676
28 0.647614 0.244077 0.0346093 0.0891521
11 0.283692 0.771197 0.045097 0.0436409
32 0.37441 0.661471 0.0335606 0.0685786
9 0.804405 0.459788 0.0492921 0.0529925
16 0.37441 0.662095 0.0356581 0.0685786
4 0.547457 0.66116 0.0367069 0.0455112
30 0.673047 0.784601 0.0162559 0.116584
9 0.858416 0.450125 0.0471945 0.0773067
16 0.457787 0.659913 0.0356581 0.0492519
5 0.905611 0.809539 0.0199266 0.090399
5 0.881227 0.811097 0.0214997 0.0810474
16 0.414788 0.665524 0.027268 0.0554863
17 0.494494 0.6649 0.0367069 0.0467581
18 0.256686 0.823254 0.0393288 0.0392768
23 0.383849 0.791771 0.0398532 0.0623441
31 0.589407 0.658042 0.0304143 0.0392768
11 0.257997 0.649626 0.0419507 0.0511222
23 0.445464 0.790835 0.0340849 0.0754364
26 0.576298 0.457294 0.0513896 0.0741895
33 0.822234 0.811409 0.0209754 0.0804239
24 0.685632 0.464152 0.0487677 0.048005
7 0.121919 0.631546 0.0351337 0.0735661
23 0.340849 0.811409 0.0398532 0.069202
9 0.913477 0.442643 0.0513896 0.084788
6 0.208967 0.655549 0.0393288 0.0679551
33 0.798112 0.80985 0.0209754 0.0822943
35 0.498689 0.246571 0.045097 0.0866584
13 0.338752 0.460723 0.0545359 0.100998
14 0.467488 0.455112 0.0403776 0.0822943
7 0.161772 0.645885 0.0372313 0.0685786
30 0.654169 0.792082 0.020451 0.121571
28 0.619297 0.246571 0.0335606 0.0829177
35 0.455952 0.249377 0.0298899 0.0760598
1 0.63398 0.658666 0.0440482 0.0529925
13 0.402727 0.456671 0.0566335 0.100374
28 0.688516 0.256234 0.0429995 0.0723192
2 0.799423 0.649626 0.0991085 0.0735661
24 0.744625 0.459165 0.0534872 0.0554863
28 0.74043 0.247195 0.0503408 0.0804239
26 0.520451 0.449813 0.0487677 0.0766833
28 0.803356 0.247506 0.0492921 0.084788
3 0.907708 0.643703 0.10173 0.0629676
23 0.583901 0.824813 0.0498165 0.084788
35 0.41741 0.237219 0.0325118 0.0966334
1 0.685107 0.66116 0.0445726 0.048005
11 0.30624 0.65212 0.045097 0.0561097
29 0.164657 0.462594 0.0492921 0.0897756
36 0.277923 0.466334 0.0524384 0.0985037
18 0.213424 0.816085 0.0409019 0.0586035
28 0.571578 0.247506 0.0482433 0.0760598
36 0.219979 0.460411 0.0529628 0.104115
18 0.168327 0.82419 0.0409019 0.0473815
35 0.36366 0.240648 0.0498165 0.0860349
20 0.482171 0.823566 0.0267436 0.0947631
20 0.514158 0.823254 0.0277923 0.0891521
12 0.744625 0.816085 0.031463 0.0947631
18 0.122444 0.819202 0.03828 0.0610973
34 0.13398 0.218516 0.0403776 0.129052
8 0.942318 0.234726 0.0671211 0.106608
34 0.0776088 0.21914 0.0629261 0.141521
34 0.307289 0.23192 0.0545359 0.104738
34 0.186156 0.215711 0.0513896 0.125935
8 0.871002 0.238155 0.0692187 0.100998
34 0.244887 0.224439 0.0555847 0.119701
29 0.0964866 0.461035 0.0597798 0.0991272
