20 0.532937 0.5943 0.0256176 0.0788357
25 0.293001 0.245603 0.0736505 0.0303214
17 0.345151 0.810794 0.0397987 0.0570042
21 0.381061 0.822923 0.0237877 0.106731
25 0.70151 0.419042 0.0462031 0.0824742
21 0.405078 0.826258 0.0169259 0.107338
23 0.209286 0.765312 0.0407136 0.0751971
28 0.759607 0.157671 0.0425435 0.0606428
8 0.870997 0.200424 0.0283623 0.0939964
28 0.723468 0.8208 0.0242452 0.144936
28 0.578683 0.201031 0.032022 0.0503335
4 0.19785 0.646452 0.0718207 0.0412371
25 0.443504 0.416616 0.0379689 0.0958156
25 0.307182 0.565494 0.0288198 0.038205
25 0.252516 0.828078 0.0347667 0.0673135
25 0.459515 0.41601 0.0425435 0.100667
28 0.403705 0.156458 0.0562672 0.0363857
17 0.479186 0.645543 0.0516926 0.0479078
28 0.563815 0.246513 0.0736505 0.0345664
34 0.859103 0.822013 0.0219579 0.108551
28 0.682068 0.204366 0.0384264 0.0351728
26 0.382891 0.399636 0.0439158 0.0618557
16 0.19968 0.648272 0.0709058 0.0388114
36 0.344465 0.137356 0.053065 0.0430564
34 0.695105 0.425713 0.0416285 0.0861128
36 0.179323 0.385688 0.031107 0.0497271
28 0.347896 0.138872 0.0553522 0.0460885
23 0.250686 0.758642 0.0338518 0.0764099
17 0.297118 0.812311 0.0452882 0.108551
12 0.775846 0.789873 0.0201281 0.100061
5 0.858188 0.822923 0.0219579 0.107944
6 0.166743 0.556701 0.0562672 0.0436628
25 0.612763 0.775925 0.0379689 0.046695
23 0.344922 0.807762 0.0393413 0.0618557
36 0.0837145 0.447847 0.074108 0.0418435
29 0.114135 0.158278 0.0379689 0.0448757
13 0.38312 0.397817 0.0452882 0.0642814
8 0.903477 0.8396 0.0585544 0.0939964
28 0.171775 0.213463 0.0361391 0.0812614
6 0.118253 0.621286 0.0462031 0.0563978
8 0.794373 0.237417 0.058097 0.0503335
30 0.676121 0.769557 0.0219579 0.115221
20 0.543001 0.789266 0.0237877 0.0976349
18 0.75366 0.433899 0.0379689 0.0673135
25 0.701967 0.240752 0.0773102 0.0460885
14 0.296432 0.422377 0.0329369 0.0685264
25 0.802607 0.844148 0.0242452 0.116434
12 0.859103 0.824742 0.0219579 0.105518
25 0.797347 0.420558 0.0338518 0.0685264
25 0.340805 0.732868 0.042086 0.0491207
25 0.261894 0.199212 0.0443733 0.0563978
25 0.592864 0.849909 0.0594693 0.0745907
29 0.22484 0.420558 0.0498628 0.0745907
35 0.346295 0.20376 0.0402562 0.0436628
5 0.776304 0.786537 0.021043 0.0982414
25 0.487191 0.226804 0.05215 0.0630685
29 0.0793687 0.392965 0.0352242 0.0618557
25 0.669259 0.853851 0.0695334 0.0606428
25 0.534309 0.445118 0.0759378 0.0448757
21 0.84172 0.416919 0.031107 0.0879321
25 0.632662 0.220437 0.0457457 0.0842935
34 0.215691 0.206489 0.0361391 0.104912
35 0.306496 0.19527 0.031107 0.0557914
25 0.17269 0.437235 0.0452882 0.0521528
21 0.636322 0.42359 0.0384264 0.0952092
28 0.541629 0.191328 0.0384264 0.0576107
18 0.156679 0.805943 0.0462031 0.0812614
29 0.124428 0.403275 0.0393413 0.0715585
12 0.647758 0.771073 0.0256176 0.0903578
25 0.817475 0.591267 0.105215 0.04245
8 0.855444 0.204669 0.0567246 0.0964221
25 0.686185 0.150394 0.0677036 0.0497271
34 0.060613 0.203457 0.0443733 0.0988478
21 0.440073 0.822923 0.0393413 0.0994542
24 0.907365 0.83778 0.0626715 0.0988478
36 0.0857731 0.738023 0.0462031 0.0667071
18 0.736048 0.613099 0.0466606 0.0800485
18 0.210201 0.842935 0.0425435 0.0703457
21 0.0672461 0.608854 0.0329369 0.0921771
25 0.0850869 0.828987 0.0759378 0.0764099
21 0.4785 0.797453 0.0283623 0.0933899
