23 0.242215 0.680236 0.0464656 0.083903
25 0.35566 0.175886 0.0588235 0.0323182
9 0.775087 0.295525 0.0771132 0.081417
25 0.557835 0.536669 0.0647553 0.0366687
9 0.558576 0.339652 0.0632724 0.0379117
18 0.12432 0.593847 0.0331191 0.0316967
2 0.76347 0.695463 0.0637667 0.0335612
9 0.823529 0.358919 0.112704 0.0391548
35 0.343549 0.12399 0.0444884 0.0416408
2 0.821058 0.499689 0.105783 0.0609074
1 0.550667 0.496892 0.0464656 0.0304537
22 0.358131 0.692977 0.0489372 0.0907396
35 0.403856 0.112492 0.0227385 0.0385333
19 0.357884 0.69422 0.0484429 0.0894966
19 0.24345 0.674953 0.04696 0.0845245
1 0.560801 0.536047 0.0617894 0.0341827
32 0.332674 0.514605 0.0415225 0.0584214
9 0.715522 0.329708 0.0420168 0.0292107
28 0.527929 0.124301 0.0346021 0.0360472
13 0.285467 0.307023 0.0301532 0.0646364
3 0.825507 0.503729 0.113693 0.071473
34 0.178448 0.141392 0.0355907 0.0988191
25 0.827484 0.353636 0.108749 0.0335612
19 0.299555 0.655065 0.0523974 0.0758235
17 0.37568 0.462088 0.0276817 0.0478558
23 0.299061 0.654133 0.0514088 0.075202
34 0.0902126 0.114667 0.0301532 0.0416408
34 0.248888 0.152579 0.0726644 0.0515848
28 0.485171 0.158173 0.0430054 0.0615289
23 0.357143 0.689869 0.0489372 0.0882536
36 0.237271 0.274394 0.0405339 0.0379117
24 0.66263 0.335301 0.054869 0.0379117
8 0.826495 0.169049 0.0919427 0.0385333
2 0.698715 0.485084 0.0479486 0.0689869
9 0.757291 0.302362 0.0385566 0.081417
31 0.499506 0.4711 0.028176 0.0447483
25 0.402373 0.318832 0.0434998 0.0596644
4 0.456747 0.531075 0.045477 0.0391548
35 0.366288 0.123679 0.0355907 0.0435053
25 0.0941671 0.164388 0.0459713 0.0503418
35 0.443895 0.138595 0.0326248 0.0894966
20 0.498023 0.634866 0.0261987 0.076445
17 0.426594 0.464574 0.0365793 0.0478558
9 0.795106 0.291796 0.036085 0.075202
29 0.118141 0.345867 0.0899654 0.0379117
25 0.311666 0.330951 0.0242215 0.0627719
20 0.517301 0.682722 0.0291646 0.0689869
35 0.404597 0.160348 0.0341078 0.0584214
11 0.241967 0.496892 0.0350964 0.0528278
25 0.649036 0.530143 0.0632724 0.0285892
25 0.181167 0.142014 0.0380623 0.0938471
5 0.677954 0.661902 0.0212556 0.0857676
28 0.670292 0.130516 0.0444884 0.0472343
35 0.330203 0.124922 0.026693 0.0472343
34 0.223431 0.11964 0.0247158 0.0590429
25 0.499011 0.31417 0.0410282 0.0602859
13 0.348987 0.316656 0.0385566 0.073959
6 0.185615 0.466128 0.0370737 0.0646364
30 0.625556 0.658484 0.0202669 0.114978
34 0.141127 0.14481 0.0301532 0.0857676
26 0.456995 0.2977 0.0350964 0.0671224
25 0.114681 0.514295 0.0682155 0.0292107
7 0.130499 0.458981 0.0395452 0.0553139
28 0.589224 0.154133 0.0444884 0.0720945
11 0.278052 0.458981 0.0341078 0.0441268
8 0.780771 0.116843 0.0430054 0.0509633
34 0.250124 0.172467 0.0751359 0.0329397
29 0.105289 0.292728 0.0395452 0.0584214
34 0.258774 0.121193 0.0410282 0.0546924
11 0.28003 0.519577 0.036085 0.0522063
36 0.192536 0.289621 0.0410282 0.0584214
29 0.148542 0.287756 0.0370737 0.0683654
35 0.299555 0.126476 0.0296589 0.0640149
8 0.728374 0.124301 0.0489372 0.0770665
21 0.434503 0.657862 0.0217499 0.0863891
25 0.186604 0.528278 0.0420168 0.0472343
18 0.169797 0.628651 0.0390509 0.075202
21 0.408799 0.659727 0.0306476 0.0851461
18 0.0894711 0.664388 0.045477 0.0994406
12 0.580326 0.663456 0.0296589 0.0876321
