1 0.63308 0.620237 0.0941065 0.0574641
14 0.432747 0.410681 0.0194867 0.0730793
36 0.184886 0.405059 0.0998099 0.0855715
19 0.285884 0.753591 0.036597 0.0755778
27 0.620009 0.430668 0.043251 0.0618364
26 0.610741 0.430668 0.0636882 0.0643348
21 0.390209 0.746096 0.0560836 0.0843223
32 0.285884 0.594628 0.0337452 0.0599625
9 0.620485 0.428795 0.0423004 0.0618364
10 0.793964 0.438788 0.0575095 0.0443473
2 0.707937 0.626171 0.0356464 0.0593379
23 0.286359 0.753904 0.0356464 0.0762024
5 0.737405 0.77233 0.0223384 0.103061
34 0.123099 0.20456 0.0798479 0.100562
9 0.794677 0.440974 0.0513308 0.0437227
35 0.434886 0.218301 0.0380228 0.0718301
4 0.413023 0.613679 0.0342205 0.0443473
34 0.0779468 0.205184 0.0779468 0.101811
11 0.0655894 0.578701 0.0304183 0.0580887
35 0.454373 0.214241 0.0275665 0.0787008
26 0.361217 0.414116 0.0351711 0.0674578
6 0.104087 0.600562 0.0370722 0.0705809
20 0.450095 0.763898 0.0247148 0.0774516
35 0.420627 0.21955 0.0370722 0.0705809
4 0.525428 0.63679 0.036597 0.0468457
16 0.322006 0.600874 0.0289924 0.0487196
26 0.552281 0.424422 0.0361217 0.0730793
14 0.460076 0.42411 0.0323194 0.0749532
11 0.195342 0.579638 0.03327 0.0499688
9 0.852899 0.424422 0.0470532 0.0818239
17 0.367871 0.598376 0.0389734 0.0574641
31 0.568203 0.628982 0.0289924 0.0587133
9 0.909696 0.422236 0.0598859 0.0787008
11 0.102424 0.599001 0.0394487 0.062461
7 0.0646388 0.575578 0.0313688 0.0630856
26 0.502139 0.419738 0.0442015 0.07995
3 0.884506 0.619925 0.103612 0.0668332
13 0.314876 0.406309 0.0403992 0.0780762
33 0.84577 0.795753 0.0223384 0.0849469
13 0.268298 0.402873 0.0451521 0.0886946
36 0.215067 0.40787 0.0442015 0.0836977
6 0.149715 0.590256 0.0380228 0.07995
5 0.79539 0.790131 0.0204373 0.0886946
28 0.714829 0.215803 0.0456274 0.0855715
35 0.36597 0.221736 0.0408745 0.0724547
26 0.404705 0.412555 0.0356464 0.0743285
17 0.482177 0.622423 0.0346958 0.0568395
35 0.278042 0.21549 0.0389734 0.0886946
24 0.674192 0.433167 0.0537072 0.0593379
23 0.330798 0.758588 0.0408745 0.0730793
35 0.323669 0.222673 0.0380228 0.0718301
11 0.239781 0.597439 0.0403992 0.0580887
29 0.11288 0.402873 0.0470532 0.0874453
30 0.737167 0.775141 0.019962 0.117427
28 0.603375 0.222049 0.0470532 0.0718301
1 0.658745 0.620237 0.0437262 0.0612117
28 0.658983 0.217676 0.0451521 0.0830731
20 0.573432 0.788882 0.0270913 0.07995
35 0.494059 0.213616 0.043251 0.0924422
2 0.781844 0.618988 0.103612 0.0724547
12 0.677044 0.784822 0.029943 0.0918176
24 0.731226 0.436602 0.0622624 0.0549656
1 0.613118 0.621799 0.0418251 0.0605871
8 0.84577 0.198626 0.0670152 0.113679
29 0.0617871 0.400062 0.0456274 0.0830731
20 0.601711 0.783573 0.0237643 0.0818239
28 0.549192 0.21268 0.0489544 0.0930668
28 0.775665 0.214866 0.0503802 0.0836977
21 0.533032 0.776702 0.029943 0.0730793
18 0.120722 0.757964 0.039924 0.0818239
18 0.163023 0.758588 0.0408745 0.0830731
21 0.375713 0.747033 0.0251901 0.091193
8 0.915399 0.198938 0.0579848 0.110556
34 0.142823 0.211743 0.0403992 0.0936914
36 0.16231 0.402249 0.0451521 0.091193
18 0.0800856 0.758588 0.0394487 0.0918176
34 0.0998099 0.202998 0.0389734 0.103685
34 0.23289 0.207995 0.039924 0.102436
18 0.205323 0.759525 0.0389734 0.07995
21 0.500238 0.772954 0.0280418 0.0805746
34 0.190114 0.21143 0.0427757 0.0955653
21 0.405418 0.748282 0.0275665 0.0874453
34 0.0563213 0.20456 0.0413498 0.111805
