13 0.341463 0.363864 0.101626 0.0790464
35 0.526931 0.171895 0.0193089 0.0652447
21 0.522358 0.719573 0.0172764 0.0614806
16 0.346291 0.562422 0.0462398 0.0608532
35 0.300305 0.169072 0.0955285 0.0834379
25 0.701474 0.571205 0.0309959 0.0332497
16 0.504573 0.571518 0.0284553 0.0414053
7 0.192835 0.540151 0.0431911 0.08532
34 0.300305 0.169699 0.0924797 0.0834379
2 0.748984 0.56399 0.0558943 0.0514429
18 0.268547 0.744668 0.085874 0.06399
18 0.294207 0.741531 0.0416667 0.0777917
8 0.773374 0.178168 0.0538618 0.0690088
32 0.339939 0.563676 0.0406504 0.0646173
18 0.074187 0.560226 0.0558943 0.0815558
6 0.287348 0.515997 0.0442073 0.0407779
16 0.412348 0.567127 0.0269309 0.0414053
26 0.611789 0.377039 0.0477642 0.0489335
18 0.222815 0.745295 0.0929878 0.0727729
26 0.369411 0.363237 0.0426829 0.0777917
22 0.341972 0.733689 0.0416667 0.087202
19 0.294207 0.741217 0.0416667 0.0759097
23 0.379065 0.734316 0.027439 0.0821832
36 0.226118 0.36261 0.103659 0.0865747
1 0.648628 0.569322 0.0442073 0.0357591
23 0.341717 0.733061 0.0421748 0.087202
14 0.442073 0.37202 0.0325203 0.0564617
31 0.549035 0.571832 0.0320122 0.0395232
4 0.506606 0.572459 0.0315041 0.0432873
35 0.407266 0.17064 0.0208333 0.0664994
19 0.341209 0.733061 0.0421748 0.0846926
21 0.407774 0.361041 0.0218496 0.087202
25 0.68064 0.364492 0.0645325 0.0313676
6 0.131352 0.571832 0.0442073 0.065872
3 0.901423 0.566499 0.078252 0.0464241
21 0.545986 0.709536 0.0279472 0.0752823
16 0.377287 0.554266 0.0299797 0.0483061
1 0.603404 0.554266 0.035061 0.0395232
13 0.369919 0.362923 0.0416667 0.0784191
35 0.373222 0.172836 0.0381098 0.0708908
9 0.833841 0.364492 0.0365854 0.0690088
18 0.0566565 0.560226 0.0360772 0.0803011
9 0.912094 0.365119 0.0477642 0.0652447
21 0.497205 0.736198 0.0259146 0.087202
33 0.844258 0.739649 0.0238821 0.0890841
11 0.2406 0.547051 0.0401423 0.0501882
25 0.613567 0.379235 0.0442073 0.0483061
23 0.412348 0.732748 0.0360772 0.08532
9 0.872713 0.361982 0.0360772 0.0752823
35 0.495173 0.175031 0.0401423 0.0614806
6 0.195376 0.540464 0.0401423 0.0809285
35 0.443343 0.171267 0.0431911 0.0614806
28 0.606453 0.175345 0.0421748 0.065872
24 0.753557 0.376098 0.0650406 0.0457967
28 0.558943 0.170954 0.0386179 0.0671267
17 0.451982 0.570891 0.0421748 0.0489335
3 0.908283 0.759724 0.0655488 0.0878294
20 0.538872 0.779799 0.035061 0.0690088
20 0.549035 0.707026 0.0238821 0.055207
28 0.712906 0.175659 0.0447154 0.06399
30 0.725102 0.716437 0.023374 0.116688
28 0.315041 0.36606 0.0477642 0.0884567
28 0.775152 0.748432 0.0564024 0.109159
26 0.55437 0.367001 0.0477642 0.0677541
18 0.153963 0.717064 0.0355691 0.0702635
29 0.145325 0.353513 0.050813 0.0972397
11 0.29065 0.565558 0.0457317 0.0583438
11 0.131606 0.572773 0.0436992 0.0577164
35 0.326474 0.167503 0.0452236 0.08532
28 0.659299 0.176286 0.0452236 0.0652447
21 0.472307 0.729925 0.0208333 0.0897114
12 0.634909 0.719887 0.0299797 0.0947302
26 0.490346 0.366688 0.0538618 0.0696361
20 0.578252 0.735885 0.0264228 0.0878294
28 0.772866 0.176286 0.0477642 0.0652447
34 0.256606 0.670013 0.10874 0.0388959
36 0.258892 0.361982 0.0513211 0.0878294
34 0.180132 0.16123 0.0472561 0.0953576
8 0.841463 0.155583 0.0670732 0.101631
18 0.199695 0.743099 0.0426829 0.0809285
36 0.20122 0.3601 0.0477642 0.0890841
12 0.666667 0.715182 0.0264228 0.0915935
34 0.0785061 0.150565 0.0452236 0.115433
34 0.276169 0.166248 0.0431911 0.0878294
18 0.245681 0.745295 0.0421748 0.0715182
34 0.226372 0.166248 0.039126 0.0903388
8 0.905996 0.162171 0.054878 0.0909661
34 0.128557 0.15276 0.0457317 0.112296
34 0.0823171 0.345358 0.0497967 0.113551
18 0.104421 0.739335 0.0492886 0.0922208
