32 0.357648 0.62158 0.0327144 0.0640547
25 0.304377 0.386505 0.0225464 0.120025
24 0.799735 0.448072 0.0601238 0.0404229
24 0.620911 0.423507 0.0473033 0.0634328
18 0.235632 0.82556 0.0848806 0.0988806
12 0.714191 0.167289 0.030504 0.123134
25 0.397657 0.178483 0.0313882 0.110697
16 0.319629 0.620025 0.0380195 0.0708955
20 0.770778 0.173197 0.0313882 0.112562
25 0.545535 0.170087 0.0300619 0.121269
17 0.456454 0.627488 0.0411141 0.0671642
25 0.700928 0.165423 0.0570292 0.123134
25 0.216844 0.151119 0.0269673 0.125622
23 0.255747 0.82245 0.0402299 0.0951493
4 0.358311 0.624067 0.030504 0.0652985
32 0.318523 0.619714 0.0384615 0.074005
20 0.484527 0.804105 0.020336 0.0808458
25 0.850575 0.180348 0.0397878 0.106965
25 0.0809019 0.399254 0.0857648 0.0957711
31 0.54863 0.630908 0.0318302 0.0628109
16 0.357869 0.624378 0.030504 0.0646766
19 0.255968 0.822139 0.040672 0.0957711
25 0.119363 0.17102 0.0380195 0.120647
23 0.298851 0.816231 0.0397878 0.0951493
19 0.298851 0.816231 0.0397878 0.0939055
17 0.404509 0.620958 0.0424403 0.0727612
25 0.90893 0.424751 0.061008 0.0820896
4 0.456675 0.629042 0.0397878 0.0615672
25 0.84527 0.412002 0.0503979 0.0901741
17 0.502874 0.617848 0.0349248 0.0727612
6 0.177719 0.616605 0.0389036 0.0976368
1 0.677056 0.628109 0.0419982 0.068408
4 0.550619 0.631841 0.035809 0.0646766
25 0.0992485 0.183769 0.0464191 0.0876866
2 0.789125 0.622512 0.0963749 0.0820896
5 0.812776 0.794465 0.0207781 0.0827114
25 0.0506189 0.185945 0.0455349 0.0833333
25 0.0545977 0.393346 0.0446508 0.101368
23 0.335544 0.777674 0.0415561 0.0715174
3 0.904288 0.629042 0.103006 0.0814677
25 0.263705 0.180037 0.0437666 0.100124
25 0.218391 0.419154 0.0512821 0.0758706
7 0.0760389 0.606965 0.0433245 0.0758706
31 0.585323 0.630908 0.0282935 0.0528607
25 0.554377 0.412935 0.0557029 0.0920398
25 0.735632 0.42102 0.0636605 0.0721393
25 0.174403 0.178172 0.0481874 0.108831
25 0.673519 0.439677 0.0481874 0.0609453
25 0.309903 0.189677 0.0335986 0.079602
25 0.583996 0.187811 0.0433245 0.0820896
1 0.616711 0.624067 0.0282935 0.0628109
33 0.875332 0.797575 0.0229885 0.0814677
25 0.157604 0.412935 0.0428824 0.090796
11 0.270557 0.609142 0.0442087 0.0690299
21 0.399867 0.172886 0.0296198 0.119403
25 0.440097 0.17102 0.030504 0.116915
7 0.124668 0.606654 0.0424403 0.0752488
25 0.528957 0.173818 0.0384615 0.106343
25 0.646331 0.167289 0.0468612 0.124378
25 0.499116 0.410448 0.0380195 0.0995025
11 0.223033 0.617537 0.0428824 0.0646766
25 0.104332 0.405162 0.0415561 0.0889303
25 0.487843 0.180037 0.0340407 0.0951493
25 0.385279 0.416045 0.0446508 0.0820896
25 0.442308 0.407338 0.0543767 0.0970149
12 0.679708 0.779229 0.0278515 0.0932836
25 0.346154 0.176306 0.0415561 0.103856
25 0.135057 0.168221 0.0243148 0.116294
25 0.336207 0.409204 0.0419982 0.0995025
25 0.898983 0.166667 0.0526083 0.130597
20 0.590186 0.800062 0.0238727 0.0889303
30 0.75221 0.775497 0.0163572 0.115672
20 0.620469 0.820274 0.0269673 0.0982587
21 0.505747 0.793221 0.0221043 0.0914179
25 0.270115 0.399254 0.0415561 0.103234
18 0.208665 0.823383 0.0433245 0.100746
25 0.826923 0.179104 0.0667551 0.113184
18 0.164014 0.820585 0.0389036 0.106343
21 0.534483 0.796331 0.0309461 0.085199
18 0.120248 0.822139 0.0415561 0.108209
21 0.392573 0.796331 0.0335986 0.096393
21 0.43015 0.794154 0.0291777 0.090796
18 0.0691866 0.821206 0.0490716 0.105099
