1 0.595553 0.622903 0.0624409 0.0347021
1 0.590114 0.579237 0.0354778 0.0364372
32 0.395459 0.573742 0.0340587 0.0381724
4 0.395932 0.574031 0.0340587 0.037594
2 0.807711 0.599769 0.0269631 0.0717178
18 0.269868 0.786003 0.09035 0.0890688
19 0.293046 0.782533 0.0439924 0.092539
9 0.651372 0.377386 0.0491958 0.0364372
6 0.219489 0.576056 0.0804163 0.0647773
35 0.394276 0.206767 0.0345317 0.0294968
9 0.584201 0.41122 0.0501419 0.0497397
8 0.706717 0.398207 0.0577105 0.0757663
23 0.338221 0.775882 0.0425733 0.0850202
7 0.154683 0.521978 0.0463576 0.0549451
35 0.424314 0.173511 0.0179754 0.0670908
16 0.304399 0.567091 0.0439924 0.0433777
35 0.471854 0.174957 0.025071 0.0884905
29 0.212394 0.313187 0.0416272 0.0572585
22 0.338694 0.777617 0.0425733 0.0884905
16 0.395932 0.573453 0.0350047 0.0387507
34 0.192763 0.167149 0.0998108 0.111047
4 0.504494 0.607287 0.0402081 0.048583
14 0.420293 0.398207 0.038316 0.0665124
20 0.586093 0.780798 0.0160833 0.0844419
24 0.644513 0.420763 0.0525071 0.0433777
11 0.252838 0.574899 0.0411542 0.0543667
2 0.761826 0.602371 0.0875118 0.08155
7 0.211921 0.515327 0.0454115 0.0404858
19 0.338931 0.778774 0.0439924 0.086177
6 0.25 0.57461 0.0373699 0.0514748
31 0.457427 0.55668 0.0274361 0.0422209
31 0.555109 0.574031 0.0231788 0.032967
32 0.354305 0.600058 0.0425733 0.0607287
18 0.12299 0.785425 0.0917692 0.0948525
35 0.269868 0.0977444 0.0411542 0.0427993
35 0.33562 0.141411 0.0373699 0.0526316
10 0.765374 0.398785 0.0482498 0.0549451
34 0.337985 0.197802 0.0439924 0.0370156
23 0.390492 0.772412 0.0496689 0.0873337
27 0.58491 0.412377 0.0534532 0.0520532
7 0.133869 0.589069 0.0416272 0.059572
14 0.315989 0.303933 0.0416272 0.0757663
13 0.428098 0.312319 0.0416272 0.0775014
13 0.310312 0.391267 0.051088 0.0792366
29 0.317171 0.310295 0.0411542 0.0734529
28 0.802507 0.130133 0.0411542 0.0636206
6 0.156102 0.522556 0.0397351 0.0537883
13 0.369678 0.39011 0.0572375 0.0931174
6 0.198675 0.583574 0.0435194 0.0717178
11 0.348155 0.534702 0.0473037 0.0433777
35 0.454352 0.179584 0.0468307 0.0838635
3 0.872043 0.603239 0.0808893 0.0786582
9 0.765847 0.397339 0.0454115 0.0555234
7 0.0938978 0.556969 0.038316 0.0647773
33 0.858325 0.810295 0.0241249 0.097166
5 0.780747 0.799884 0.0222327 0.104106
9 0.821192 0.380278 0.0548723 0.0977444
28 0.74929 0.183343 0.0482498 0.092539
26 0.526254 0.406304 0.0496689 0.0757663
36 0.189451 0.388375 0.0496689 0.08155
8 0.706244 0.107287 0.0700095 0.0561018
28 0.416272 0.10295 0.0690634 0.0497397
36 0.10123 0.309717 0.0671712 0.0468479
28 0.56457 0.181897 0.0534532 0.0850202
20 0.562914 0.797571 0.0264901 0.0948525
8 0.809603 0.200694 0.0572375 0.0532099
30 0.720908 0.778485 0.0236518 0.143436
26 0.470435 0.395894 0.0468307 0.0838635
9 0.890965 0.395315 0.0619678 0.0977444
24 0.708136 0.395894 0.0596026 0.0757663
12 0.640255 0.789474 0.0298013 0.10295
28 0.68685 0.189994 0.0473037 0.0711394
29 0.0756859 0.389532 0.0473037 0.0676692
20 0.531693 0.795257 0.0274361 0.0913823
29 0.136235 0.379121 0.0491958 0.0908039
36 0.24527 0.392423 0.0543992 0.0884905
28 0.508042 0.174089 0.0425733 0.0983227
28 0.62843 0.181608 0.0477767 0.0913823
34 0.221145 0.165703 0.0458846 0.113939
8 0.896405 0.171486 0.0633869 0.105842
34 0.108798 0.163389 0.0529801 0.116252
21 0.473983 0.788606 0.0302744 0.0884905
18 0.193236 0.784847 0.0421003 0.0913823
18 0.0972091 0.78716 0.0458846 0.0948525
18 0.146405 0.786293 0.0430464 0.0896472
18 0.242195 0.786582 0.0435194 0.0902256
34 0.0517975 0.165414 0.0487228 0.10642
34 0.278619 0.175535 0.0558184 0.0931174
21 0.436613 0.784558 0.0331126 0.0977444
34 0.16438 0.164546 0.0487228 0.113939
