2 0.801149 0.560273 0.051954 0.0314727
9 0.827586 0.369656 0.0413793 0.0766033
3 0.918621 0.575713 0.0643678 0.0492874
36 0.451724 0.360451 0.0252874 0.0938242
35 0.415862 0.177257 0.0225287 0.0706651
35 0.403908 0.17696 0.0225287 0.0629454
2 0.734713 0.586698 0.0202299 0.0736342
3 0.874253 0.607482 0.04 0.0510689
35 0.363218 0.185867 0.0468966 0.0522565
9 0.726207 0.386283 0.0427586 0.0611639
25 0.365057 0.186758 0.0478161 0.0504751
36 0.533333 0.323634 0.0487356 0.0570071
1 0.614713 0.58462 0.0478161 0.0433492
29 0.0956322 0.366686 0.0321839 0.0576009
23 0.361149 0.793052 0.0491954 0.094418
21 0.472184 0.797209 0.034023 0.11342
25 0.158851 0.562648 0.04 0.0480998
25 0.374253 0.567102 0.0377011 0.0771971
34 0.142299 0.188539 0.0344828 0.0528504
34 0.101379 0.187055 0.0372414 0.043943
9 0.822299 0.343824 0.0390805 0.0748219
17 0.472184 0.598872 0.0377011 0.0647268
27 0.532414 0.324228 0.0478161 0.0546318
28 0.578161 0.18557 0.0381609 0.0552257
6 0.311034 0.517518 0.0354023 0.0433492
2 0.811035 0.606295 0.0634483 0.0451306
28 0.752414 0.185273 0.0482759 0.0593824
25 0.094023 0.368468 0.0344828 0.0516627
23 0.305977 0.797209 0.0510345 0.111045
13 0.485977 0.377375 0.0386207 0.0801663
18 0.162069 0.804632 0.0933333 0.131829
6 0.202759 0.524644 0.034023 0.0718527
11 0.322529 0.570368 0.0491954 0.0528504
28 0.775632 0.388064 0.0487356 0.0611639
8 0.86046 0.151722 0.0298851 0.107482
25 0.532874 0.393409 0.0422988 0.0564133
19 0.305747 0.795428 0.0505747 0.106295
26 0.485977 0.377375 0.0386207 0.0825416
25 0.183908 0.370546 0.0377011 0.0653207
25 0.269885 0.369359 0.0413793 0.0570071
28 0.612184 0.141033 0.0381609 0.0564133
25 0.482299 0.176366 0.0487356 0.0665083
33 0.88046 0.809679 0.0229885 0.106295
11 0.311264 0.516627 0.0358621 0.0463183
25 0.906897 0.394596 0.0436782 0.0635392
20 0.602759 0.766627 0.0275862 0.0665083
5 0.801609 0.774347 0.0225287 0.10095
24 0.615862 0.391924 0.0547126 0.0724466
21 0.457471 0.795428 0.0211494 0.10867
29 0.130805 0.356591 0.0372414 0.0825416
35 0.417241 0.35095 0.0326437 0.0938242
35 0.438391 0.1731 0.028046 0.0730404
23 0.410575 0.809382 0.0432184 0.0938242
30 0.691724 0.78266 0.0225287 0.128266
21 0.482989 0.793052 0.0243678 0.118171
35 0.314713 0.175772 0.0363218 0.0783848
28 0.674713 0.388955 0.0427586 0.0748219
25 0.369885 0.358076 0.0390805 0.0807601
5 0.852644 0.79899 0.0234483 0.106295
25 0.318851 0.362233 0.0464368 0.0724466
28 0.532414 0.161223 0.0349425 0.094418
34 0.229655 0.169834 0.0372414 0.0807601
25 0.183908 0.168943 0.0395402 0.0861045
30 0.74 0.755048 0.0197701 0.138361
20 0.550805 0.804929 0.0294253 0.106295
20 0.605747 0.837886 0.0648276 0.0617577
34 0.105057 0.557007 0.0464368 0.110451
12 0.661379 0.792458 0.0271264 0.116983
8 0.909885 0.163599 0.0505747 0.103919
28 0.656782 0.170131 0.0418391 0.0920428
18 0.192644 0.791865 0.0450575 0.130048
18 0.138621 0.812648 0.0464368 0.121734
28 0.70092 0.168052 0.0381609 0.0938242
25 0.810575 0.170724 0.0570115 0.0872922
18 0.246437 0.807601 0.0496552 0.112827
25 0.270345 0.171318 0.0377011 0.0872922
21 0.510805 0.768705 0.0275862 0.0967933
18 0.0864368 0.793646 0.0514943 0.122922
