7 0.179981 0.581113 0.0603899 0.0633511
28 0.747028 0.166963 0.0199715 0.0521018
16 0.403471 0.597987 0.0271041 0.0343398
17 0.504755 0.5746 0.0271041 0.0432208
19 0.356396 0.785968 0.0489777 0.114269
22 0.356158 0.785376 0.0475511 0.114269
18 0.288398 0.791593 0.065145 0.10894
32 0.357822 0.580817 0.0451736 0.0639432
11 0.260105 0.550918 0.0370899 0.0313795
13 0.291488 0.363529 0.086543 0.0888099
19 0.288398 0.790409 0.063243 0.112493
23 0.357584 0.78508 0.0485021 0.111308
27 0.626961 0.37241 0.0413695 0.0544701
18 0.153352 0.706335 0.0470756 0.0722321
9 0.627199 0.373594 0.040894 0.0544701
30 0.660723 0.73209 0.020447 0.141504
24 0.679268 0.378034 0.0518307 0.0432208
10 0.790775 0.37833 0.0456491 0.0390764
14 0.453638 0.368265 0.0332858 0.0639432
21 0.402996 0.530491 0.021398 0.0817052
2 0.842606 0.776791 0.041845 0.0485494
23 0.414646 0.77087 0.0399429 0.098283
4 0.510461 0.579633 0.0385164 0.0390764
1 0.610794 0.556542 0.0385164 0.0390764
9 0.791726 0.381291 0.043747 0.0378922
11 0.305278 0.581409 0.040894 0.0592066
30 0.679981 0.71344 0.0190204 0.142096
17 0.551117 0.57312 0.0342368 0.0473653
20 0.549215 0.71196 0.0323348 0.0550622
7 0.140751 0.558319 0.0332858 0.0592066
28 0.716358 0.177028 0.0413695 0.0674956
17 0.473609 0.557134 0.0370899 0.0544701
30 0.650499 0.744523 0.0228245 0.130847
25 0.245126 0.594731 0.0603899 0.0515098
13 0.394199 0.35968 0.0523062 0.0882179
20 0.576557 0.733866 0.0261531 0.0811131
7 0.0958155 0.55743 0.0404184 0.0645352
25 0.188065 0.583185 0.0565858 0.0639432
35 0.412268 0.167259 0.0475511 0.0751924
9 0.850452 0.364121 0.0461246 0.080521
33 0.87708 0.800178 0.0233 0.0751924
26 0.5 0.361456 0.0461246 0.0787448
28 0.618878 0.171995 0.0366144 0.0763766
1 0.651926 0.577857 0.043747 0.0378922
3 0.896814 0.567496 0.086543 0.0609828
26 0.565145 0.366489 0.0480266 0.0639432
9 0.90252 0.35968 0.0456491 0.0787448
21 0.444365 0.522202 0.0242511 0.080521
35 0.46719 0.17762 0.0385164 0.0639432
20 0.560628 0.792481 0.0713267 0.0455891
24 0.735378 0.378034 0.0584879 0.0467732
29 0.101522 0.367969 0.0518307 0.0692718
13 0.337375 0.359384 0.0518307 0.0899941
2 0.793153 0.566903 0.10271 0.0597987
35 0.354731 0.160154 0.0456491 0.0822972
34 0.213029 0.141208 0.0342368 0.116637
35 0.522587 0.177916 0.0485021 0.0657194
20 0.61864 0.751036 0.0285307 0.0965068
28 0.576795 0.169923 0.0351878 0.0769686
28 0.77437 0.174067 0.0385164 0.0746004
29 0.159534 0.360272 0.0470756 0.089402
21 0.471945 0.738603 0.0328103 0.0965068
18 0.21826 0.785968 0.0599144 0.0882179
36 0.221826 0.362937 0.0461246 0.0864417
8 0.831669 0.173771 0.0561103 0.0751924
36 0.276747 0.36116 0.0542083 0.0888099
18 0.145506 0.790409 0.0551593 0.0639432
21 0.507608 0.731202 0.0309082 0.0852576
34 0.254874 0.154233 0.0399429 0.0870337
34 0.170946 0.153049 0.0442225 0.089402
18 0.0796481 0.799586 0.0556348 0.0917703
8 0.891346 0.166963 0.0518307 0.0899941
34 0.117927 0.151273 0.0485021 0.107164
34 0.304089 0.156306 0.0451736 0.0923623
