8 0.901171 0.161462 0.0600293 0.0855715
21 0.409468 0.714866 0.034163 0.0868207
18 0.254026 0.732979 0.0395315 0.0805746
19 0.255735 0.732042 0.0449 0.0824485
6 0.0439239 0.510931 0.0517326 0.0349781
25 0.674475 0.544347 0.0283065 0.0405996
16 0.414104 0.539975 0.0258663 0.0455965
17 0.472914 0.505621 0.0419717 0.0306059
2 0.867252 0.73173 0.0536847 0.0993129
17 0.41264 0.54466 0.0287945 0.0574641
17 0.493167 0.55965 0.0395315 0.0549656
35 0.472914 0.155528 0.0370913 0.0874453
25 0.646169 0.365397 0.0614934 0.0387258
35 0.488287 0.152405 0.0258663 0.0886946
2 0.713275 0.549344 0.0287945 0.065584
12 0.577843 0.151156 0.0322108 0.0999375
23 0.409468 0.714553 0.0361152 0.0836977
33 0.798926 0.506246 0.0214739 0.0693317
17 0.443387 0.550593 0.0395315 0.0568395
16 0.350415 0.562773 0.034163 0.0537164
11 0.24939 0.573704 0.0409956 0.0430981
10 0.710102 0.371018 0.0400195 0.0524672
4 0.494143 0.559026 0.0395315 0.0487196
21 0.377257 0.361337 0.0263543 0.0893192
25 0.175207 0.361961 0.0449 0.0805746
14 0.419961 0.359775 0.0307467 0.0662086
25 0.652269 0.351655 0.0610054 0.0312305
23 0.298438 0.727983 0.0405076 0.0868207
35 0.425573 0.153966 0.0244021 0.0793254
11 0.205466 0.541537 0.0370913 0.0549656
25 0.302587 0.550281 0.0409956 0.0899438
3 0.871157 0.549032 0.0575891 0.0674578
19 0.30039 0.726109 0.0414837 0.0868207
33 0.803563 0.694566 0.0180576 0.07995
28 0.280137 0.361024 0.0351391 0.0924422
13 0.338702 0.358838 0.0400195 0.08807
34 0.140556 0.144285 0.02245 0.0999375
34 0.209858 0.148032 0.0263543 0.0949407
31 0.538555 0.557464 0.0287945 0.0518426
6 0.254758 0.517177 0.0409956 0.0499688
20 0.524402 0.753904 0.0297706 0.0824485
25 0.174963 0.1396 0.0405076 0.114304
3 0.868716 0.733916 0.0556369 0.101187
1 0.582723 0.54872 0.0468521 0.0518426
35 0.45876 0.157714 0.034163 0.0805746
26 0.464861 0.355403 0.0522206 0.0749532
18 0.116398 0.702374 0.0278184 0.0730793
26 0.525378 0.355091 0.0395315 0.0793254
23 0.344314 0.731418 0.045388 0.0874453
9 0.709614 0.370081 0.0419717 0.054341
11 0.0956564 0.571205 0.0449 0.0580887
6 0.162762 0.531231 0.0356271 0.0730793
25 0.580283 0.370706 0.0429478 0.0618364
8 0.8653 0.169582 0.0302587 0.0705809
9 0.81918 0.349157 0.0463641 0.07995
28 0.6857 0.158026 0.0429478 0.0836977
29 0.113226 0.349469 0.0527086 0.101811
35 0.354563 0.157402 0.0414837 0.0787008
9 0.879697 0.357589 0.0600293 0.0805746
20 0.558565 0.713929 0.0248902 0.0999375
35 0.400195 0.156777 0.0351391 0.0787008
30 0.697901 0.698626 0.0185456 0.105559
1 0.631284 0.557152 0.0434358 0.0474703
21 0.484627 0.716427 0.0234261 0.0762024
35 0.303075 0.152717 0.045876 0.0893192
25 0.906784 0.157089 0.0478282 0.0918176
34 0.219863 0.66396 0.0902879 0.0374766
21 0.458028 0.704247 0.022938 0.0818239
18 0.0395315 0.566209 0.0497804 0.0593379
28 0.632016 0.159275 0.0429478 0.0824485
18 0.20693 0.737039 0.0419717 0.0749532
12 0.644705 0.686446 0.0273304 0.0861961
28 0.531723 0.148032 0.0424597 0.0974391
28 0.741825 0.163335 0.0517326 0.0818239
36 0.229624 0.358838 0.0444119 0.0918176
25 0.763787 0.372267 0.0595412 0.0549656
18 0.0693021 0.734229 0.0468521 0.0868207
34 0.0517326 0.133666 0.0449 0.119925
8 0.813324 0.150843 0.0688141 0.109307
34 0.101513 0.137726 0.045876 0.116802
34 0.249146 0.147096 0.0444119 0.0993129
18 0.160322 0.736415 0.0414837 0.0787008
28 0.742801 0.723298 0.0468521 0.108682
34 0.0517326 0.339475 0.0497804 0.123048
