25 0.567789 0.343223 0.0376606 0.0453752
25 0.383474 0.187609 0.0420913 0.0494474
25 0.380151 0.488074 0.0372175 0.0535195
0 0.618742 0.511926 0.0279132 0.0255963
28 0.586619 0.186736 0.0443066 0.0570099
2 0.727957 0.467423 0.0292424 0.0447935
35 0.204475 0.341187 0.040319 0.0715532
7 0.17634 0.485457 0.0691183 0.0564282
23 0.369517 0.629145 0.0575986 0.0738802
26 0.344041 0.351076 0.0500665 0.0401396
2 0.68786 0.485457 0.0350022 0.0657359
13 0.344484 0.351076 0.0518387 0.0413031
19 0.30926 0.656195 0.0345591 0.089587
21 0.436199 0.628854 0.0350022 0.0709715
35 0.299956 0.165503 0.0194949 0.0843514
18 0.197164 0.664921 0.0868409 0.0837696
7 0.133363 0.472077 0.0256978 0.061082
23 0.308152 0.655614 0.0314577 0.0907504
18 0.136021 0.665503 0.0256978 0.0884235
31 0.496455 0.48982 0.0279132 0.0500291
17 0.435977 0.465678 0.0301285 0.0529378
13 0.298183 0.326062 0.033673 0.0622455
35 0.398759 0.164049 0.0212672 0.0616638
35 0.424679 0.177138 0.0252548 0.0750436
10 0.723305 0.350494 0.0465219 0.0541012
25 0.588835 0.185864 0.0443066 0.0564282
2 0.648206 0.486329 0.0230394 0.0663176
24 0.616969 0.347004 0.0447497 0.0447935
23 0.35556 0.617219 0.0350022 0.0639907
14 0.42202 0.331879 0.0243686 0.0657359
19 0.264953 0.662885 0.0425343 0.0820244
7 0.142224 0.462769 0.0283562 0.0587551
33 0.73549 0.65765 0.0230394 0.0855148
35 0.272264 0.164049 0.0367745 0.0919139
11 0.240363 0.470332 0.0350022 0.0343223
11 0.285113 0.435137 0.0305716 0.0395579
7 0.116748 0.47644 0.0243686 0.0581734
9 0.725521 0.350785 0.0482942 0.052356
25 0.686309 0.179465 0.0478511 0.0668994
25 0.199823 0.340605 0.033673 0.0657359
5 0.66615 0.654159 0.0208241 0.0971495
21 0.446611 0.619837 0.0194949 0.0727167
35 0.443952 0.175974 0.033673 0.0773706
26 0.512627 0.324316 0.0372175 0.0622455
9 0.776473 0.341478 0.0438635 0.0686446
28 0.614533 0.129145 0.0540541 0.0372309
26 0.456801 0.345841 0.0407621 0.063409
25 0.110988 0.165212 0.0376606 0.0884235
35 0.325432 0.176556 0.0341161 0.0657359
11 0.281125 0.480803 0.0305716 0.0447935
9 0.820115 0.319081 0.0460789 0.080861
28 0.538768 0.171611 0.033673 0.0802792
36 0.256757 0.327516 0.040319 0.0744619
34 0.195171 0.168121 0.0305716 0.0826062
21 0.424679 0.640489 0.0208241 0.0767888
28 0.633806 0.181501 0.03323 0.0651542
3 0.801728 0.495928 0.0686752 0.0715532
25 0.192291 0.487493 0.0345591 0.0593368
29 0.168144 0.32897 0.0252548 0.0692263
25 0.807045 0.171611 0.0598139 0.0756254
30 0.6214 0.634962 0.019938 0.108784
1 0.537218 0.472368 0.040319 0.0500291
25 0.668587 0.347586 0.0549402 0.0552647
25 0.230616 0.163467 0.0350022 0.089587
29 0.131369 0.335079 0.0438635 0.0639907
34 0.270049 0.168412 0.0358883 0.0866783
20 0.48117 0.654159 0.0274701 0.0878418
8 0.741249 0.169575 0.046965 0.078534
28 0.494462 0.174811 0.0434205 0.0727167
18 0.115197 0.66783 0.0451927 0.0884235
20 0.513292 0.653287 0.0261409 0.0837696
18 0.171023 0.659104 0.0372175 0.08726
18 0.220868 0.668703 0.040319 0.0855148
21 0.392335 0.652705 0.0287993 0.0860966
12 0.544307 0.614601 0.0225964 0.0715532
1 0.57953 0.499127 0.0416482 0.0581734
34 0.156624 0.166085 0.0412051 0.0878418
12 0.570669 0.625364 0.0256978 0.0802792
