23 0.344592 0.755435 0.0428256 0.103865
34 0.112804 0.128925 0.0772627 0.093599
17 0.408168 0.563104 0.0331126 0.0730676
20 0.592053 0.778382 0.0573951 0.0978261
9 0.61479 0.374094 0.0463576 0.0730676
11 0.340618 0.557669 0.0940397 0.0694444
11 0.264459 0.5157 0.0326711 0.0350242
28 0.616998 0.132246 0.0949227 0.0966184
25 0.164901 0.115036 0.0286976 0.118961
9 0.8 0.38285 0.0538631 0.0567633
36 0.234437 0.339976 0.0988963 0.105072
21 0.543267 0.763587 0.0737307 0.0972222
27 0.615232 0.374396 0.0490066 0.0736715
10 0.800662 0.38285 0.0569536 0.0543478
32 0.36468 0.557065 0.0415011 0.0766908
19 0.299117 0.762681 0.0410596 0.100242
19 0.343709 0.756643 0.0428256 0.100242
17 0.445695 0.559783 0.0304636 0.0748792
17 0.541501 0.586353 0.0375276 0.0567633
18 0.130905 0.769928 0.0958057 0.109903
35 0.481898 0.128925 0.0286976 0.0948068
35 0.450773 0.137077 0.0309051 0.0785024
4 0.542163 0.583937 0.0370861 0.0628019
23 0.391832 0.756341 0.0472406 0.104469
14 0.425386 0.343901 0.0428256 0.100845
16 0.409713 0.5625 0.0353201 0.0682367
17 0.492274 0.579408 0.0415011 0.0634058
9 0.854967 0.362621 0.0525386 0.0778985
28 0.821634 0.137077 0.0494481 0.0869565
7 0.103091 0.548611 0.0384106 0.0706522
35 0.423179 0.138889 0.0322296 0.0797101
13 0.320088 0.344505 0.0512141 0.0948068
5 0.81479 0.76872 0.0242826 0.0990338
35 0.75298 0.12651 0.0445916 0.110507
31 0.579691 0.580314 0.0291391 0.0555556
28 0.658278 0.119565 0.0291391 0.113527
9 0.91457 0.366244 0.0534216 0.0887681
6 0.218764 0.547705 0.0437086 0.0942029
30 0.749669 0.753321 0.0238411 0.134662
35 0.38521 0.139493 0.0384106 0.0833333
28 0.642384 0.122886 0.0370861 0.112923
33 0.876821 0.773249 0.0247241 0.0948068
34 0.225828 0.127415 0.0428256 0.113527
28 0.594261 0.132246 0.0450331 0.0905797
1 0.669095 0.585749 0.0516556 0.0652174
20 0.608389 0.777476 0.0273731 0.0996377
24 0.673731 0.375302 0.0609272 0.0597826
11 0.268874 0.561594 0.0415011 0.0591787
7 0.16755 0.519324 0.0401766 0.0809179
24 0.73819 0.377114 0.0582781 0.0621981
26 0.493598 0.362923 0.0538631 0.0990338
3 0.897572 0.570048 0.0988963 0.0881642
2 0.788962 0.570954 0.0988963 0.0875604
20 0.575938 0.776872 0.0260486 0.102053
18 0.249448 0.764493 0.0450331 0.100242
26 0.556733 0.3593 0.0529801 0.0954106
29 0.153642 0.334843 0.0450331 0.0863527
25 0.328477 0.128019 0.0476821 0.107488
12 0.673951 0.764795 0.0295806 0.0996377
13 0.376821 0.346014 0.0507726 0.0990338
11 0.316115 0.558575 0.0432671 0.0676328
25 0.277483 0.121679 0.0454746 0.117754
25 0.530464 0.127717 0.0578366 0.105676
28 0.701104 0.126812 0.0450331 0.112319
34 0.134658 0.126208 0.0344371 0.102657
1 0.621192 0.582126 0.0423841 0.0664251
29 0.0969095 0.342089 0.0534216 0.0911836
36 0.208609 0.340278 0.0498896 0.0960145
21 0.487417 0.765399 0.0309051 0.0984299
8 0.897351 0.123188 0.0772627 0.111111
34 0.0900662 0.128925 0.0397351 0.0972222
21 0.451214 0.755133 0.0229581 0.103261
21 0.522296 0.764191 0.0300221 0.0960145
36 0.262472 0.34058 0.0481236 0.0978261
18 0.154305 0.765097 0.0428256 0.109903
18 0.104194 0.769022 0.0450331 0.1093
18 0.201766 0.764191 0.0432671 0.108092
