16 0.354504 0.733577 0.0288462 0.0555867
7 0.147267 0.559798 0.0404858 0.0426727
28 0.699899 0.252667 0.0242915 0.0595171
34 0.30415 0.369175 0.0374494 0.0668164
35 0.326923 0.215328 0.0425101 0.0432341
6 0.134109 0.723189 0.0597166 0.0336889
34 0.730516 0.802358 0.0379555 0.107805
18 0.270749 0.776811 0.0364372 0.0634475
11 0.280111 0.635317 0.0450405 0.0252667
1 0.656123 0.582538 0.0430162 0.0308815
16 0.287196 0.599382 0.042004 0.0320045
28 0.546306 0.25014 0.0187247 0.0724312
28 0.587804 0.249017 0.0258097 0.0701853
11 0.134109 0.72347 0.0637652 0.0364963
32 0.328694 0.626053 0.0399798 0.0471645
9 0.575658 0.434307 0.0460526 0.0421112
28 0.78087 0.21589 0.0374494 0.0421112
28 0.472166 0.184166 0.048583 0.0381808
25 0.80415 0.703257 0.117409 0.0364963
28 0.578947 0.395564 0.0445344 0.0320045
8 0.82667 0.252667 0.0268219 0.062886
20 0.844636 0.807692 0.0263158 0.078046
26 0.484059 0.427007 0.0926113 0.0600786
14 0.303897 0.368332 0.0379555 0.0662549
4 0.480769 0.600786 0.0364372 0.0505334
24 0.628289 0.438518 0.0531377 0.0359349
21 0.415992 0.770915 0.0263158 0.0561482
14 0.424848 0.42055 0.0227733 0.0482875
19 0.270243 0.778495 0.0354251 0.0600786
35 0.375 0.274003 0.0354251 0.031443
31 0.441296 0.56064 0.0303644 0.0331275
19 0.310729 0.774846 0.0384615 0.0673779
23 0.352986 0.784391 0.0359312 0.0482875
34 0.236083 0.243122 0.0946356 0.094329
4 0.370192 0.608085 0.0339069 0.0393038
16 0.370698 0.608928 0.0339069 0.0387423
23 0.310223 0.774003 0.0394737 0.0656934
13 0.393472 0.382931 0.0399798 0.0685008
6 0.147773 0.561482 0.0364372 0.0404267
5 0.762652 0.795059 0.0222672 0.0976979
14 0.393725 0.451993 0.0283401 0.0561482
29 0.206225 0.375351 0.0450405 0.0510949
10 0.745192 0.424481 0.0480769 0.0426727
7 0.204453 0.552779 0.0425101 0.0398652
8 0.691802 0.201572 0.0587045 0.0426727
33 0.844636 0.8105 0.0242915 0.078046
7 0.0991903 0.591241 0.0334008 0.0539023
11 0.327429 0.571028 0.0435223 0.0370578
28 0.669281 0.259124 0.0369433 0.0544638
9 0.744939 0.422796 0.0506073 0.0449186
34 0.323634 0.2653 0.0501012 0.048849
7 0.136387 0.611735 0.0399798 0.046603
12 0.501265 0.789444 0.0308704 0.0797305
11 0.235577 0.60219 0.0339069 0.0443571
24 0.688765 0.427288 0.0546559 0.0370578
28 0.515688 0.250702 0.041498 0.0724312
35 0.414221 0.250702 0.0389676 0.078046
36 0.184464 0.439921 0.0511134 0.0656934
8 0.787449 0.265581 0.0536437 0.0381808
28 0.734565 0.25379 0.0389676 0.0651319
2 0.754555 0.599944 0.112348 0.078046
13 0.348684 0.438798 0.0536437 0.078046
28 0.575405 0.248175 0.0425101 0.0741157
36 0.189018 0.722628 0.042004 0.0494104
36 0.234059 0.436833 0.0440283 0.0696238
35 0.262652 0.170691 0.0425101 0.0437956
36 0.104757 0.368613 0.0668016 0.0387423
13 0.293016 0.445255 0.0495951 0.0707468
18 0.183704 0.780741 0.0394737 0.0522179
30 0.696862 0.764739 0.0222672 0.142617
26 0.514929 0.430376 0.0531377 0.0555867
26 0.460273 0.421673 0.0450405 0.0595171
28 0.658401 0.784952 0.0445344 0.0898372
28 0.441549 0.713644 0.0470648 0.0696238
9 0.864626 0.414935 0.0501012 0.0797305
6 0.189524 0.610051 0.0369433 0.0600786
9 0.801872 0.409882 0.0571862 0.0808535
28 0.404099 0.172094 0.0703441 0.0499719
29 0.0774292 0.445255 0.0465587 0.0595171
20 0.533654 0.791971 0.027834 0.0847838
35 0.466346 0.252667 0.0369433 0.0696238
35 0.526822 0.706625 0.0465587 0.0623245
18 0.225708 0.781022 0.0384615 0.0516564
18 0.139929 0.775688 0.0379555 0.0567097
3 0.856528 0.599102 0.0845142 0.0685008
29 0.133097 0.432903 0.0435223 0.0763616
12 0.611336 0.744526 0.0303644 0.0976979
8 0.867409 0.245087 0.055668 0.0758001
24 0.897267 0.804323 0.0698381 0.0948905
28 0.626012 0.246771 0.0394737 0.079169
34 0.209008 0.241718 0.0445344 0.101628
25 0.811994 0.72347 0.116903 0.0533408
34 0.106275 0.241999 0.0516194 0.0999439
34 0.263917 0.247052 0.0521255 0.0875912
18 0.0986842 0.77288 0.041498 0.0668164
34 0.159666 0.240876 0.0430162 0.103313
34 0.0508603 0.243683 0.0460526 0.095452
