28 0.570486 0.18426 0.0287942 0.0474703
1 0.568686 0.524672 0.0419916 0.0274828
7 0.119076 0.532792 0.0413917 0.0299813
25 0.739052 0.36852 0.0743851 0.0249844
34 0.155369 0.173017 0.0875825 0.0612117
22 0.323035 0.71143 0.0485903 0.0924422
7 0.0725855 0.524984 0.0383923 0.0455965
35 0.387522 0.180824 0.025195 0.0468457
32 0.327534 0.528107 0.0455909 0.0555903
35 0.292741 0.178951 0.0827834 0.0568395
18 0.084883 0.724859 0.0485903 0.0930668
13 0.30024 0.355403 0.0341932 0.0449719
2 0.736953 0.528732 0.102579 0.0393504
25 0.907019 0.273891 0.10078 0.0668332
19 0.323635 0.710181 0.0473905 0.0924422
25 0.688662 0.366334 0.0635873 0.0231106
14 0.433113 0.357901 0.0455909 0.0462211
1 0.631074 0.538726 0.0491902 0.0331043
33 0.795141 0.68832 0.0221956 0.0824485
11 0.235153 0.503748 0.0455909 0.0356027
30 0.675465 0.675515 0.0275945 0.115553
8 0.0704859 0.166146 0.0509898 0.0674578
11 0.236953 0.489069 0.0419916 0.0299813
11 0.230054 0.51624 0.040192 0.0331043
9 0.934313 0.361337 0.0605879 0.0306059
17 0.443611 0.530294 0.0473905 0.0412242
7 0.107978 0.505621 0.0287942 0.0430981
26 0.366827 0.3604 0.0641872 0.0337289
25 0.39952 0.530606 0.034793 0.0405996
5 0.730054 0.682074 0.0239952 0.0886946
19 0.263047 0.713304 0.0533893 0.0924422
11 0.286443 0.483136 0.0353929 0.0343535
35 0.355129 0.179263 0.0311938 0.0499688
28 0.583083 0.182386 0.0383923 0.0487196
25 0.168266 0.522798 0.0437912 0.0549656
7 0.0590882 0.522486 0.0305939 0.0443473
25 0.745051 0.178326 0.0371926 0.0568395
23 0.370126 0.676765 0.0419916 0.0793254
5 0.763647 0.698626 0.0287942 0.0943161
23 0.324835 0.710181 0.044991 0.0974391
26 0.561188 0.362274 0.04979 0.0412242
25 0.176665 0.353529 0.0353929 0.0549656
25 0.621476 0.362586 0.0443911 0.036852
35 0.468206 0.183635 0.0485903 0.0437227
33 0.819736 0.698938 0.0293941 0.0924422
26 0.505099 0.362586 0.0611878 0.0418488
36 0.254349 0.352592 0.0503899 0.054341
28 0.524595 0.179575 0.044991 0.0518426
11 0.281644 0.520924 0.0353929 0.0424735
21 0.474205 0.698314 0.0293941 0.0961899
8 0.807139 0.176452 0.0533893 0.0505934
29 0.0890822 0.351031 0.0557888 0.0549656
35 0.317636 0.1802 0.0377924 0.054341
30 0.688362 0.677389 0.0221956 0.115553
35 0.419916 0.185197 0.0383923 0.0418488
25 0.881224 0.176765 0.0671866 0.0549656
29 0.140072 0.349469 0.0329934 0.0580887
28 0.685363 0.184572 0.0413917 0.0405996
20 0.527295 0.699563 0.0275945 0.0824485
18 0.0614877 0.729232 0.0581884 0.0905684
20 0.561788 0.7005 0.0305939 0.0855715
25 0.0671866 0.165834 0.0587882 0.0755778
25 0.635573 0.184884 0.0485903 0.0462211
18 0.139772 0.712992 0.0467906 0.101811
18 0.204859 0.724235 0.0521896 0.0893192
34 0.127175 0.171768 0.0479904 0.0637102
34 0.178164 0.174578 0.0359928 0.0630856
12 0.610078 0.674891 0.0311938 0.08807
34 0.269346 0.173954 0.0419916 0.0668332
25 0.222256 0.170831 0.0437912 0.0693317
21 0.428614 0.69238 0.0329934 0.0968145
