26 0.472376 0.307933 0.0306379 0.0362274
28 0.622049 0.182074 0.036665 0.0393504
25 0.280261 0.35228 0.0532396 0.0462211
22 0.410598 0.72767 0.0647916 0.102436
28 0.709191 0.184572 0.0351582 0.0356027
2 0.78001 0.534978 0.0341537 0.0493442
4 0.438473 0.549656 0.0331492 0.0487196
9 0.858614 0.334791 0.0647916 0.0474703
32 0.395781 0.552155 0.0371673 0.0587133
34 0.24008 0.153654 0.0582622 0.0774516
26 0.585384 0.357589 0.0557509 0.036852
4 0.483174 0.544972 0.025113 0.0505934
25 0.563787 0.354466 0.0557509 0.0306059
19 0.4111 0.727358 0.0647916 0.103061
16 0.396786 0.553092 0.0351582 0.054341
34 0.217981 0.161774 0.0361627 0.0899438
29 0.169011 0.308869 0.0909091 0.0593379
14 0.57785 0.29669 0.0336514 0.0562149
36 0.641386 0.368207 0.0401808 0.0518426
2 0.752637 0.505621 0.036665 0.0405996
35 0.523355 0.182074 0.0441989 0.0331043
17 0.483174 0.545909 0.027122 0.0474703
17 0.519337 0.537789 0.0341537 0.0537164
25 0.720994 0.558713 0.0467102 0.0281074
28 0.671522 0.186758 0.0462079 0.0374766
25 0.286791 0.544035 0.0351582 0.0312305
9 0.851582 0.351968 0.0838775 0.0331043
16 0.445003 0.550906 0.0361627 0.0474703
25 0.406831 0.203623 0.0562531 0.0224859
20 0.64892 0.708932 0.0441989 0.103685
28 0.481165 0.157089 0.025113 0.076827
19 0.323204 0.729544 0.0467102 0.109931
4 0.561025 0.525609 0.0291311 0.0331043
18 0.266951 0.642099 0.0396786 0.0537164
27 0.640382 0.366958 0.0421899 0.0480949
25 0.524611 0.181137 0.0426921 0.0312305
13 0.392265 0.337289 0.0351582 0.0712055
1 0.636866 0.564647 0.0622803 0.0387258
14 0.540181 0.302311 0.0316424 0.0637102
29 0.160723 0.371018 0.0873933 0.0362274
1 0.640382 0.522798 0.0401808 0.0349781
13 0.335259 0.331355 0.0316424 0.076827
18 0.323707 0.732667 0.0467102 0.114928
35 0.347815 0.178951 0.0356605 0.0580887
23 0.410849 0.728919 0.0673029 0.104934
11 0.320191 0.510306 0.0537418 0.0349781
1 0.637619 0.54466 0.0507283 0.0449719
8 0.884731 0.178951 0.0447012 0.0455965
35 0.510547 0.133979 0.0185836 0.0580887
25 0.438473 0.34822 0.0401808 0.0568395
25 0.359367 0.349469 0.0256153 0.0730793
25 0.811904 0.191755 0.0768458 0.028732
28 0.581617 0.17614 0.0391763 0.0549656
35 0.443998 0.158026 0.0321447 0.062461
25 0.218483 0.163648 0.0381718 0.0936914
31 0.588398 0.558713 0.0286288 0.0493442
35 0.388247 0.154591 0.0210949 0.0555903
25 0.506529 0.340725 0.0316424 0.0580887
9 0.862632 0.297626 0.0376695 0.0580887
5 0.746359 0.707683 0.0220994 0.0999375
3 0.878955 0.527171 0.102461 0.07995
28 0.594425 0.125859 0.038674 0.0455965
9 0.821195 0.301999 0.0381718 0.0643348
24 0.758915 0.371643 0.0632848 0.0499688
28 0.750377 0.172705 0.0371673 0.0605871
25 0.240834 0.559963 0.0507283 0.0443473
24 0.690105 0.370081 0.048217 0.0480949
20 0.606479 0.720175 0.0276243 0.0974391
28 0.667755 0.139288 0.0396786 0.0424735
7 0.174535 0.493754 0.0457057 0.0580887
26 0.61778 0.303873 0.0371673 0.0630856
35 0.550226 0.136165 0.034656 0.0524672
36 0.239327 0.306059 0.038674 0.062461
28 0.711703 0.141474 0.0301356 0.0505934
26 0.578101 0.298563 0.0341537 0.0574641
29 0.192617 0.311368 0.0416876 0.0680825
7 0.135359 0.548407 0.0497238 0.051218
33 0.804872 0.718613 0.0226017 0.0968145
20 0.572577 0.740162 0.0311401 0.091193
29 0.145907 0.31574 0.0447012 0.0555903
34 0.286791 0.194566 0.0793571 0.0343535
34 0.1778 0.160837 0.0331492 0.08807
34 0.299598 0.144597 0.0356605 0.0555903
34 0.262431 0.142099 0.0296334 0.0605871
18 0.168508 0.755465 0.0477147 0.0618364
18 0.170015 0.676765 0.0467102 0.0893192
8 0.798343 0.131168 0.0497238 0.0737039
12 0.657459 0.707683 0.027122 0.0974391
34 0.132597 0.157714 0.0462079 0.0943161
21 0.518081 0.702374 0.0276243 0.0930668
