8 0.674372 0.175515 0.0452261 0.0699563
2 0.779899 0.617739 0.0572864 0.0412242
9 0.546734 0.402873 0.0452261 0.0449719
26 0.54598 0.401936 0.0487437 0.0493442
4 0.328894 0.610868 0.0437186 0.0587133
25 0.0188442 0.051218 0.0336683 0.0574641
2 0.726633 0.619613 0.0723618 0.0474703
6 0.240452 0.601187 0.0467337 0.0505934
7 0.0816583 0.61243 0.0507538 0.0630856
11 0.569347 0.607745 0.041206 0.0374766
3 0.86005 0.61649 0.101005 0.0449719
18 0.197487 0.817926 0.101508 0.106808
6 0.0457286 0.608057 0.0271357 0.0568395
34 0.123869 0.157714 0.0979899 0.0918176
19 0.330151 0.825422 0.0462312 0.0905684
13 0.286181 0.382573 0.0356784 0.0918176
7 0.0472362 0.606808 0.0271357 0.0593379
16 0.45402 0.633666 0.0507538 0.0343535
19 0.275628 0.821674 0.0497487 0.0993129
31 0.511809 0.62742 0.0316583 0.0381012
22 0.330151 0.825109 0.0492462 0.0924422
17 0.412563 0.627108 0.0331658 0.0474703
35 0.350251 0.163335 0.0271357 0.0505934
11 0.276884 0.6193 0.0351759 0.0530918
10 0.547487 0.399438 0.0447236 0.0468457
13 0.307035 0.382573 0.0502513 0.0980637
1 0.568593 0.609307 0.0376884 0.0343535
34 0.226884 0.165834 0.0939699 0.0818239
13 0.345729 0.389444 0.0211055 0.0718301
4 0.456784 0.632417 0.0442211 0.0331043
23 0.329648 0.825422 0.0452261 0.0905684
9 0.778392 0.392255 0.0512563 0.0637102
11 0.0869347 0.615553 0.0452261 0.0580887
16 0.329648 0.613991 0.0442211 0.0587133
34 0.168844 0.593691 0.0502513 0.0818239
14 0.373367 0.390693 0.0271357 0.0668332
6 0.0876884 0.614616 0.0457286 0.062461
21 0.537186 0.817926 0.0291457 0.103061
28 0.674372 0.179888 0.0422111 0.0537164
9 0.835427 0.393504 0.0487437 0.062461
28 0.606533 0.174578 0.0361809 0.0618364
28 0.443467 0.162399 0.0417085 0.0674578
28 0.503015 0.176765 0.0432161 0.0524672
5 0.789698 0.813554 0.0266332 0.105559
6 0.165327 0.596815 0.0472362 0.0793254
26 0.468844 0.39163 0.0422111 0.0612117
30 0.723618 0.801374 0.0261307 0.136165
33 0.845226 0.816365 0.0281407 0.103685
24 0.669598 0.404122 0.061809 0.0387258
35 0.390201 0.167708 0.0417085 0.0680825
24 0.601759 0.406309 0.0577889 0.0418488
23 0.385427 0.821362 0.0532663 0.0961899
29 0.11206 0.386321 0.0522613 0.0868207
35 0.303015 0.173017 0.0351759 0.0712055
26 0.41809 0.389444 0.0492462 0.0718301
34 0.256533 0.171455 0.0457286 0.0793254
20 0.570854 0.816677 0.0311558 0.105559
28 0.558543 0.176765 0.0457286 0.0562149
12 0.655779 0.810119 0.0361809 0.126171
20 0.537437 0.817302 0.0296482 0.10431
21 0.491709 0.812305 0.0376884 0.0993129
34 0.204774 0.160837 0.0457286 0.0868207
36 0.236181 0.386633 0.0552764 0.0811993
36 0.174372 0.385072 0.0522613 0.08807
8 0.803769 0.164897 0.0517588 0.0824485
18 0.108794 0.817926 0.0547739 0.0993129
21 0.452764 0.812305 0.0341709 0.103061
18 0.219849 0.819176 0.0487437 0.0993129
34 0.151759 0.163023 0.0472362 0.0861961
34 0.0947236 0.153029 0.0477387 0.107433
34 0.0454774 0.369144 0.0517588 0.123673
8 0.736181 0.153029 0.0673367 0.104934
18 0.0525126 0.823235 0.0497487 0.0936914
34 0.0409548 0.152092 0.0487437 0.106808
18 0.16407 0.820425 0.0507538 0.105559
