24 0.595775 0.447433 0.0469484 0.0819071
25 0.685446 0.633557 0.0253521 0.0323961
16 0.325587 0.617971 0.0380282 0.0733496
34 0.13169 0.223716 0.0906103 0.094132
11 0.30493 0.61522 0.0840376 0.0580685
28 0.771362 0.221577 0.028169 0.0727384
27 0.535446 0.455073 0.0530516 0.0849633
26 0.53615 0.455379 0.0497653 0.0867971
32 0.325352 0.619193 0.0384977 0.0709046
22 0.304225 0.822433 0.0441315 0.0947433
17 0.526056 0.628667 0.0314554 0.042176
27 0.596479 0.447738 0.0483568 0.0788509
35 0.38169 0.234108 0.0967136 0.0831296
4 0.526291 0.628362 0.0319249 0.0427873
4 0.647887 0.466687 0.0384977 0.0641809
34 0.790376 0.834352 0.0220657 0.0977995
10 0.784272 0.47066 0.0502347 0.0501222
1 0.621361 0.654646 0.0943662 0.0586797
9 0.783333 0.466993 0.0492958 0.0537897
12 0.789906 0.834352 0.0220657 0.0977995
18 0.256103 0.827934 0.042723 0.0898533
17 0.481455 0.637836 0.0267606 0.0764059
2 0.72723 0.644254 0.0403756 0.0831296
4 0.370423 0.632641 0.0356808 0.0647922
29 0.172066 0.43857 0.0464789 0.0825183
14 0.390845 0.441626 0.0455399 0.0776284
2 0.784038 0.645477 0.0760563 0.0721271
19 0.303521 0.819682 0.0446009 0.096577
9 0.596479 0.447738 0.0502347 0.0812958
16 0.368779 0.634169 0.0333333 0.0605134
23 0.302817 0.819988 0.0450704 0.0935208
13 0.286854 0.446516 0.0507042 0.0764059
5 0.789437 0.832824 0.0220657 0.0971883
19 0.257512 0.825183 0.043662 0.094132
23 0.353052 0.818154 0.0478873 0.0874083
28 0.754695 0.224633 0.0455399 0.0739609
26 0.481455 0.452934 0.0361502 0.0843521
24 0.647653 0.466076 0.0399061 0.0690709
9 0.903756 0.433985 0.0544601 0.0745721
24 0.713615 0.455073 0.058216 0.0678484
17 0.41338 0.626222 0.042723 0.0715159
35 0.44108 0.227078 0.0248826 0.0861858
30 0.724648 0.816015 0.0183099 0.127139
26 0.44108 0.446822 0.0380282 0.0782396
9 0.845305 0.447738 0.0568075 0.0935208
31 0.556103 0.64945 0.0248826 0.0531785
11 0.232629 0.642421 0.0408451 0.0562347
1 0.644601 0.650367 0.0450704 0.0599022
7 0.140141 0.609719 0.0399061 0.0702934
13 0.34061 0.439792 0.0492958 0.0837408
34 0.100939 0.21791 0.0497653 0.104523
7 0.0859155 0.62011 0.0413146 0.0702934
35 0.475822 0.213631 0.0361502 0.113081
28 0.642019 0.213325 0.0521127 0.102689
12 0.644366 0.820293 0.0295775 0.096577
11 0.28169 0.613386 0.0394366 0.0605134
6 0.183099 0.630807 0.0413146 0.0867971
35 0.350704 0.231357 0.0384977 0.0874083
29 0.1223 0.434902 0.0455399 0.0874083
35 0.404225 0.233496 0.0431925 0.0819071
3 0.880516 0.646699 0.0849765 0.0819071
20 0.580751 0.833435 0.0262911 0.0874083
34 0.201174 0.220966 0.0455399 0.108191
36 0.227934 0.434291 0.0464789 0.0886308
36 0.0657277 0.42665 0.0497653 0.103912
1 0.594366 0.65923 0.0441315 0.0641809
28 0.58169 0.218521 0.0507042 0.0947433
34 0.0530516 0.224939 0.0366197 0.0892421
20 0.550704 0.829768 0.0262911 0.0886308
34 0.252347 0.220966 0.0446009 0.105746
35 0.302582 0.235636 0.0464789 0.0825183
34 0.151408 0.220355 0.041784 0.103301
28 0.698357 0.217604 0.0474178 0.101467
28 0.525352 0.213631 0.0525822 0.105746
8 0.81385 0.213325 0.0568075 0.105134
18 0.210329 0.8261 0.0431925 0.0947433
21 0.499296 0.81632 0.0323944 0.0910758
18 0.163615 0.824266 0.0446009 0.103301
18 0.117371 0.828545 0.0441315 0.0984108
8 0.890376 0.20324 0.0746479 0.117971
18 0.0664319 0.831907 0.0455399 0.0953545
21 0.409155 0.819682 0.0342723 0.091687
21 0.446948 0.819071 0.0328638 0.0904645
