16 0.47561 0.521549 0.0383275 0.0462211
25 0.575203 0.360087 0.0447154 0.0430981
25 0.526132 0.176452 0.0847851 0.0281074
3 0.816202 0.472205 0.0307782 0.0349781
28 0.477642 0.149906 0.0505226 0.0787008
17 0.405052 0.473766 0.0307782 0.0381012
32 0.334785 0.482823 0.0365854 0.0462211
16 0.405633 0.470956 0.0296167 0.0374766
17 0.469512 0.522174 0.0365854 0.0437227
28 0.458479 0.164272 0.024971 0.0749532
25 0.275261 0.190194 0.047619 0.0468457
25 0.607433 0.505309 0.0371661 0.028732
13 0.381823 0.335728 0.0307782 0.0618364
4 0.48374 0.477202 0.0301974 0.0274828
25 0.636469 0.370081 0.0662021 0.0430981
20 0.522648 0.620237 0.0487805 0.0774516
9 0.775552 0.318863 0.0365854 0.0455965
23 0.319106 0.654279 0.0423926 0.0805746
25 0.333043 0.485634 0.0307782 0.0505934
36 0.196864 0.302936 0.0847851 0.0562149
4 0.406214 0.47158 0.0296167 0.0362274
28 0.545296 0.156777 0.0638792 0.0487196
16 0.369628 0.469394 0.0272938 0.0331043
3 0.837398 0.505309 0.047619 0.0637102
28 0.546458 0.169269 0.0569106 0.0274828
34 0.306911 0.12867 0.0389082 0.0437227
24 0.576655 0.362586 0.047619 0.0443473
13 0.464866 0.331355 0.0365854 0.0568395
6 0.125726 0.451593 0.0307782 0.0549656
19 0.318815 0.654279 0.0429733 0.0780762
26 0.46777 0.332917 0.0412311 0.0537164
12 0.68583 0.648657 0.0209059 0.0793254
17 0.425958 0.511868 0.0447154 0.0381012
35 0.399826 0.137726 0.0307782 0.0356027
24 0.632114 0.369769 0.054007 0.0412242
2 0.707027 0.488757 0.0423926 0.0580887
4 0.472706 0.521549 0.0406504 0.0487196
25 0.706736 0.211118 0.0778165 0.0274828
25 0.291231 0.475016 0.0423926 0.0306059
35 0.37863 0.167708 0.0209059 0.0868207
25 0.328978 0.328545 0.0423926 0.0487196
25 0.64489 0.510931 0.0319396 0.0349781
9 0.819977 0.301999 0.0360046 0.0593379
35 0.456736 0.174578 0.0261324 0.0730793
26 0.529617 0.306371 0.0383275 0.0468457
5 0.686992 0.647408 0.0220674 0.076827
9 0.759001 0.369144 0.0569106 0.0474703
28 0.655923 0.174891 0.0377468 0.0524672
29 0.180604 0.306996 0.0452962 0.0518426
31 0.517422 0.472517 0.0267131 0.0405996
34 0.260163 0.143348 0.0371661 0.0568395
1 0.562427 0.503123 0.0400697 0.0455965
14 0.422764 0.33198 0.039489 0.065584
30 0.638502 0.611493 0.0191638 0.0861961
29 0.103949 0.37133 0.0569106 0.0381012
25 0.171603 0.352592 0.0691057 0.0356027
33 0.744774 0.627108 0.0214866 0.062461
25 0.125436 0.514366 0.0754936 0.0281074
17 0.445703 0.465646 0.0354239 0.0505934
25 0.475029 0.378826 0.0627178 0.0281074
25 0.86324 0.177701 0.0481998 0.0793254
28 0.538618 0.135853 0.0389082 0.036852
25 0.178281 0.163335 0.0406504 0.0943161
25 0.608885 0.186446 0.054007 0.076827
25 0.27439 0.341661 0.0447154 0.0749532
25 0.85453 0.374141 0.0807201 0.0487196
7 0.166667 0.469082 0.0360046 0.0499688
36 0.228513 0.304809 0.0412311 0.0749532
25 0.278455 0.514991 0.0470383 0.0405996
34 0.114983 0.126796 0.0278746 0.0474703
35 0.414925 0.186758 0.043554 0.0687071
7 0.125436 0.45128 0.0336818 0.0555903
28 0.495645 0.133354 0.0400697 0.0493442
6 0.20935 0.460337 0.0389082 0.0637102
35 0.351916 0.171455 0.0360046 0.0855715
25 0.119628 0.180512 0.0464576 0.051218
20 0.508711 0.605247 0.0255517 0.0612117
18 0.210221 0.654591 0.0429733 0.0836977
20 0.538037 0.647408 0.0272938 0.0793254
28 0.629791 0.120862 0.0749129 0.0418488
34 0.220964 0.166458 0.0365854 0.0955653
25 0.694832 0.369144 0.062137 0.0574641
21 0.419861 0.652405 0.0220674 0.0805746
29 0.130081 0.301374 0.039489 0.0580887
8 0.757549 0.139288 0.0563299 0.0712055
28 0.702962 0.158026 0.0423926 0.0562149
21 0.453833 0.630856 0.0203252 0.0749532
18 0.104239 0.638351 0.043554 0.0724547
12 0.593496 0.618051 0.0278746 0.0743285
25 0.208188 0.522486 0.0400697 0.0430981
18 0.155343 0.659275 0.0516841 0.0843223
