17 0.508768 0.597751 0.0373789 0.0662086
9 0.876096 0.390381 0.107522 0.0824485
10 0.787264 0.400999 0.0553761 0.0587133
9 0.90886 0.398501 0.0696816 0.0662086
32 0.387863 0.601187 0.0346101 0.0568395
33 0.789802 0.79263 0.0263036 0.109931
4 0.387633 0.600562 0.0350715 0.0568395
19 0.324873 0.801374 0.0415321 0.103685
28 0.524919 0.163335 0.0484541 0.08807
32 0.347485 0.602748 0.042455 0.0687071
34 0.0844485 0.147096 0.0959852 0.100562
18 0.277803 0.807308 0.042455 0.100562
17 0.423627 0.596815 0.0313798 0.0630856
23 0.324412 0.801062 0.0406091 0.103061
18 0.160821 0.80762 0.0946008 0.11243
24 0.907014 0.396003 0.0715275 0.0699563
13 0.523996 0.161149 0.049377 0.0874453
26 0.523766 0.161462 0.0479926 0.0868207
9 0.787725 0.39975 0.0535302 0.0599625
24 0.649977 0.389444 0.0512229 0.0505934
16 0.389479 0.601499 0.0378403 0.0649594
9 0.839871 0.385072 0.0498385 0.0843223
4 0.507383 0.597751 0.0410706 0.0649594
31 0.549146 0.590256 0.0313798 0.0612117
5 0.79257 0.787633 0.0235348 0.103685
9 0.589525 0.377577 0.0595293 0.106808
33 0.856714 0.793254 0.0281495 0.106184
13 0.357407 0.37133 0.0419935 0.0968145
1 0.642363 0.602124 0.0516844 0.0662086
17 0.460083 0.594628 0.0378403 0.0637102
14 0.410937 0.382886 0.049377 0.0961899
13 0.305722 0.3807 0.0530688 0.0905684
24 0.717351 0.396939 0.0622981 0.0605871
35 0.471158 0.158026 0.0433779 0.0999375
7 0.137517 0.566209 0.0443009 0.0868207
23 0.372404 0.802623 0.0461467 0.102436
26 0.532303 0.3807 0.049377 0.0893192
6 0.19497 0.591193 0.0447623 0.101811
8 0.891094 0.164585 0.057222 0.0930668
7 0.0789109 0.592442 0.042455 0.0705809
28 0.747808 0.17208 0.0466082 0.0718301
29 0.123673 0.372267 0.0479926 0.0886946
30 0.722889 0.770144 0.020766 0.144909
29 0.064144 0.374453 0.0544532 0.0943161
26 0.470235 0.382886 0.0526073 0.0924422
1 0.590678 0.60025 0.0470697 0.0649594
35 0.422704 0.154591 0.042455 0.08807
28 0.693124 0.164272 0.0470697 0.0899438
11 0.294878 0.604622 0.0452238 0.0612117
12 0.641901 0.78326 0.0323027 0.111181
8 0.819105 0.159588 0.0719889 0.105559
36 0.241347 0.376952 0.0470697 0.0943161
11 0.246654 0.603373 0.0419935 0.0674578
3 0.879326 0.591505 0.110291 0.0886946
34 0.111444 0.145846 0.0456853 0.10431
20 0.570605 0.799813 0.0290725 0.0993129
35 0.315874 0.153654 0.049377 0.091193
36 0.186664 0.37133 0.0512229 0.101811
2 0.763036 0.585572 0.112137 0.0868207
35 0.370789 0.155528 0.0466082 0.0886946
34 0.15713 0.145222 0.0364559 0.110556
28 0.582372 0.150843 0.0535302 0.12055
20 0.538763 0.800437 0.0299954 0.100562
28 0.638902 0.15584 0.049377 0.108057
18 0.230734 0.808557 0.0433779 0.10431
34 0.206276 0.138663 0.0498385 0.122423
18 0.182741 0.807308 0.0443009 0.106808
18 0.131749 0.808557 0.0438394 0.111805
21 0.479926 0.784197 0.0350715 0.0993129
34 0.0586064 0.145846 0.0470697 0.109307
21 0.443009 0.789819 0.0323027 0.0968145
34 0.259345 0.141162 0.0470697 0.114928
18 0.0828334 0.810431 0.0447623 0.111805
