18 0.148458 0.663335 0.0407737 0.0861961
18 0.271824 0.657714 0.0867747 0.0762024
2 0.690277 0.475016 0.0182959 0.0730793
11 0.273393 0.434104 0.0334553 0.0262336
26 0.577627 0.281699 0.048092 0.039975
4 0.518819 0.479388 0.0256142 0.0443473
25 0.404861 0.172392 0.0454783 0.0437227
31 0.518557 0.4797 0.026137 0.0424735
35 0.404861 0.173017 0.0444328 0.0412242
0 0.664401 0.492192 0.0271824 0.0324797
32 0.354156 0.478139 0.036069 0.0530918
25 0.64506 0.164897 0.048092 0.0487196
35 0.49425 0.151156 0.0287507 0.0712055
7 0.131469 0.446596 0.033978 0.0424735
25 0.214846 0.328232 0.0386827 0.0643348
2 0.735494 0.469082 0.0282279 0.0612117
19 0.346053 0.648657 0.0407737 0.0780762
34 0.315996 0.149282 0.0287507 0.0849469
25 0.621275 0.331668 0.0371145 0.0349781
7 0.13356 0.470331 0.0350235 0.0587133
14 0.45426 0.316989 0.0313643 0.0605871
35 0.412441 0.137414 0.026137 0.0362274
17 0.39702 0.480949 0.0318871 0.0524672
2 0.77287 0.464085 0.0308416 0.0599625
23 0.346576 0.649594 0.0386827 0.0762024
16 0.394929 0.481262 0.0318871 0.0518426
10 0.772347 0.334791 0.0475693 0.0487196
1 0.665708 0.490943 0.0287507 0.0374766
14 0.488761 0.299188 0.021955 0.0487196
25 0.44459 0.46877 0.0350235 0.0480949
35 0.473079 0.152405 0.021955 0.0687071
18 0.158129 0.660837 0.101934 0.0874453
5 0.698902 0.64772 0.021955 0.0986883
26 0.37219 0.3401 0.0512284 0.0418488
14 0.416362 0.322299 0.0318871 0.0587133
13 0.37219 0.339788 0.0512284 0.0424735
21 0.496079 0.611805 0.0177731 0.0805746
19 0.296916 0.648657 0.0470465 0.0793254
11 0.266858 0.465022 0.03816 0.0331043
26 0.564558 0.287945 0.0449556 0.0412242
28 0.616309 0.131793 0.0324098 0.0437227
9 0.861474 0.28045 0.0376372 0.0424735
13 0.32253 0.316052 0.0355463 0.0637102
34 0.174856 0.14772 0.0350235 0.0843223
7 0.151072 0.478451 0.0313643 0.0524672
17 0.493989 0.45253 0.026137 0.0468457
9 0.773131 0.332605 0.0470465 0.0493442
35 0.326451 0.148032 0.0203868 0.0724547
13 0.280188 0.319176 0.0449556 0.0699563
26 0.514898 0.333229 0.0428646 0.054341
25 0.395975 0.480637 0.0329326 0.0568395
33 0.765813 0.650843 0.0230005 0.0924422
12 0.588082 0.605559 0.021955 0.0730793
29 0.178515 0.316365 0.0287507 0.065584
25 0.869054 0.334166 0.058024 0.0487196
11 0.312337 0.478763 0.0350235 0.0393504
28 0.562467 0.150219 0.0407737 0.076827
35 0.513068 0.150531 0.0392054 0.0749532
20 0.554888 0.643973 0.0256142 0.0861961
25 0.744903 0.154903 0.0439101 0.0687071
31 0.548615 0.472829 0.0256142 0.0499688
11 0.31678 0.431918 0.0324098 0.0418488
35 0.444851 0.158339 0.0271824 0.065584
3 0.840303 0.486883 0.0590695 0.0680825
28 0.697073 0.157089 0.0329326 0.0593379
1 0.591218 0.458463 0.0355463 0.0499688
1 0.627548 0.485946 0.036069 0.0549656
25 0.719289 0.33198 0.0522739 0.054341
30 0.658913 0.625234 0.0214323 0.113679
35 0.352065 0.162711 0.0318871 0.0668332
34 0.106377 0.142099 0.0235233 0.0893192
25 0.245687 0.146783 0.0376372 0.0836977
34 0.134867 0.145222 0.0324098 0.0855715
21 0.474647 0.621799 0.021955 0.0868207
36 0.278359 0.317302 0.0444328 0.0737039
25 0.174856 0.145534 0.036069 0.0886946
20 0.525353 0.642411 0.0250915 0.0868207
25 0.861474 0.14772 0.0575013 0.0755778
18 0.193413 0.650843 0.0386827 0.0849469
25 0.218244 0.4797 0.0392054 0.0612117
8 0.800836 0.145534 0.0491375 0.0824485
12 0.61448 0.615553 0.0256142 0.0793254
34 0.29195 0.149282 0.0412964 0.0874453
29 0.135912 0.320425 0.0470465 0.0674578
28 0.682697 0.101811 0.0616832 0.0362274
34 0.20805 0.148969 0.0292734 0.0855715
21 0.44276 0.638663 0.0250915 0.08807
18 0.130946 0.665834 0.0433873 0.0824485
18 0.24804 0.660525 0.0423419 0.0755778
