25 0.396929 0.640887 0.0325733 0.0527578
24 0.208469 0.642086 0.0688692 0.0407674
6 0.16752 0.55006 0.0437413 0.0317746
16 0.329456 0.615408 0.0381573 0.0341727
36 0.0956259 0.457134 0.0823639 0.0341727
21 0.403211 0.813249 0.026524 0.106115
1 0.508841 0.643285 0.0572359 0.0455635
20 0.463471 0.606715 0.0288506 0.0899281
36 0.196836 0.384892 0.0400186 0.0539568
25 0.753141 0.227818 0.0656119 0.0407674
20 0.510237 0.642086 0.0590973 0.0419664
20 0.617496 0.645084 0.145184 0.0263789
30 0.742206 0.760192 0.0158213 0.117506
26 0.408795 0.445144 0.0516519 0.0617506
28 0.232899 0.204736 0.0572359 0.101319
4 0.207073 0.644784 0.0679386 0.0425659
3 0.914379 0.636691 0.0297813 0.0527578
28 0.474174 0.143285 0.0456026 0.0551559
21 0.382969 0.809652 0.0260586 0.108513
16 0.208934 0.645983 0.0688692 0.0413669
5 0.80456 0.776978 0.019544 0.0899281
28 0.186366 0.209233 0.026524 0.0839329
9 0.85691 0.58783 0.102839 0.0485612
28 0.591903 0.242206 0.0670079 0.0395683
6 0.132852 0.613609 0.0516519 0.0581535
26 0.627501 0.404377 0.0460679 0.044964
8 0.760354 0.193945 0.0549093 0.0377698
28 0.282922 0.215528 0.0400186 0.0857314
13 0.232899 0.204736 0.0572359 0.102518
25 0.257794 0.820444 0.0409493 0.0425659
25 0.563518 0.443046 0.0753839 0.0419664
29 0.135179 0.151679 0.0460679 0.0491607
20 0.610982 0.756894 0.02792 0.0761391
26 0.402047 0.388189 0.0437413 0.0509592
8 0.344579 0.231415 0.0721266 0.0539568
35 0.516985 0.205036 0.033504 0.0695444
14 0.31503 0.427158 0.0297813 0.0653477
25 0.831084 0.826739 0.0214053 0.118705
25 0.731968 0.243405 0.0772452 0.0395683
28 0.577943 0.184652 0.0241973 0.0611511
29 0.0963239 0.398981 0.036296 0.0629496
9 0.90926 0.42446 0.0465333 0.0731415
28 0.708004 0.194544 0.0404839 0.0425659
20 0.565147 0.58783 0.0274546 0.0809353
7 0.0893439 0.826139 0.0679386 0.0431655
25 0.187064 0.441847 0.0446719 0.0551559
5 0.885528 0.808753 0.0176826 0.0923261
25 0.620288 0.826739 0.0688692 0.0707434
25 0.343183 0.728717 0.0525826 0.0569544
29 0.13704 0.411271 0.0442066 0.058753
21 0.550489 0.206535 0.025128 0.0773381
12 0.561889 0.805456 0.023732 0.0929257
24 0.927641 0.82494 0.0600279 0.0995204
25 0.709865 0.141187 0.0674732 0.0413669
36 0.0944625 0.729916 0.0493253 0.0605516
25 0.70242 0.836331 0.0749186 0.0635492
8 0.888088 0.203237 0.0535133 0.0935252
18 0.21289 0.818345 0.0404839 0.0707434
29 0.244765 0.423561 0.0502559 0.0785372
30 0.755002 0.803058 0.0190786 0.136091
18 0.166124 0.783573 0.0456026 0.0911271
21 0.510703 0.778177 0.0228013 0.0959233
34 0.28269 0.216127 0.0395533 0.0869305
12 0.679851 0.752098 0.0269893 0.0677458
21 0.412517 0.20054 0.0330386 0.109712
25 0.657748 0.214628 0.0497906 0.0959233
25 0.489995 0.417266 0.0465333 0.0971223
21 0.0786412 0.604317 0.030712 0.0863309
21 0.680549 0.415168 0.0228013 0.0965228
21 0.420428 0.811451 0.026524 0.102518
18 0.759656 0.620204 0.0544439 0.0641487
21 0.478595 0.813249 0.0349 0.0965228
34 0.0802699 0.204137 0.0442066 0.104916
