28 0.612788 0.270144 0.057289 0.0405996
30 0.712788 0.733292 0.0230179 0.0986883
1 0.503325 0.601499 0.0429668 0.0474703
28 0.382609 0.179888 0.0542199 0.0387258
23 0.282353 0.708307 0.0286445 0.0687071
6 0.203581 0.534041 0.0491049 0.0462211
17 0.330691 0.750781 0.0393862 0.0999375
11 0.240409 0.566833 0.0225064 0.0418488
28 0.901279 0.424735 0.0317136 0.0687071
8 0.152174 0.597439 0.0383632 0.0468457
28 0.460102 0.171455 0.0485933 0.0381012
28 0.196931 0.23985 0.0358056 0.0811993
4 0.226087 0.614928 0.0664962 0.036852
2 0.611253 0.605871 0.104348 0.0274828
17 0.502558 0.604622 0.0434783 0.0487196
5 0.832992 0.736102 0.0209719 0.0680825
6 0.150895 0.592442 0.0409207 0.0518426
28 0.8422 0.275141 0.0649616 0.0393504
16 0.227621 0.616177 0.0664962 0.0356027
25 0.75601 0.26827 0.0787724 0.0356027
13 0.406394 0.405684 0.0352941 0.0643348
29 0.138619 0.193004 0.0378517 0.0437227
28 0.683632 0.198001 0.0230179 0.0499688
25 0.295141 0.276077 0.0961637 0.028732
3 0.921739 0.43223 0.0306905 0.0574641
26 0.564706 0.411305 0.0521739 0.0356027
26 0.564706 0.37945 0.0429668 0.0331043
28 0.374169 0.1599 0.0588235 0.0362274
27 0.127877 0.688007 0.0378517 0.0530918
34 0.252174 0.222986 0.0388747 0.0737039
25 0.404604 0.532792 0.0296675 0.0349781
25 0.766752 0.361024 0.0409207 0.0499688
36 0.209207 0.379138 0.0296675 0.0449719
18 0.781074 0.435665 0.0409207 0.0630856
36 0.117391 0.449719 0.0751918 0.0349781
14 0.322251 0.421299 0.0306905 0.0705809
28 0.612276 0.215178 0.0368286 0.0505934
13 0.448082 0.400999 0.0306905 0.0637102
28 0.921739 0.430981 0.0286445 0.0574641
26 0.620716 0.399438 0.0424552 0.0518426
23 0.404348 0.722361 0.030179 0.0518426
25 0.33555 0.538101 0.0265985 0.0393504
12 0.578005 0.69644 0.0255754 0.062461
25 0.569565 0.452842 0.0803069 0.0412242
28 0.441688 0.1396 0.0485933 0.0331043
13 0.309719 0.220175 0.0465473 0.0680825
25 0.784399 0.431918 0.0455243 0.0630856
5 0.759591 0.705809 0.0184143 0.0712055
25 0.287468 0.770768 0.0358056 0.0537164
8 0.843734 0.273579 0.0659847 0.0387258
20 0.458568 0.590256 0.029156 0.0649594
25 0.518926 0.250468 0.0578005 0.0699563
35 0.449616 0.234229 0.0337596 0.0699563
20 0.399233 0.601499 0.084399 0.0374766
25 0.664962 0.759213 0.0634271 0.0480949
8 0.773913 0.224859 0.0613811 0.0387258
29 0.253197 0.416927 0.0470588 0.0680825
25 0.59821 0.756402 0.0526854 0.0612117
20 0.549616 0.564647 0.026087 0.0637102
8 0.899489 0.221424 0.0475703 0.103061
29 0.107417 0.402873 0.0347826 0.051218
34 0.240921 0.227046 0.0337596 0.0955653
28 0.721483 0.212055 0.0424552 0.0430981
35 0.364194 0.231418 0.0450128 0.0468457
25 0.672123 0.244222 0.0491049 0.0836977
18 0.195652 0.742349 0.0383632 0.0755778
35 0.409974 0.228919 0.0322251 0.0518426
25 0.820716 0.42005 0.0332481 0.0605871
25 0.199744 0.435353 0.0434783 0.0537164
12 0.644757 0.696752 0.0230179 0.0605871
18 0.242455 0.774828 0.0409207 0.065584
25 0.81509 0.557464 0.0987212 0.036852
21 0.662148 0.430356 0.0373402 0.0861961
29 0.152941 0.401624 0.0388747 0.0712055
21 0.865985 0.417864 0.0296675 0.07995
21 0.464706 0.73579 0.029156 0.0749532
18 0.73913 0.576827 0.0419437 0.0618364
21 0.104859 0.581512 0.0306905 0.0774516
34 0.0895141 0.227358 0.0398977 0.0924422
25 0.724041 0.156465 0.0772379 0.0493442
28 0.570077 0.205184 0.0393862 0.0705809
24 0.873913 0.745472 0.0537084 0.0718301
25 0.488747 0.422548 0.0414322 0.0955653
36 0.127621 0.687695 0.0393862 0.0562149
25 0.12711 0.765771 0.0721228 0.0612117
21 0.494885 0.718613 0.0240409 0.0730793
