2 0.885394 0.594727 0.109808 0.0331085
25 0.406183 0.261803 0.08742 0.0245248
18 0.255064 0.724709 0.0442431 0.0980993
1 0.486674 0.591662 0.0469083 0.0502759
18 0.752665 0.409565 0.0373134 0.071122
11 0.313166 0.521153 0.0346482 0.0294298
12 0.546642 0.706928 0.0250533 0.0809319
25 0.792644 0.396689 0.0319829 0.0637646
27 0.130597 0.668302 0.0479744 0.0490497
6 0.208955 0.521153 0.0319829 0.0441447
28 0.425906 0.146229 0.0671642 0.0337216
13 0.428838 0.388105 0.0335821 0.0551809
17 0.343284 0.731453 0.04371 0.0931944
12 0.676439 0.694972 0.0255864 0.0876763
3 0.886194 0.406499 0.0346482 0.066217
28 0.787313 0.224096 0.0447761 0.0435316
25 0.695895 0.408032 0.0442431 0.0680564
17 0.486141 0.591968 0.0479744 0.050889
25 0.611674 0.699571 0.0367804 0.0429185
28 0.581556 0.206622 0.033049 0.0551809
28 0.718817 0.219804 0.0549041 0.0337216
34 0.696695 0.410484 0.0426439 0.0668302
26 0.546109 0.386879 0.043177 0.0343348
20 0.390725 0.586757 0.0682303 0.0343348
14 0.340085 0.404966 0.0266525 0.0680564
36 0.13033 0.442673 0.086887 0.0331085
26 0.597815 0.380748 0.0378465 0.0527284
28 0.676706 0.171674 0.0463753 0.0453709
11 0.277719 0.522072 0.0287846 0.0349479
2 0.59355 0.597486 0.108209 0.0263642
25 0.396855 0.677192 0.0389126 0.0533415
25 0.387527 0.520233 0.0373134 0.050889
6 0.158582 0.580625 0.0389126 0.0588596
25 0.601279 0.770386 0.0469083 0.0705089
8 0.788913 0.264562 0.0597015 0.0337216
13 0.392058 0.385346 0.0314499 0.060699
28 0.223614 0.209381 0.0421109 0.0925812
20 0.536514 0.550582 0.0250533 0.0748007
5 0.772388 0.7103 0.0191898 0.0803188
25 0.296642 0.744635 0.0367804 0.0423053
25 0.316365 0.255671 0.0996802 0.0282036
36 0.131663 0.671367 0.0501066 0.0465972
5 0.853945 0.73973 0.021322 0.0901288
25 0.799574 0.760883 0.0234542 0.112814
20 0.546642 0.708154 0.0239872 0.0809319
20 0.441898 0.573268 0.0309168 0.0797057
36 0.227612 0.358063 0.0351812 0.0515021
13 0.337953 0.194359 0.0490405 0.0809319
30 0.721482 0.739117 0.0207889 0.142857
25 0.713753 0.258737 0.0799574 0.0294298
12 0.576493 0.708154 0.0271855 0.0833844
34 0.299307 0.191907 0.0186567 0.0833844
30 0.675906 0.69344 0.021322 0.103004
28 0.675906 0.206009 0.0362473 0.040466
29 0.273987 0.402207 0.054371 0.0784795
8 0.839552 0.212446 0.04371 0.0778663
25 0.490938 0.236971 0.0575693 0.0680564
34 0.265725 0.209994 0.0378465 0.09626
8 0.721215 0.218578 0.0628998 0.0337216
35 0.431503 0.222563 0.0335821 0.0637646
29 0.114872 0.375536 0.0410448 0.0680564
25 0.542111 0.427345 0.0703625 0.0429185
25 0.631397 0.235132 0.0474414 0.0815451
25 0.673241 0.773452 0.0692964 0.060699
35 0.391525 0.217964 0.0399787 0.0521153
29 0.14952 0.16309 0.0442431 0.0539546
18 0.203092 0.719191 0.04371 0.0723483
12 0.646855 0.693746 0.0250533 0.0803188
25 0.816365 0.538014 0.0986141 0.0410791
24 0.898454 0.755365 0.0602345 0.0956468
25 0.472015 0.399755 0.0421109 0.0956468
25 0.673507 0.159105 0.065565 0.0374004
25 0.217217 0.419988 0.0463753 0.0637646
34 0.0951493 0.20325 0.0474414 0.110975
18 0.732409 0.561619 0.04371 0.0723483
18 0.252132 0.751686 0.04371 0.0502759
28 0.541045 0.198345 0.0373134 0.0668302
21 0.110341 0.562845 0.033049 0.0882894
21 0.485341 0.715512 0.0250533 0.0748007
21 0.453092 0.745248 0.033049 0.0889025
29 0.162313 0.381668 0.0442431 0.0815451
21 0.637793 0.410484 0.0357143 0.0839975
21 0.834755 0.398529 0.0298507 0.0735745
25 0.131663 0.742489 0.075693 0.0625383
