34 0.129559 0.210358 0.0791094 0.0831202
24 0.652297 0.428708 0.052108 0.0390026
3 0.814069 0.631714 0.0364756 0.0485933
22 0.342255 0.824808 0.0459498 0.104859
3 0.7982 0.631074 0.02937 0.0473146
20 0.54595 0.82289 0.0611085 0.0959079
4 0.41639 0.628517 0.0360019 0.0498721
36 0.229749 0.414642 0.0255803 0.0863171
28 0.698958 0.207801 0.0431075 0.0575448
35 0.375178 0.221228 0.0966367 0.07289
9 0.78162 0.429987 0.0492657 0.0390026
14 0.446945 0.412724 0.0241592 0.064578
10 0.779488 0.428708 0.0535291 0.0402813
28 0.714827 0.209079 0.0397916 0.0575448
21 0.506158 0.808184 0.0696352 0.0997442
19 0.341781 0.824489 0.0459498 0.108056
28 0.607769 0.203644 0.0341071 0.0722506
32 0.364756 0.628197 0.040739 0.0658568
1 0.629323 0.632673 0.0971104 0.0505115
8 0.815017 0.20844 0.0506869 0.0549872
18 0.293463 0.825128 0.044055 0.092711
3 0.758645 0.626598 0.0412127 0.0511509
14 0.421127 0.411765 0.0236855 0.0856778
14 0.385362 0.40601 0.0478446 0.0882353
9 0.595452 0.418798 0.0416864 0.0524297
3 0.772383 0.626279 0.0251066 0.0492327
16 0.364519 0.626918 0.0421601 0.0658568
16 0.417811 0.633312 0.0369493 0.0556266
2 0.878257 0.63523 0.111795 0.0569054
8 0.832781 0.20844 0.0464235 0.0524297
19 0.294173 0.82257 0.0445287 0.100384
26 0.382283 0.405691 0.0473709 0.0888747
3 0.727617 0.622442 0.0189484 0.0569054
4 0.514211 0.634271 0.0326859 0.0421995
17 0.46163 0.629156 0.0393179 0.0575448
35 0.440076 0.209399 0.0236855 0.0569054
26 0.536712 0.41656 0.0483183 0.0607417
7 0.116532 0.605179 0.0360019 0.0632992
23 0.342729 0.826087 0.0459498 0.106138
13 0.38181 0.404731 0.0454761 0.0907928
9 0.837991 0.414322 0.052108 0.0652174
5 0.774278 0.824808 0.0213169 0.107417
1 0.65135 0.633312 0.0435812 0.0492327
31 0.556135 0.633312 0.02937 0.0466752
36 0.213643 0.413683 0.0360019 0.0856778
30 0.723117 0.796675 0.0222643 0.140665
28 0.683562 0.207481 0.0217906 0.0594629
24 0.715064 0.42711 0.0658456 0.044757
34 0.71909 0.209719 0.0445287 0.0588235
28 0.592136 0.20844 0.0502132 0.0664962
13 0.328044 0.409527 0.048792 0.092711
34 0.1054 0.210997 0.0402653 0.0805627
28 0.764567 0.205563 0.0369493 0.0632992
28 0.530791 0.207161 0.0421601 0.0690537
1 0.604216 0.632353 0.0421601 0.0511509
33 0.853861 0.827685 0.0241592 0.10422
11 0.310753 0.62532 0.0483183 0.0588235
8 0.87352 0.201087 0.0369493 0.0735294
11 0.257224 0.617327 0.0464235 0.0620205
26 0.483657 0.410486 0.040739 0.0767263
35 0.403363 0.221547 0.0459498 0.0696931
23 0.392468 0.821292 0.0459498 0.102941
7 0.156087 0.609015 0.0355282 0.0748082
35 0.349124 0.218031 0.040739 0.0741688
29 0.171246 0.414642 0.0402653 0.0863171
36 0.272146 0.414642 0.0459498 0.0863171
28 0.648271 0.210678 0.0412127 0.0569054
29 0.112743 0.41656 0.0473709 0.076087
34 0.308385 0.213555 0.0246329 0.0882353
20 0.563477 0.82257 0.026054 0.0952685
12 0.617717 0.814258 0.0312648 0.111893
6 0.204169 0.62468 0.0454761 0.0907928
20 0.529844 0.822251 0.0279488 0.101023
34 0.240407 0.210997 0.026054 0.0831202
21 0.454287 0.80243 0.0312648 0.0997442
34 0.274751 0.210997 0.0378967 0.0831202
34 0.153719 0.206522 0.0345808 0.0895141
21 0.487684 0.804348 0.0279488 0.0959079
34 0.198484 0.205243 0.0416864 0.0984655
18 0.103979 0.820332 0.0421601 0.0959079
35 0.473709 0.202046 0.0369493 0.0741688
18 0.245618 0.825767 0.0450024 0.092711
18 0.199905 0.82257 0.0426338 0.102941
18 0.153245 0.821292 0.044055 0.101662
