34 0.266988 0.544816 0.0424689 0.0488294
20 0.514439 0.590635 0.0379388 0.0508361
6 0.138448 0.537458 0.0311438 0.0448161
32 0.316251 0.591304 0.0402039 0.0602007
31 0.486693 0.551839 0.0311438 0.0294314
35 0.39496 0.171572 0.0277463 0.0461538
18 0.445074 0.198997 0.0520951 0.0702341
19 0.0840883 0.701338 0.0537939 0.0782609
17 0.437712 0.580936 0.0396376 0.0421405
13 0.307475 0.377926 0.0237826 0.0628763
23 0.398641 0.698662 0.0486976 0.0595318
9 0.807758 0.37291 0.0288788 0.0742475
1 0.576161 0.584615 0.0492639 0.0454849
21 0.369479 0.700669 0.0288788 0.0608696
34 0.116931 0.411706 0.0651189 0.0327759
25 0.577293 0.585619 0.0469989 0.0448161
18 0.0872027 0.703679 0.0543601 0.116388
14 0.356455 0.397993 0.0662514 0.0749164
25 0.342299 0.223411 0.0821065 0.0254181
16 0.359287 0.595318 0.0311438 0.0521739
25 0.671008 0.574916 0.0317101 0.026087
35 0.278029 0.400334 0.0396376 0.0702341
26 0.348245 0.404013 0.0509626 0.070903
4 0.478482 0.597324 0.0305776 0.0361204
10 0.712911 0.404682 0.0486976 0.0481605
21 0.183465 0.191304 0.0407701 0.0896321
34 0.144677 0.190301 0.0288788 0.0916388
29 0.135051 0.362542 0.0458664 0.0494983
29 0.115515 0.36689 0.0351076 0.0501672
36 0.190827 0.362876 0.0407701 0.0381271
25 0.513024 0.591973 0.0351076 0.0535117
6 0.177803 0.549164 0.0385051 0.0401338
17 0.428935 0.598328 0.0402039 0.0394649
20 0.518403 0.785953 0.0356738 0.0722408
20 0.52718 0.717391 0.0294451 0.0568562
21 0.357588 0.537458 0.0266138 0.0528428
30 0.633635 0.720067 0.0203851 0.107692
2 0.868347 0.773244 0.0560589 0.0722408
28 0.189694 0.593311 0.0781427 0.0374582
9 0.711778 0.406689 0.0441676 0.0454849
3 0.878256 0.579599 0.0758777 0.0635452
21 0.392978 0.538462 0.0283126 0.0602007
6 0.268403 0.549498 0.0419026 0.0528428
25 0.15487 0.10903 0.108154 0.0401338
23 0.396942 0.765552 0.0543601 0.0555184
33 0.811155 0.724749 0.0209513 0.0795987
14 0.409683 0.397659 0.0458664 0.0688963
9 0.900906 0.386622 0.0453001 0.0789298
29 0.0716308 0.368227 0.0413364 0.0608696
11 0.113817 0.597993 0.0464326 0.0561873
25 0.65034 0.384615 0.0662514 0.0307692
35 0.319932 0.169231 0.0407701 0.0521739
28 0.749434 0.198662 0.0526614 0.077592
35 0.361268 0.179264 0.0339751 0.0468227
34 0.116365 0.189298 0.0209513 0.0896321
29 0.260476 0.194983 0.0543601 0.0889632
28 0.523499 0.204013 0.0469989 0.0548495
25 0.279445 0.401672 0.0413364 0.0702341
20 0.588335 0.772575 0.0543601 0.0548495
34 0.0965459 0.419064 0.0911665 0.0314381
1 0.628256 0.587625 0.0458664 0.0474916
20 0.560589 0.706354 0.0260476 0.0615385
34 0.239241 0.688629 0.0889015 0.0394649
8 0.881087 0.199666 0.0305776 0.0635452
26 0.541619 0.323746 0.0515289 0.0575251
26 0.465459 0.385619 0.0532276 0.0742475
28 0.57701 0.191304 0.0453001 0.0949833
26 0.522084 0.393645 0.0464326 0.0702341
25 0.926387 0.188963 0.0532276 0.090301
25 0.185447 0.192308 0.0413364 0.0889632
25 0.193375 0.411706 0.0594564 0.0568562
28 0.688562 0.196656 0.0498301 0.077592
12 0.653454 0.718729 0.0192525 0.0876254
34 0.0860702 0.18796 0.0328426 0.10301
18 0.0512458 0.592977 0.0617214 0.0608696
18 0.0863533 0.761204 0.0447339 0.0494983
28 0.747169 0.753512 0.0549264 0.110368
25 0.57701 0.403679 0.0520951 0.0648829
18 0.172707 0.759866 0.0464326 0.0802676
21 0.448188 0.736455 0.0254813 0.0829431
25 0.769253 0.404348 0.0594564 0.0488294
21 0.488392 0.709699 0.0311438 0.0762542
28 0.631087 0.19699 0.0503964 0.0809365
18 0.248018 0.761204 0.0441676 0.077592
21 0.671574 0.520736 0.0215176 0.0622074
34 0.0506795 0.187291 0.0322763 0.104348
8 0.824462 0.180602 0.0724802 0.105686
