36 0.173913 0.356027 0.0369815 0.0687071
7 0.255122 0.541537 0.0484758 0.062461
6 0.109695 0.490943 0.0354823 0.0762024
2 0.730885 0.740162 0.0414793 0.0737039
24 0.730135 0.367583 0.049975 0.054341
21 0.425037 0.70331 0.0304848 0.0787008
9 0.870815 0.355715 0.0644678 0.0480949
28 0.169915 0.657714 0.03998 0.0574641
35 0.363818 0.180824 0.031984 0.0493442
11 0.211894 0.523423 0.0289855 0.0587133
6 0.113193 0.64366 0.0454773 0.054341
6 0.211394 0.522486 0.0269865 0.0605871
35 0.403298 0.191443 0.0329835 0.0493442
3 0.710145 0.544347 0.027986 0.0493442
2 0.853073 0.554029 0.073963 0.0474703
3 0.851574 0.729856 0.097951 0.0343535
16 0.349575 0.559026 0.0404798 0.0337289
13 0.285107 0.354466 0.0364818 0.0680825
26 0.504248 0.361649 0.0329835 0.0599625
34 0.284358 0.18426 0.0269865 0.0599625
34 0.223638 0.178326 0.0854573 0.0643348
28 0.630935 0.201124 0.0364818 0.0362274
9 0.867316 0.334166 0.0534733 0.039975
18 0.177911 0.7208 0.035982 0.0612117
35 0.328336 0.187071 0.0229885 0.054341
11 0.565467 0.559338 0.0394803 0.0443473
26 0.387056 0.367895 0.0374813 0.0562149
28 0.562469 0.187695 0.0314843 0.0643348
25 0.407546 0.561212 0.0404798 0.0356027
35 0.287106 0.188007 0.0314843 0.0524672
28 0.695902 0.189881 0.0434783 0.0562149
9 0.804348 0.334478 0.0524738 0.0443473
29 0.0749625 0.352592 0.0269865 0.0618364
28 0.706147 0.182386 0.021989 0.0587133
29 0.176162 0.357901 0.0384808 0.062461
23 0.375562 0.678951 0.0444778 0.0724547
2 0.850575 0.727983 0.10095 0.0343535
3 0.734133 0.54466 0.023988 0.0537164
17 0.448026 0.53654 0.0264868 0.039975
36 0.102699 0.351655 0.0304848 0.0699563
24 0.666417 0.374453 0.0574713 0.0418488
5 0.748126 0.686134 0.0209895 0.0693317
9 0.876562 0.372267 0.067966 0.0387258
21 0.315092 0.5203 0.0214893 0.0762024
6 0.169415 0.656777 0.037981 0.0505934
28 0.673413 0.185197 0.0334833 0.0530918
11 0.113193 0.641786 0.0454773 0.0530918
21 0.414793 0.698938 0.01999 0.0712055
33 0.758621 0.509057 0.021989 0.0674578
1 0.566967 0.558089 0.0374813 0.0430981
28 0.587706 0.184884 0.0389805 0.0674578
23 0.314593 0.714241 0.0514743 0.0805746
20 0.508995 0.708307 0.0294853 0.0949407
13 0.387556 0.36727 0.0394803 0.0549656
36 0.135432 0.353217 0.029985 0.0718301
29 0.102199 0.34822 0.0324838 0.0743285
36 0.226137 0.359463 0.0434783 0.0568395
26 0.544728 0.370081 0.045977 0.0518426
4 0.47976 0.553092 0.0289855 0.0405996
20 0.53998 0.682074 0.0254873 0.0899438
35 0.447526 0.185197 0.0384808 0.065584
33 0.818091 0.679888 0.021989 0.076827
21 0.438781 0.707683 0.01999 0.0737039
12 0.512494 0.522174 0.0284858 0.0824485
25 0.657421 0.728295 0.0394803 0.0362274
30 0.689655 0.667395 0.0189905 0.103061
21 0.462019 0.689881 0.0244878 0.0705809
34 0.246627 0.178014 0.0374813 0.0649594
28 0.744128 0.187383 0.047976 0.0674578
28 0.514992 0.188944 0.0424788 0.0568395
34 0.0717141 0.169894 0.0404798 0.0836977
34 0.116942 0.172392 0.0289855 0.0749532
18 0.106697 0.713929 0.0604698 0.0737039
18 0.222889 0.716427 0.0429785 0.0649594
34 0.1994 0.17614 0.037981 0.0712055
34 0.157171 0.169269 0.0374813 0.07995
18 0.151174 0.541849 0.0504748 0.0743285
18 0.0532234 0.550906 0.0494753 0.0574641
8 0.808596 0.1802 0.065967 0.0780762
8 0.882309 0.173017 0.0704648 0.0861961
12 0.603198 0.680824 0.029985 0.0824485
