25 0.31746 0.324546 0.0396825 0.0644405
2 0.621693 0.454306 0.0449735 0.0392501
34 0.236993 0.128002 0.0674603 0.0732279
36 0.233466 0.270357 0.0330688 0.0380785
4 0.40388 0.475103 0.0343915 0.0339777
28 0.529101 0.174868 0.0440917 0.0544815
2 0.771384 0.47686 0.112434 0.0855302
35 0.38955 0.141183 0.0339506 0.0550674
25 0.300265 0.34007 0.0299824 0.0650264
17 0.354718 0.490334 0.042769 0.0515524
26 0.496252 0.346221 0.0489418 0.0538957
19 0.168651 0.661687 0.0392416 0.0908026
19 0.232804 0.67106 0.0440917 0.0790861
25 0.490741 0.519918 0.0679012 0.0404218
21 0.51455 0.639719 0.0273369 0.0972466
25 0.587963 0.513474 0.0551146 0.029877
24 0.50022 0.34505 0.0471781 0.0515524
28 0.561728 0.154657 0.0238095 0.0503808
9 0.652778 0.305214 0.0489418 0.0339777
18 0.231922 0.592267 0.0343915 0.0445226
26 0.438272 0.329818 0.0493827 0.036321
25 0.407848 0.326889 0.0573192 0.0292912
27 0.49515 0.343878 0.0485009 0.0527241
8 0.777116 0.182191 0.04806 0.0445226
14 0.381834 0.286175 0.0273369 0.0474517
35 0.400132 0.148213 0.0295414 0.0538957
25 0.223986 0.329525 0.0432099 0.0509666
20 0.420635 0.670475 0.0299824 0.0966608
25 0.174162 0.156708 0.0361552 0.0790861
23 0.233686 0.669889 0.0432099 0.0849443
24 0.643298 0.352665 0.0599647 0.0503808
1 0.489638 0.496778 0.0604056 0.0480375
13 0.273369 0.311365 0.0299824 0.0685413
31 0.436949 0.507323 0.0308642 0.0585823
1 0.488095 0.516989 0.0687831 0.0392501
29 0.117945 0.352958 0.0736332 0.0404218
1 0.494048 0.472466 0.0489418 0.0369069
9 0.699295 0.281195 0.0414462 0.0609256
28 0.438272 0.13884 0.0326279 0.0456942
3 0.769841 0.47481 0.122575 0.0814294
7 0.131393 0.449326 0.0361552 0.0527241
25 0.224427 0.505565 0.0326279 0.036321
24 0.556658 0.345636 0.0551146 0.0492091
9 0.745591 0.275337 0.0440917 0.0574107
28 0.434083 0.18717 0.042769 0.0415934
5 0.62015 0.641183 0.0224868 0.0908026
23 0.27381 0.638547 0.0361552 0.0820152
11 0.250882 0.467487 0.0432099 0.0410076
28 0.585758 0.156415 0.0251323 0.0620972
35 0.337743 0.144698 0.0343915 0.0667838
28 0.527116 0.149385 0.0383598 0.0550674
35 0.297178 0.159637 0.0379189 0.0720562
26 0.422839 0.280902 0.0352734 0.049795
25 0.186508 0.521383 0.0379189 0.0456942
26 0.468034 0.283538 0.0418871 0.056239
20 0.45657 0.656708 0.0304233 0.0937317
28 0.626543 0.169596 0.0379189 0.0626831
33 0.689815 0.652607 0.0242504 0.0913884
34 0.251323 0.127709 0.031746 0.0656122
29 0.145944 0.287053 0.0352734 0.0644405
29 0.1056 0.288811 0.0348325 0.0620972
7 0.0967813 0.508202 0.0392416 0.0591681
18 0.169092 0.660516 0.0410053 0.0872876
34 0.218695 0.124487 0.0255732 0.0685413
36 0.186508 0.283245 0.0352734 0.066198
34 0.137346 0.136497 0.0277778 0.0902168
34 0.0972222 0.136497 0.0383598 0.09256
21 0.339065 0.659344 0.0379189 0.0919742
8 0.674603 0.13884 0.0485009 0.0585823
18 0.121473 0.65993 0.0401235 0.0837727
12 0.513889 0.639426 0.0321869 0.0919742
34 0.236332 0.186292 0.0784832 0.0386643
