9 0.840278 0.336665 0.0472222 0.0462211
13 0.266435 0.387258 0.104167 0.0886946
11 0.1 0.745472 0.0509259 0.0605871
24 0.787731 0.381012 0.0467593 0.0562149
33 0.860185 0.790756 0.0222222 0.0949407
3 0.777778 0.584947 0.037963 0.065584
36 0.135648 0.388507 0.0398148 0.0811993
4 0.691204 0.782324 0.0324074 0.0530918
34 0.161343 0.592755 0.0412037 0.0774516
4 0.455324 0.570893 0.0291667 0.0387258
2 0.908333 0.588382 0.0361111 0.0687071
2 0.861111 0.788882 0.0231481 0.0886946
3 0.755556 0.582761 0.0398148 0.0649594
23 0.261806 0.815428 0.0449074 0.0905684
10 0.61875 0.375078 0.050463 0.0605871
32 0.318519 0.591505 0.0407407 0.0674578
16 0.453935 0.572455 0.0310185 0.0356027
27 0.618056 0.375703 0.0546296 0.0593379
2 0.871759 0.590881 0.0944444 0.0699563
8 0.774074 0.170206 0.0481481 0.0743285
34 0.2375 0.168332 0.0944444 0.0793254
3 0.710185 0.586196 0.0305556 0.0455965
16 0.691667 0.78451 0.0314815 0.051218
35 0.45 0.156152 0.0194444 0.0662086
18 0.0784722 0.825422 0.0976852 0.0793254
10 0.788657 0.37945 0.0486111 0.054341
11 0.212037 0.598688 0.0444444 0.0643348
23 0.313889 0.818863 0.05 0.0849469
9 0.844907 0.387883 0.0574074 0.0487196
19 0.263426 0.817302 0.0425926 0.0843223
9 0.61875 0.37664 0.0523148 0.0599625
10 0.844444 0.386633 0.0564815 0.051218
2 0.837269 0.586196 0.0337963 0.0705809
9 0.789815 0.380075 0.0509259 0.0618364
14 0.452083 0.375078 0.0263889 0.0780762
3 0.74213 0.578076 0.0240741 0.0643348
1 0.674306 0.576202 0.0421296 0.036852
17 0.421991 0.60025 0.0328704 0.0674578
9 0.900231 0.373517 0.0467593 0.0787008
28 0.665046 0.179575 0.0337963 0.0493442
1 0.627546 0.558089 0.0449074 0.036852
18 0.210417 0.831355 0.0449074 0.0674578
28 0.738194 0.164585 0.0189815 0.0705809
5 0.782176 0.780137 0.0226852 0.124922
16 0.381481 0.616177 0.0407407 0.0568395
4 0.526157 0.589944 0.0347222 0.0468457
31 0.577778 0.574953 0.0268519 0.036852
28 0.611111 0.164585 0.0537037 0.0730793
35 0.355787 0.171455 0.0300926 0.0693317
7 0.112731 0.588382 0.0421296 0.0787008
17 0.490046 0.573704 0.0337963 0.054341
23 0.365046 0.808869 0.0439815 0.0999375
13 0.294907 0.3807 0.0462963 0.0980637
35 0.315509 0.173641 0.0412037 0.0737039
24 0.674306 0.384135 0.0513889 0.051218
13 0.357176 0.383823 0.049537 0.0980637
11 0.266435 0.587758 0.0412037 0.0612117
6 0.15463 0.760462 0.0490741 0.0755778
35 0.379167 0.176452 0.0277778 0.0718301
30 0.727546 0.746409 0.0236111 0.12742
7 0.069213 0.576515 0.0365741 0.0762024
1 0.609491 0.606808 0.0421296 0.0530918
28 0.708796 0.168957 0.0416667 0.0668332
26 0.549306 0.375078 0.0430556 0.065584
35 0.416667 0.182386 0.0407407 0.0637102
2 0.891204 0.809182 0.0342593 0.113054
35 0.481481 0.159588 0.0398148 0.0793254
26 0.49213 0.372267 0.0481481 0.0699563
6 0.1625 0.59213 0.0416667 0.0824485
24 0.732176 0.385072 0.0541667 0.0493442
28 0.547454 0.163648 0.0402778 0.0637102
14 0.404167 0.386946 0.037963 0.0855715
36 0.238889 0.384447 0.0518519 0.08807
36 0.183102 0.381636 0.0486111 0.0949407
12 0.649306 0.761087 0.0337963 0.106808
29 0.13287 0.385072 0.0416667 0.0818239
21 0.496528 0.765147 0.0328704 0.0724547
20 0.581481 0.777327 0.0277778 0.0930668
34 0.163194 0.158026 0.0430556 0.0999375
21 0.413889 0.800437 0.0314815 0.0955653
29 0.0766204 0.387258 0.0541667 0.0836977
28 0.774537 0.167395 0.0453704 0.0774516
18 0.106481 0.828857 0.0462963 0.0724547
20 0.549306 0.774828 0.025463 0.0893192
8 0.837963 0.1599 0.062963 0.0899438
34 0.116435 0.16396 0.0328704 0.0893192
34 0.211574 0.165834 0.0425926 0.0855715
8 0.907176 0.156152 0.0662037 0.101187
21 0.459028 0.761087 0.0328704 0.0843223
34 0.0715278 0.154279 0.0513889 0.107433
18 0.0560185 0.816677 0.05 0.100562
34 0.263194 0.170206 0.0458333 0.0780762
