3 0.90901 0.546846 0.0456432 0.0618364
3 0.834321 0.550281 0.101363 0.0599625
3 0.939834 0.550593 0.0337878 0.0555903
9 0.679016 0.368207 0.0385299 0.0580887
22 0.387374 0.726733 0.0503853 0.0905684
35 0.47214 0.182386 0.0883225 0.0662086
32 0.392116 0.551843 0.0480142 0.0605871
4 0.574392 0.560899 0.0260818 0.0387258
35 0.525489 0.173329 0.0314167 0.0593379
17 0.572614 0.562461 0.0272673 0.036852
17 0.617961 0.561524 0.0361589 0.0437227
3 0.953764 0.55153 0.0320095 0.0524672
11 0.291049 0.519988 0.0414938 0.0343535
3 0.933314 0.547783 0.0800237 0.0599625
10 0.829579 0.374453 0.0444576 0.0393504
21 0.505631 0.711743 0.0189686 0.0905684
16 0.448133 0.566209 0.0379372 0.0381012
9 0.829579 0.375703 0.040901 0.0381012
25 0.204505 0.550906 0.0497925 0.062461
28 0.798755 0.170518 0.0290456 0.0737039
21 0.612922 0.715178 0.0237107 0.0861961
19 0.332543 0.720487 0.048607 0.08807
9 0.884114 0.3604 0.0432721 0.0712055
24 0.721992 0.373829 0.0438648 0.0443473
7 0.158862 0.527483 0.0343806 0.0580887
2 0.834914 0.550593 0.102549 0.0555903
23 0.385892 0.727046 0.0521636 0.0949407
35 0.500593 0.180824 0.0480142 0.0605871
17 0.540605 0.546846 0.0367516 0.0518426
28 0.667161 0.162399 0.0420865 0.0849469
28 0.7623 0.17208 0.0355661 0.0718301
17 0.490219 0.529669 0.048607 0.0811993
5 0.814464 0.732979 0.0225252 0.0918176
1 0.664197 0.538726 0.0349733 0.0381012
11 0.338174 0.55153 0.040901 0.0537164
9 0.934795 0.355403 0.0438648 0.0737039
33 0.891227 0.735166 0.025489 0.0949407
14 0.491998 0.361337 0.0438648 0.0705809
7 0.110848 0.526234 0.0497925 0.0605871
28 0.814464 0.170518 0.0367516 0.0749532
13 0.432721 0.350718 0.0569058 0.0855715
13 0.372555 0.349157 0.0551274 0.0836977
8 0.929164 0.158026 0.0480142 0.0924422
1 0.704505 0.559026 0.0361589 0.0424735
24 0.778008 0.375078 0.0491998 0.0455965
26 0.561055 0.3604 0.0491998 0.0737039
26 0.623296 0.360087 0.0480142 0.065584
23 0.445465 0.732355 0.0527564 0.103061
35 0.388856 0.172705 0.048607 0.0818239
29 0.175756 0.347908 0.0515708 0.0849469
29 0.111144 0.350406 0.0527564 0.07995
30 0.760522 0.698938 0.0237107 0.118676
20 0.639893 0.718613 0.0243035 0.0855715
34 0.232662 0.157089 0.0349733 0.105559
35 0.573503 0.170831 0.0480142 0.0730793
36 0.30409 0.354154 0.0557202 0.0836977
28 0.62626 0.166146 0.0326023 0.0762024
21 0.574392 0.714241 0.033195 0.0818239
8 0.874333 0.166458 0.0533491 0.0780762
35 0.446058 0.175828 0.0491998 0.0780762
12 0.708358 0.703935 0.0284529 0.0949407
20 0.611737 0.718301 0.0248963 0.0861961
34 0.128927 0.160212 0.0539419 0.0968145
18 0.221992 0.722049 0.0503853 0.0849469
18 0.110551 0.725172 0.0539419 0.0849469
34 0.280083 0.16396 0.0432721 0.0905684
36 0.243924 0.351031 0.0515708 0.0874453
21 0.540605 0.714241 0.0284529 0.0855715
34 0.185833 0.163023 0.0480142 0.0849469
18 0.167753 0.722673 0.0521636 0.0849469
18 0.279194 0.721424 0.0509781 0.0899438
34 0.331061 0.166771 0.0491998 0.0874453
