25 0.790078 0.71161 0.0678851 0.0324594
28 0.565535 0.221286 0.0480418 0.0355805
25 0.760313 0.220662 0.0637076 0.0230961
19 0.302089 0.673221 0.0370757 0.0730337
35 0.455614 0.222846 0.0349869 0.0411985
2 0.784334 0.71005 0.0741514 0.0330836
1 0.58799 0.555868 0.064752 0.0355805
23 0.251436 0.691948 0.0443864 0.0717853
25 0.854308 0.383271 0.0960836 0.0287141
23 0.303133 0.673533 0.0381201 0.0699126
28 0.543864 0.180712 0.0381201 0.0305868
24 0.66893 0.37422 0.0720627 0.036829
17 0.485117 0.552122 0.0355091 0.0405743
16 0.402611 0.503745 0.0313316 0.0374532
27 0.58329 0.388889 0.0626632 0.0349563
19 0.250653 0.691323 0.0449086 0.0780275
11 0.343603 0.485955 0.0261097 0.0418227
9 0.773368 0.333021 0.0396867 0.0630462
23 0.336554 0.668539 0.0255875 0.0674157
2 0.845692 0.522472 0.120627 0.0599251
12 0.645692 0.675718 0.0214099 0.100499
4 0.40235 0.504057 0.0318538 0.036829
28 0.506266 0.168851 0.0318538 0.036829
25 0.48329 0.549625 0.0381201 0.0430712
19 0.254569 0.627341 0.0402089 0.051186
25 0.253003 0.351436 0.0422977 0.0436954
34 0.202089 0.184769 0.0375979 0.0911361
18 0.255352 0.629214 0.0365535 0.0524345
8 0.826632 0.218789 0.0804178 0.0330836
25 0.12846 0.540262 0.0637076 0.025593
3 0.844648 0.521848 0.126893 0.0549313
25 0.675979 0.552122 0.0516971 0.0280899
2 0.718538 0.510612 0.064752 0.0574282
28 0.653003 0.20412 0.0339426 0.0636704
18 0.134726 0.616417 0.0355091 0.0330836
16 0.484073 0.550874 0.0375979 0.0405743
4 0.483812 0.549938 0.0381201 0.0436954
35 0.460574 0.176654 0.0302872 0.0524345
28 0.611227 0.205368 0.0318538 0.0599251
28 0.515666 0.214107 0.0391645 0.051186
13 0.303916 0.342697 0.0313316 0.0636704
20 0.540731 0.69382 0.0266319 0.06804
29 0.139948 0.383583 0.091906 0.0343321
36 0.213838 0.325531 0.0412533 0.0580524
25 0.432115 0.355805 0.0349869 0.0586767
31 0.514883 0.496567 0.027154 0.0418227
30 0.646997 0.673533 0.0229765 0.102372
35 0.389556 0.19382 0.0208877 0.076779
35 0.418799 0.195069 0.0281984 0.0755306
9 0.8047 0.326155 0.0469974 0.0717853
17 0.441514 0.490325 0.0402089 0.0468165
5 0.698695 0.677903 0.0219321 0.0799001
25 0.524804 0.349875 0.0396867 0.056804
26 0.476762 0.338327 0.0355091 0.062422
11 0.255352 0.522784 0.0344648 0.0505618
7 0.142298 0.488452 0.043342 0.0468165
11 0.292167 0.489388 0.0328982 0.0436954
21 0.432115 0.674469 0.0255875 0.0830212
13 0.386423 0.355493 0.0417755 0.0630462
8 0.746736 0.173845 0.0469974 0.06804
28 0.697911 0.202559 0.0381201 0.06804
20 0.515144 0.653558 0.0255875 0.0749064
35 0.361619 0.195381 0.0287206 0.0786517
29 0.12141 0.331773 0.0412533 0.0555556
25 0.33342 0.363608 0.0328982 0.0642946
8 0.799217 0.1701 0.0412533 0.0580524
6 0.200522 0.495943 0.0344648 0.0543071
25 0.2 0.548689 0.0438642 0.0399501
35 0.324804 0.186642 0.0281984 0.0811486
11 0.290862 0.543383 0.0386423 0.0493134
29 0.16658 0.326467 0.0365535 0.0574282
23 0.376501 0.705368 0.0469974 0.0811486
34 0.282245 0.168851 0.0402089 0.0642946
25 0.201828 0.182896 0.0370757 0.0961298
34 0.270757 0.220974 0.0767624 0.031211
34 0.160052 0.178215 0.0381201 0.0917603
34 0.246475 0.167915 0.0250653 0.0636704
21 0.45483 0.674157 0.0198433 0.082397
18 0.182245 0.647004 0.0375979 0.0642946
34 0.11671 0.182272 0.0381201 0.0898876
12 0.601567 0.676654 0.0281984 0.0873908
18 0.100261 0.681024 0.045953 0.0861423
