2 0.923947 0.631068 0.0426316 0.0582524
9 0.300526 0.634628 0.0421053 0.0679612
2 0.847105 0.634951 0.0415789 0.0595469
2 0.862105 0.634951 0.0305263 0.0634304
9 0.618684 0.446602 0.0447368 0.0569579
4 0.508684 0.650162 0.0436842 0.0343042
2 0.903421 0.630744 0.0436842 0.0614887
32 0.355263 0.643366 0.0347368 0.0543689
36 0.304737 0.631715 0.0357895 0.0686084
11 0.273684 0.756311 0.0389474 0.0394822
21 0.486316 0.802265 0.0284211 0.0899676
9 0.249474 0.63754 0.0421053 0.0621359
4 0.523421 0.644984 0.0342105 0.0355987
17 0.464474 0.65178 0.0352632 0.0427184
5 0.903421 0.790291 0.0236842 0.0854369
4 0.567368 0.642718 0.0410526 0.0401294
5 0.876316 0.790615 0.0263158 0.0847896
33 0.723947 0.790615 0.0510526 0.0783172
23 0.368684 0.783819 0.0247368 0.0750809
3 0.766579 0.632362 0.0668421 0.0582524
13 0.358947 0.445307 0.0252632 0.0815534
28 0.793684 0.259223 0.0494737 0.0718447
9 0.845526 0.452427 0.0605263 0.0608414
24 0.668947 0.463754 0.0515789 0.0433657
13 0.391316 0.443689 0.0373684 0.0834951
6 0.201316 0.634304 0.0363158 0.0608414
12 0.903947 0.791586 0.0226316 0.0854369
3 0.810263 0.631392 0.0226316 0.0511327
35 0.437632 0.265696 0.0352632 0.0588997
9 0.912895 0.447896 0.0563158 0.0686084
35 0.381842 0.256634 0.0447368 0.0770227
18 0.169211 0.80356 0.0426316 0.0472492
26 0.549474 0.452751 0.0421053 0.0679612
14 0.442368 0.450162 0.0436842 0.0705502
23 0.335 0.792557 0.0394737 0.0731392
33 0.711053 0.788997 0.0210526 0.0802589
23 0.411053 0.77411 0.0410526 0.0634304
26 0.496579 0.449838 0.0489474 0.0647249
28 0.722105 0.261812 0.0452632 0.0666667
13 0.318947 0.452104 0.0452632 0.0899676
30 0.654737 0.766019 0.0157895 0.11068
7 0.160263 0.623625 0.0352632 0.0679612
18 0.253684 0.801618 0.0368421 0.0498382
35 0.329737 0.253398 0.0436842 0.0757282
30 0.634211 0.773786 0.0210526 0.121036
28 0.599211 0.261489 0.03 0.0686084
28 0.630263 0.258252 0.03 0.0737864
35 0.480263 0.260194 0.0426316 0.0737864
28 0.672632 0.268285 0.0431579 0.0640777
1 0.705263 0.649191 0.0494737 0.0453074
33 0.738158 0.798382 0.0215789 0.0770227
20 0.485789 0.798382 0.0305263 0.0912621
29 0.107105 0.445955 0.0457895 0.0841424
23 0.559737 0.806149 0.0510526 0.0796117
18 0.122368 0.797087 0.0331579 0.0640777
29 0.159211 0.45534 0.0447368 0.0744337
1 0.654737 0.648867 0.0463158 0.0459547
24 0.733421 0.45534 0.0626316 0.0511327
12 0.807105 0.789968 0.0342105 0.0912621
29 0.114474 0.627832 0.0489474 0.0750809
36 0.261842 0.453398 0.0489474 0.0847896
36 0.208947 0.450485 0.0431579 0.0932039
28 0.551842 0.262136 0.0478947 0.0660194
34 0.127105 0.232686 0.0321053 0.108091
34 0.173947 0.233981 0.0436842 0.113269
34 0.0763158 0.233333 0.0505263 0.111974
20 0.450263 0.800971 0.0289474 0.0925566
18 0.212632 0.795469 0.04 0.0621359
8 0.936842 0.246602 0.0726316 0.0983819
8 0.86 0.249838 0.0673684 0.0906149
34 0.279737 0.245307 0.0457895 0.0867314
34 0.224474 0.239482 0.0489474 0.0970874
