17 0.642024 0.447384 0.0536381 0.0540541
9 0.584422 0.43732 0.045709 0.0718804
19 0.282416 0.832087 0.042444 0.093157
28 0.587687 0.221104 0.0261194 0.0868315
11 0.356577 0.63916 0.0415112 0.0695802
32 0.35541 0.640598 0.0401119 0.0678551
18 0.28195 0.830937 0.0415112 0.0966072
26 0.305737 0.43617 0.0573694 0.0845313
22 0.33139 0.826049 0.0471082 0.0960322
23 0.33139 0.825474 0.0461754 0.093732
27 0.585121 0.436458 0.0499067 0.0690052
9 0.776586 0.452271 0.0559702 0.0511788
19 0.33139 0.826337 0.0471082 0.0943071
8 0.868237 0.210178 0.0676306 0.101783
17 0.402052 0.647211 0.0391791 0.0638298
4 0.507929 0.631685 0.0345149 0.0580794
16 0.402285 0.646061 0.0387127 0.0592294
10 0.776586 0.451121 0.0559702 0.0511788
9 0.830457 0.433583 0.0545709 0.0736055
14 0.420942 0.436458 0.036847 0.0862565
31 0.546175 0.639735 0.0298507 0.0569293
18 0.118703 0.43732 0.0499067 0.0868315
17 0.460121 0.631972 0.0433769 0.066705
25 0.114272 0.222542 0.0475746 0.0966072
24 0.643657 0.450259 0.0541045 0.0563542
9 0.890625 0.427832 0.0564366 0.0943071
2 0.761427 0.632547 0.102146 0.0839563
5 0.791278 0.833813 0.0228545 0.102358
7 0.148088 0.629097 0.0433769 0.0747556
34 0.160681 0.224842 0.036847 0.0943071
7 0.0902519 0.625359 0.0527052 0.0695802
23 0.383162 0.824612 0.0489739 0.0920069
25 0.453591 0.218804 0.0443097 0.0948821
26 0.527285 0.436458 0.0527052 0.0770558
13 0.36917 0.438183 0.0601679 0.0943071
28 0.566465 0.221392 0.0415112 0.0885566
33 0.856343 0.836688 0.0251866 0.101208
13 0.306437 0.436458 0.0578358 0.0897067
30 0.723181 0.815699 0.0219216 0.135135
28 0.624767 0.219666 0.0471082 0.0908568
6 0.200093 0.631972 0.045709 0.0908568
24 0.710821 0.445658 0.0606343 0.0552041
3 0.877099 0.641173 0.109608 0.0839563
26 0.470382 0.439908 0.0489739 0.0782059
36 0.243937 0.43847 0.051306 0.0833813
36 0.182836 0.433007 0.0550373 0.0897067
35 0.32556 0.23088 0.0466418 0.0833813
11 0.30084 0.63571 0.0419776 0.0649799
34 0.209188 0.219379 0.0471082 0.106383
35 0.376866 0.227717 0.0429104 0.0885566
12 0.688666 0.628235 0.03125 0.102933
1 0.637127 0.650949 0.0503731 0.0575043
28 0.727612 0.226279 0.0475746 0.0764807
29 0.0576026 0.433295 0.0611007 0.0960322
11 0.254431 0.644048 0.0471082 0.0552041
18 0.1868 0.79816 0.0405784 0.103508
28 0.675373 0.218804 0.0438433 0.0948821
20 0.547108 0.836113 0.0261194 0.0977573
35 0.416045 0.223692 0.0270522 0.0874066
12 0.642257 0.799022 0.0326493 0.0994825
20 0.576959 0.836975 0.0270522 0.0960322
21 0.45056 0.822024 0.0335821 0.0902818
28 0.51819 0.221392 0.0485075 0.0954572
25 0.867537 0.211041 0.0634328 0.101208
34 0.0520056 0.221679 0.0471082 0.093732
1 0.586054 0.647499 0.042444 0.0621047
21 0.48764 0.822312 0.0321828 0.0954572
8 0.797808 0.211616 0.0704291 0.100058
25 0.268423 0.217366 0.0508396 0.102358
18 0.236707 0.8341 0.0452425 0.093732
18 0.137127 0.837838 0.0466418 0.105808
18 0.0844216 0.839563 0.0466418 0.103508
