26 0.457679 0.331355 0.0297085 0.054341
21 0.494395 0.650843 0.0347534 0.0774516
6 0.204877 0.468457 0.0386771 0.0424735
34 0.132848 0.146471 0.058296 0.0718301
35 0.370796 0.17614 0.066704 0.0224859
35 0.494955 0.158026 0.0426009 0.0574641
1 0.598094 0.50406 0.0325112 0.0424735
25 0.147141 0.150843 0.0297085 0.0730793
28 0.201233 0.4797 0.0392377 0.0587133
25 0.426009 0.327608 0.0257848 0.0693317
18 0.256446 0.646471 0.0353139 0.0487196
25 0.648823 0.349469 0.0431614 0.0293567
25 0.665919 0.322923 0.0504484 0.028732
25 0.543161 0.513117 0.0313901 0.0443473
28 0.164518 0.456902 0.0297085 0.0381012
2 0.830718 0.704247 0.0482063 0.0430981
1 0.586603 0.506871 0.0308296 0.0430981
10 0.717769 0.33604 0.0442825 0.0387258
35 0.299888 0.325734 0.0403587 0.0605871
8 0.899664 0.151156 0.0571749 0.0774516
28 0.726738 0.1599 0.0913677 0.0562149
26 0.366312 0.330106 0.0442825 0.0593379
18 0.160874 0.64366 0.0325112 0.0618364
25 0.865471 0.151156 0.0336323 0.0787008
34 0.2287 0.136165 0.029148 0.051218
14 0.457679 0.331355 0.0285874 0.0593379
17 0.46861 0.508745 0.0414798 0.0418488
18 0.108464 0.624922 0.0543722 0.101811
34 0.295684 0.464397 0.0431614 0.0356027
28 0.138453 0.507183 0.0470852 0.0549656
1 0.640975 0.511243 0.0397982 0.0306059
9 0.883688 0.326671 0.0397982 0.0587133
20 0.537276 0.697689 0.0319507 0.0774516
23 0.349776 0.633042 0.0426009 0.0718301
34 0.120796 0.346034 0.0947309 0.0262336
25 0.682175 0.509994 0.029148 0.0281074
11 0.137052 0.505621 0.0442825 0.0480949
4 0.507567 0.515615 0.0319507 0.0331043
36 0.21861 0.293879 0.0426009 0.0331043
29 0.0952915 0.302311 0.0470852 0.0462211
35 0.456278 0.153654 0.0269058 0.0674578
6 0.296525 0.465959 0.0426009 0.0387258
9 0.71833 0.339788 0.0431614 0.0349781
35 0.371357 0.142411 0.0420404 0.0374766
23 0.420964 0.685509 0.0504484 0.0593379
35 0.330437 0.134916 0.036435 0.039975
25 0.223655 0.335415 0.058296 0.0474703
29 0.274664 0.154591 0.0504484 0.0693317
25 0.195348 0.150531 0.0454036 0.0712055
18 0.203195 0.683948 0.0498879 0.0649594
35 0.417881 0.142099 0.036435 0.0443473
29 0.15611 0.296377 0.0454036 0.0443473
34 0.275224 0.602748 0.0930493 0.0349781
21 0.509529 0.650531 0.0235426 0.0743285
3 0.861267 0.504372 0.0689462 0.0455965
25 0.299327 0.326983 0.0381166 0.0618364
8 0.861267 0.155528 0.0285874 0.0662086
26 0.500561 0.32792 0.0459641 0.0587133
25 0.179652 0.0849469 0.0924888 0.0324797
33 0.80185 0.648657 0.0229821 0.0830731
28 0.223935 0.513741 0.0835202 0.0306059
28 0.566424 0.155528 0.0386771 0.0712055
26 0.553251 0.328545 0.0392377 0.0599625
25 0.769058 0.3401 0.0515695 0.036852
28 0.752522 0.156777 0.0431614 0.0662086
25 0.901906 0.148032 0.0459641 0.0774516
18 0.0787556 0.502186 0.0610987 0.0587133
25 0.601738 0.338226 0.0442825 0.0518426
30 0.702074 0.634291 0.0173767 0.106808
34 0.148543 0.151156 0.0269058 0.0712055
34 0.0871637 0.145846 0.0308296 0.0818239
21 0.678531 0.453154 0.0184978 0.0618364
20 0.545684 0.629294 0.0263453 0.0580887
20 0.574271 0.647408 0.0252242 0.0818239
28 0.701513 0.157402 0.0409193 0.0662086
21 0.473655 0.651156 0.0246637 0.0868207
34 0.119114 0.141786 0.0274664 0.0811993
28 0.652747 0.158339 0.0431614 0.0605871
28 0.744114 0.671768 0.0487668 0.105559
8 0.814182 0.140849 0.0599776 0.0918176
18 0.110426 0.675515 0.0515695 0.054341
12 0.654989 0.642723 0.0263453 0.0874453
