36 0.302862 0.49188 0.112083 0.118051
16 0.368641 0.69644 0.0393482 0.0986883
7 0.206081 0.683323 0.0798887 0.0886946
11 0.344793 0.698314 0.0878378 0.0849469
1 0.591812 0.708932 0.100159 0.0787008
16 0.413156 0.707058 0.0345787 0.0749532
17 0.495231 0.708932 0.0317965 0.0712055
22 0.390302 0.88882 0.0413355 0.091193
32 0.368641 0.698314 0.0393482 0.0986883
4 0.413156 0.709557 0.0345787 0.0749532
11 0.301073 0.697689 0.0910175 0.07995
27 0.609102 0.509369 0.049682 0.0868207
10 0.793323 0.508745 0.0540541 0.0843223
19 0.345787 0.889444 0.0381558 0.091193
9 0.792528 0.507495 0.0556439 0.0843223
19 0.305445 0.890381 0.0377583 0.0955653
5 0.698529 0.88476 0.022655 0.0868207
23 0.389507 0.885696 0.0421304 0.0861961
31 0.5312 0.712055 0.0290143 0.0811993
4 0.496224 0.710806 0.032194 0.0749532
31 0.494833 0.708932 0.0294118 0.0687071
20 0.518879 0.890381 0.0242448 0.0793254
6 0.229928 0.693317 0.0377583 0.0949407
33 0.755962 0.888507 0.0262321 0.0805746
30 0.651232 0.866646 0.0194754 0.110556
9 0.852146 0.491568 0.0532591 0.122423
2 0.73132 0.691443 0.109698 0.113679
24 0.670906 0.513429 0.0572337 0.0737039
1 0.571145 0.708932 0.0445151 0.0836977
17 0.453895 0.706433 0.0405405 0.0749532
12 0.594992 0.88476 0.027027 0.0905684
20 0.545509 0.888195 0.022655 0.0849469
7 0.138315 0.69238 0.0413355 0.103061
9 0.911169 0.499063 0.059221 0.113679
18 0.224364 0.889444 0.0353736 0.0899438
24 0.72655 0.499375 0.0516693 0.08807
18 0.176669 0.891006 0.032194 0.08807
35 0.324126 0.22767 0.0465024 0.159275
14 0.44217 0.494066 0.0433227 0.108682
13 0.333863 0.486883 0.0468998 0.121799
7 0.186804 0.675203 0.0381558 0.0886946
13 0.388514 0.489382 0.0536566 0.121799
3 0.846979 0.69644 0.111288 0.116177
26 0.547297 0.498126 0.0580286 0.108057
11 0.275636 0.698001 0.0433227 0.0855715
26 0.491653 0.498126 0.0508744 0.10431
1 0.619833 0.707058 0.0433227 0.0811993
29 0.167329 0.469706 0.0484897 0.108682
36 0.274245 0.490319 0.0516693 0.124922
35 0.427862 0.236727 0.0457075 0.149906
11 0.322138 0.701437 0.0393482 0.0861961
21 0.472774 0.887258 0.0274245 0.0930668
18 0.13911 0.895066 0.0389507 0.0886946
18 0.263712 0.888507 0.0393482 0.0855715
29 0.108903 0.477202 0.0484897 0.106184
28 0.715024 0.234541 0.0500795 0.154279
35 0.378577 0.233604 0.0457075 0.149906
28 0.602146 0.231106 0.0524642 0.1599
36 0.218402 0.482199 0.0512719 0.131168
34 0.276033 0.225484 0.0441176 0.1599
21 0.440779 0.883198 0.0262321 0.0949407
35 0.484897 0.239225 0.0524642 0.148657
8 0.933227 0.229232 0.072337 0.148657
28 0.545111 0.232979 0.0520668 0.162399
34 0.171304 0.217989 0.0476948 0.157402
28 0.658784 0.234229 0.0465024 0.153654
8 0.855326 0.231106 0.0779014 0.153654
28 0.774444 0.235478 0.0528617 0.151156
34 0.0631955 0.212055 0.0524642 0.163023
34 0.119634 0.221112 0.0484897 0.154903
34 0.224762 0.217364 0.049682 0.161149
