26 0.542052 0.412312 0.0526802 0.045045
8 0.852126 0.368769 0.0314233 0.0864865
21 0.329945 0.566667 0.0277264 0.0402402
26 0.470887 0.395195 0.0489834 0.0564565
2 0.766636 0.599099 0.0397412 0.0630631
28 0.533734 0.213213 0.0341959 0.036036
29 0.113447 0.381682 0.0207948 0.0810811
25 0.349815 0.396697 0.0489834 0.0498498
21 0.458179 0.778078 0.0244917 0.1003
21 0.801063 0.746246 0.021719 0.0438438
8 0.886553 0.373574 0.0365065 0.0888889
36 0.145564 0.386186 0.038817 0.0756757
13 0.685998 0.826126 0.042976 0.0570571
25 0.0607671 0.560961 0.0485213 0.0312312
25 0.731978 0.624925 0.0304991 0.0282282
12 0.602357 0.574474 0.0207948 0.0978979
17 0.399492 0.545345 0.0402033 0.0768769
26 0.301294 0.418919 0.0452865 0.0498498
28 0.698475 0.168468 0.0355823 0.0306306
30 0.643715 0.751051 0.0157116 0.102703
2 0.843115 0.607508 0.0244917 0.0570571
13 0.300832 0.418318 0.0452865 0.0498498
25 0.687384 0.827928 0.0374307 0.0558559
25 0.086414 0.208408 0.0434381 0.042042
25 0.812847 0.409309 0.0489834 0.0462462
25 0.544131 0.808108 0.0642329 0.039039
13 0.664279 0.356456 0.0402033 0.0546547
3 0.843577 0.606907 0.0244917 0.0594595
36 0.253466 0.417117 0.0355823 0.0486486
17 0.483826 0.539039 0.0351201 0.0702703
28 0.645333 0.532733 0.0374307 0.0684685
36 0.194547 0.427027 0.0665434 0.0372372
6 0.128004 0.778378 0.0443623 0.0852853
6 0.138632 0.564264 0.0351201 0.0426426
25 0.886091 0.373874 0.0365065 0.0882883
26 0.465573 0.411111 0.042976 0.045045
3 0.872458 0.826426 0.025878 0.103303
5 0.600277 0.576577 0.0203327 0.0996997
36 0.251386 0.388889 0.0369686 0.0702703
18 0.0649261 0.741441 0.0503697 0.0834835
35 0.325323 0.18018 0.0508318 0.0396396
26 0.663124 0.357658 0.038817 0.0582583
20 0.526802 0.621021 0.0748614 0.0432432
21 0.468577 0.753754 0.0166359 0.0804805
30 0.598429 0.755255 0.0175601 0.1003
26 0.398567 0.543844 0.0392791 0.0738739
9 0.813771 0.352252 0.0434381 0.0510511
25 0.593808 0.212613 0.0425139 0.0408408
9 0.85097 0.363664 0.0272643 0.0774775
35 0.459797 0.19039 0.0314233 0.0528529
36 0.645564 0.533033 0.0369686 0.0678679
26 0.480592 0.372372 0.0462107 0.0384384
18 0.643253 0.124625 0.0452865 0.0654655
29 0.216728 0.584985 0.0397412 0.0864865
28 0.372921 0.167568 0.0397412 0.0432432
20 0.562847 0.751351 0.0249538 0.0624625
28 0.741913 0.795195 0.0651571 0.0444444
8 0.919593 0.192192 0.0508318 0.0840841
25 0.12061 0.627027 0.0452865 0.0516517
23 0.395795 0.824324 0.0568392 0.0726727
25 0.290434 0.120721 0.0503697 0.0504505
20 0.54598 0.806607 0.068854 0.0384384
25 0.25439 0.188288 0.0337338 0.0906907
25 0.919824 0.191592 0.0494455 0.0816817
35 0.494917 0.2 0.0332717 0.0588589
25 0.184381 0.18979 0.0471349 0.0732733
36 0.195702 0.369369 0.0494455 0.0468468
18 0.0533734 0.618619 0.0633087 0.0720721
29 0.143946 0.387087 0.0365065 0.0834835
20 0.53281 0.744745 0.025878 0.0612613
28 0.558457 0.164865 0.0383549 0.0414414
8 0.867837 0.196997 0.0360444 0.0696697
21 0.44732 0.785586 0.0231054 0.0972973
21 0.421442 0.748348 0.0184843 0.0660661
34 0.224122 0.193093 0.0240296 0.0678679
28 0.659427 0.615616 0.0609982 0.0588589
28 0.909196 0.826126 0.0402033 0.0930931
18 0.180453 0.827928 0.047597 0.0762763
34 0.134011 0.188889 0.0304991 0.0810811
12 0.620841 0.784685 0.0263401 0.0978979
28 0.877542 0.57958 0.0471349 0.0576577
8 0.744686 0.156757 0.0531423 0.0768769
21 0.363216 0.563664 0.0184843 0.0798799
18 0.643715 0.197297 0.0508318 0.0654655
25 0.173059 0.111411 0.086414 0.0426426
18 0.0827172 0.822823 0.0434381 0.0576577
12 0.833872 0.815015 0.030037 0.110511
8 0.812616 0.189189 0.0568392 0.0864865
18 0.289972 0.817117 0.0448244 0.0930931
34 0.24122 0.753453 0.0397412 0.0954955
21 0.493299 0.754655 0.0291128 0.0798799
21 0.327865 0.796697 0.0272643 0.101502
18 0.240296 0.845946 0.0480592 0.0690691
29 0.0790203 0.393093 0.0425139 0.0870871
