12 0.835263 0.716144 0.0217077 0.0650503
17 0.472504 0.533117 0.0332851 0.0313424
25 0.279064 0.587227 0.0525808 0.035482
28 0.71177 0.191603 0.0467921 0.035482
25 0.664014 0.556475 0.0265316 0.0295683
6 0.11698 0.531342 0.0332851 0.0455352
20 0.570429 0.725606 0.0284612 0.0887049
2 0.844428 0.785038 0.0535456 0.0479007
3 0.861312 0.575991 0.0545104 0.0567711
31 0.536179 0.554997 0.0265316 0.0266115
35 0.473468 0.2055 0.0641582 0.0372561
3 0.920646 0.585748 0.051616 0.0538143
6 0.162325 0.528386 0.029426 0.0431697
8 0.788471 0.199586 0.0660878 0.0455352
20 0.532803 0.732998 0.0419682 0.0857481
16 0.361795 0.596688 0.0617463 0.0402129
7 0.11698 0.529273 0.0342499 0.0366647
28 0.301978 0.380248 0.0299083 0.0756949
1 0.630005 0.577173 0.0356971 0.0390302
6 0.193922 0.544352 0.0260492 0.0514488
11 0.232031 0.548492 0.0395562 0.0443525
34 0.121563 0.182436 0.0906898 0.0845653
19 0.267969 0.769663 0.0458273 0.102306
28 0.582489 0.172975 0.038109 0.0396215
28 0.555234 0.13838 0.0578871 0.0331165
19 0.31862 0.766115 0.0448625 0.0916617
14 0.39725 0.387936 0.0361794 0.0697812
11 0.288471 0.540509 0.0472745 0.0390302
8 0.667873 0.390006 0.0612639 0.0490834
4 0.490111 0.575991 0.0347323 0.0402129
18 0.137 0.698108 0.0598167 0.0691898
28 0.532079 0.176227 0.0443801 0.0496747
23 0.317414 0.763158 0.0463097 0.0869308
12 0.696334 0.736251 0.0207429 0.0922531
20 0.586348 0.733885 0.0197781 0.0887049
13 0.301495 0.382022 0.0318379 0.0756949
28 0.705982 0.204317 0.0525808 0.0408043
8 0.842016 0.192194 0.0303907 0.0626848
5 0.695128 0.736251 0.0221901 0.0910704
36 0.259527 0.375813 0.0347323 0.0703726
34 0.856971 0.379953 0.0410034 0.0632762
25 0.631452 0.195446 0.0453449 0.0632762
33 0.858177 0.737138 0.0241196 0.072738
30 0.652195 0.7055 0.0183309 0.102898
25 0.367824 0.164104 0.0342499 0.0573625
5 0.835504 0.71644 0.0192957 0.0609107
18 0.268452 0.76848 0.0477569 0.105855
25 0.199469 0.368717 0.0332851 0.0987581
25 0.45972 0.375222 0.0414858 0.0680071
25 0.248191 0.198403 0.0554752 0.0431697
23 0.372166 0.774985 0.0602991 0.0916617
25 0.152195 0.373152 0.0438977 0.0898876
35 0.335504 0.190124 0.0313555 0.0656416
6 0.077424 0.592549 0.0467921 0.0449438
18 0.0699469 0.73152 0.0482393 0.0875222
20 0.561023 0.709344 0.0212253 0.0751035
24 0.668837 0.389415 0.0631934 0.0443525
34 0.298119 0.193672 0.0328027 0.0680071
20 0.53232 0.707865 0.0274964 0.0745121
34 0.335986 0.369899 0.0284612 0.0975754
21 0.448866 0.747782 0.0226725 0.0857481
34 0.72986 0.345358 0.0385914 0.0685985
18 0.0699469 0.792135 0.054028 0.0680071
18 0.140135 0.781786 0.0622287 0.066233
34 0.191269 0.184211 0.0419682 0.0833826
12 0.630728 0.728267 0.0255668 0.10822
20 0.534009 0.771437 0.0694645 0.0443525
34 0.0955137 0.182732 0.0424506 0.0898876
34 0.146406 0.181845 0.0371442 0.0845653
21 0.378196 0.52602 0.0212253 0.0644589
18 0.209117 0.775577 0.0593343 0.0881135
34 0.525326 0.334713 0.0395562 0.0709639
8 0.892909 0.178001 0.0598167 0.0922531
21 0.478051 0.751035 0.0308731 0.0827912
25 0.0793536 0.36576 0.0448625 0.105855
