25 0.716305 0.619297 0.0339303 0.0437731
11 0.565033 0.623305 0.0292177 0.0616523
27 0.609802 0.423859 0.0574929 0.0696671
9 0.611923 0.423551 0.0541942 0.0690506
19 0.292648 0.834772 0.0565504 0.0998767
23 0.374647 0.796856 0.0320452 0.0733662
11 0.201461 0.619605 0.0428841 0.0986437
22 0.337182 0.830456 0.0466541 0.10111
20 0.566918 0.807645 0.0518379 0.0961776
19 0.336946 0.832922 0.0471254 0.10111
9 0.826343 0.432491 0.0598492 0.0536375
23 0.336711 0.833539 0.0485391 0.0974106
10 0.824929 0.427559 0.0579642 0.0536375
11 0.606503 0.638101 0.0508954 0.0727497
21 0.606032 0.165228 0.0405278 0.11344
2 0.836711 0.615598 0.0523091 0.0709001
16 0.463949 0.638101 0.031574 0.0641184
1 0.607681 0.638718 0.0532517 0.0727497
4 0.527097 0.617448 0.039114 0.0647349
26 0.397031 0.191122 0.0570217 0.0789149
11 0.250707 0.629778 0.0414703 0.0561036
31 0.565975 0.620222 0.0273327 0.0579531
35 0.487041 0.178483 0.035344 0.0980271
9 0.88737 0.409371 0.0565504 0.0838471
35 0.445806 0.187115 0.0320452 0.0832306
24 0.679312 0.42725 0.0626767 0.0554871
5 0.825401 0.811652 0.0259189 0.100493
1 0.665646 0.631319 0.0513666 0.0641184
14 0.438973 0.414612 0.0475966 0.0856967
26 0.491046 0.403514 0.0471254 0.0918619
7 0.146089 0.611591 0.0461828 0.081381
11 0.292413 0.600801 0.0419416 0.0548705
36 0.248822 0.403822 0.0490104 0.0998767
3 0.921301 0.620222 0.113101 0.0863132
9 0.955702 0.412762 0.0603205 0.0893958
13 0.37606 0.408755 0.0565504 0.0949445
12 0.557964 0.807953 0.0320452 0.0967941
28 0.545005 0.165536 0.0541942 0.104192
13 0.31197 0.40598 0.0546654 0.094328
20 0.449811 0.833539 0.031574 0.108508
7 0.0860038 0.608816 0.0466541 0.0745993
6 0.200754 0.619605 0.0424128 0.0974106
24 0.753063 0.419544 0.065033 0.0610358
33 0.888549 0.809803 0.0259189 0.0980271
30 0.745052 0.793465 0.0245052 0.127004
26 0.54689 0.410912 0.0551367 0.0893958
35 0.327286 0.188039 0.0457116 0.0887793
28 0.727851 0.175092 0.0560792 0.0961776
21 0.500943 0.799938 0.0348728 0.0869297
12 0.667059 0.775586 0.0306315 0.0850801
28 0.666588 0.172318 0.0551367 0.101726
8 0.868991 0.169544 0.0744581 0.104809
21 0.371583 0.607583 0.033459 0.101726
28 0.791235 0.176017 0.0537229 0.0930949
36 0.194628 0.40074 0.0527804 0.102343
18 0.135014 0.842787 0.0419416 0.107275
29 0.0749293 0.393958 0.0518379 0.0998767
29 0.130302 0.400432 0.0513666 0.0967941
18 0.237512 0.839704 0.0461828 0.0974106
20 0.593308 0.812577 0.0292177 0.0949445
34 0.220311 0.169852 0.0504241 0.118989
34 0.166824 0.174168 0.0433553 0.109125
34 0.117578 0.172935 0.0457116 0.111591
8 0.949105 0.163687 0.070688 0.117756
18 0.185203 0.838779 0.0461828 0.102959
34 0.276155 0.172318 0.0490104 0.110358
18 0.0836475 0.844636 0.0494816 0.119605
