9 0.584821 0.344784 0.0383403 0.0462211
17 0.430147 0.504997 0.0283613 0.0356027
25 0.762605 0.214553 0.0766807 0.0293567
19 0.27416 0.710493 0.0504202 0.0755778
25 0.648634 0.401624 0.052521 0.0262336
28 0.659139 0.185197 0.0283613 0.0455965
11 0.316702 0.528107 0.0409664 0.0780762
25 0.63708 0.382261 0.0493697 0.0249844
2 0.779412 0.720175 0.0682773 0.0349781
34 0.266282 0.218301 0.0640756 0.0206121
28 0.546744 0.221736 0.072479 0.0387258
16 0.429884 0.504685 0.0288866 0.0362274
16 0.424895 0.548407 0.0388655 0.0424735
16 0.500263 0.558713 0.0341387 0.0518426
7 0.152311 0.488445 0.0787815 0.0574641
27 0.581933 0.393816 0.0577731 0.0393504
21 0.469275 0.682698 0.0320378 0.0762024
17 0.502363 0.507183 0.0278361 0.0312305
1 0.593225 0.556839 0.0582983 0.0418488
4 0.430935 0.504685 0.029937 0.0349781
25 0.384191 0.217676 0.0635504 0.0381012
34 0.17437 0.173954 0.0262605 0.0518426
25 0.272059 0.39975 0.0798319 0.028732
11 0.341124 0.553404 0.0898109 0.0487196
12 0.647321 0.68426 0.0204832 0.0955653
34 0.205882 0.214553 0.0987395 0.0293567
4 0.500263 0.558401 0.0341387 0.051218
35 0.36187 0.162399 0.0304622 0.0487196
3 0.839286 0.537477 0.0598739 0.0730793
32 0.372374 0.556839 0.039916 0.054341
6 0.2198 0.519988 0.0393908 0.0356027
20 0.552258 0.701124 0.0330882 0.0680825
25 0.424107 0.544972 0.0414916 0.0430981
4 0.501838 0.507183 0.0267857 0.0312305
36 0.281775 0.307308 0.0435924 0.0412242
26 0.490809 0.354466 0.029937 0.0618364
9 0.768908 0.336352 0.0378151 0.0580887
25 0.272059 0.529357 0.0378151 0.0318551
25 0.651523 0.546533 0.0330882 0.0312305
25 0.28125 0.356964 0.0488445 0.0518426
25 0.142332 0.55559 0.0714286 0.0331043
2 0.71166 0.522174 0.0451681 0.0662086
23 0.332458 0.686758 0.0556723 0.0743285
28 0.552784 0.158339 0.0341387 0.0430981
25 0.533613 0.350094 0.0409664 0.0630856
25 0.355042 0.374141 0.0283613 0.0612117
29 0.147584 0.39163 0.092437 0.0349781
25 0.694328 0.220175 0.0598739 0.0268582
13 0.33062 0.349781 0.0309874 0.0687071
25 0.5 0.559026 0.0336134 0.0537164
35 0.390494 0.166771 0.0257353 0.0562149
13 0.400735 0.359151 0.0462185 0.0737039
1 0.581933 0.565584 0.052521 0.0381012
6 0.219275 0.475953 0.0404412 0.0487196
17 0.467962 0.497502 0.0367647 0.0455965
31 0.533088 0.503123 0.0252101 0.0430981
9 0.807773 0.318551 0.0378151 0.0687071
34 0.116334 0.143036 0.0351891 0.0437227
28 0.514969 0.164585 0.0330882 0.065584
30 0.650473 0.680512 0.0183824 0.111805
23 0.396271 0.717989 0.0635504 0.0843223
25 0.120798 0.194878 0.0567227 0.0562149
20 0.516019 0.691755 0.0215336 0.0718301
7 0.174632 0.488132 0.0341387 0.0580887
36 0.234244 0.334478 0.0409664 0.0693317
35 0.435662 0.173329 0.0288866 0.0743285
25 0.698267 0.385384 0.0582983 0.0549656
25 0.216649 0.561836 0.0467437 0.0493442
34 0.216649 0.163023 0.0456933 0.0787008
28 0.626838 0.138976 0.0582983 0.0430981
5 0.698004 0.685509 0.019958 0.0843223
25 0.616071 0.205184 0.0462185 0.0718301
21 0.478992 0.681449 0.019958 0.0774516
25 0.31749 0.170518 0.042542 0.0949407
11 0.309086 0.494691 0.0362395 0.0437227
25 0.447742 0.359463 0.0341387 0.0593379
29 0.187237 0.337289 0.0477941 0.0674578
7 0.13209 0.490319 0.0362395 0.0599625
8 0.744485 0.154903 0.0477941 0.0774516
28 0.695903 0.173641 0.0357143 0.0487196
25 0.851891 0.38757 0.0756303 0.0518426
18 0.200893 0.650219 0.0414916 0.0537164
8 0.807248 0.172705 0.052521 0.0905684
11 0.320641 0.549969 0.0393908 0.0493442
29 0.134716 0.332917 0.042542 0.0662086
35 0.474265 0.183635 0.0378151 0.0924422
34 0.263393 0.165209 0.0383403 0.0780762
12 0.609506 0.685821 0.0278361 0.0849469
21 0.456933 0.683635 0.0252101 0.0793254
18 0.115284 0.702686 0.0477941 0.0899438
