11 0.254151 0.778017 0.0380289 0.0474138
20 0.457954 0.82148 0.0310659 0.0854885
35 0.33985 0.208333 0.0219604 0.0933908
3 0.732726 0.630747 0.0203535 0.0603448
2 0.840386 0.639368 0.0396358 0.0675287
36 0.168184 0.440733 0.0964114 0.0883621
10 0.611944 0.432471 0.0487413 0.0632184
21 0.392608 0.79454 0.0192823 0.0732759
32 0.339314 0.653017 0.0273165 0.0718391
9 0.83985 0.436782 0.0374933 0.0603448
11 0.133101 0.756825 0.051955 0.0510057
9 0.613016 0.43283 0.0487413 0.0639368
9 0.787627 0.441451 0.0626674 0.049569
27 0.611141 0.43319 0.044992 0.066092
16 0.542046 0.648348 0.0396358 0.0366379
36 0.269684 0.632543 0.033744 0.0739943
8 0.898768 0.206537 0.152116 0.0998563
4 0.542314 0.64727 0.0423139 0.0387931
9 0.228441 0.646193 0.0423139 0.0768678
5 0.63203 0.801724 0.0246385 0.0962644
26 0.361275 0.442888 0.0498125 0.0998563
3 0.766738 0.637213 0.0808784 0.066092
10 0.787627 0.442529 0.0605249 0.0531609
2 0.900107 0.634698 0.0958757 0.0668103
7 0.139261 0.632902 0.0299946 0.0761494
3 0.804767 0.636853 0.0230316 0.0538793
9 0.871719 0.4375 0.0391002 0.0689655
4 0.490091 0.657328 0.0482057 0.0387931
28 0.621853 0.223779 0.0310659 0.0840517
35 0.408141 0.230963 0.0321371 0.0553161
21 0.423674 0.820762 0.0278522 0.0941092
12 0.631227 0.804598 0.0241028 0.0847701
18 0.195769 0.792744 0.033744 0.0553161
7 0.0961435 0.635776 0.0423139 0.0890805
23 0.311998 0.812859 0.0369577 0.075431
1 0.640868 0.647988 0.0455276 0.0531609
9 0.921532 0.429957 0.0487413 0.0783046
33 0.69925 0.807471 0.0241028 0.0876437
18 0.231655 0.826149 0.0380289 0.0560345
14 0.417515 0.433908 0.0465988 0.079023
17 0.438939 0.65194 0.0358864 0.0538793
13 0.358864 0.44217 0.0482057 0.0998563
20 0.423942 0.819684 0.0283878 0.0933908
33 0.726834 0.815733 0.0257097 0.0941092
23 0.349223 0.791307 0.0353508 0.0696839
23 0.537493 0.825072 0.0530262 0.0826149
28 0.715854 0.227011 0.0487413 0.0732759
21 0.461435 0.821839 0.029459 0.0876437
1 0.692287 0.654454 0.0508838 0.0416667
28 0.664971 0.235991 0.0444563 0.0682471
35 0.316283 0.219828 0.0380289 0.0804598
30 0.882967 0.798851 0.0219604 0.127874
29 0.143814 0.445402 0.0433851 0.0833333
28 0.587038 0.224138 0.0342796 0.079023
26 0.474023 0.43319 0.0492769 0.0732759
26 0.536422 0.433908 0.0530262 0.0718391
28 0.534547 0.225575 0.0524906 0.0689655
13 0.301821 0.442888 0.0465988 0.10273
24 0.686663 0.445043 0.0749866 0.0466954
18 0.147831 0.828664 0.0471344 0.0524425
18 0.100964 0.822557 0.033744 0.0646552
28 0.791644 0.225216 0.0535619 0.0840517
29 0.0948045 0.636494 0.0428495 0.0862069
29 0.0891805 0.440374 0.0465988 0.0933908
18 0.17729 0.65158 0.0439207 0.0818966
35 0.458757 0.220905 0.0433851 0.0826149
8 0.942421 0.206537 0.0723085 0.108477
34 0.115694 0.197557 0.0342796 0.116379
35 0.372791 0.215158 0.0353508 0.095546
36 0.246385 0.443966 0.0460632 0.0977011
34 0.214515 0.202586 0.0498125 0.109195
36 0.193091 0.440374 0.0455276 0.0991379
8 0.862614 0.215876 0.0723085 0.095546
12 0.798607 0.802083 0.0353508 0.10704
34 0.269416 0.211566 0.0482057 0.095546
34 0.161757 0.193966 0.0439207 0.125
34 0.0637386 0.188937 0.0557043 0.140805
