22 0.334532 0.616177 0.0455635 0.0555903
27 0.590328 0.403498 0.0455635 0.0562149
18 0.279776 0.623048 0.0479616 0.0493442
32 0.339728 0.505309 0.0367706 0.0449719
21 0.467626 0.61649 0.0703437 0.0437227
13 0.332134 0.396627 0.11271 0.0612117
16 0.340128 0.503748 0.0359712 0.0480949
24 0.64988 0.409432 0.0607514 0.0405996
18 0.211031 0.624922 0.0879297 0.0480949
23 0.281375 0.623673 0.0527578 0.0480949
9 0.591527 0.402249 0.0447642 0.0549656
23 0.335731 0.61649 0.0479616 0.0574641
19 0.335731 0.61649 0.0463629 0.0562149
19 0.281775 0.623673 0.0519584 0.0455965
31 0.476419 0.507808 0.0335731 0.0587133
10 0.770584 0.40381 0.0591527 0.0443473
5 0.751399 0.627108 0.0223821 0.0487196
4 0.476419 0.509681 0.0335731 0.0574641
11 0.30016 0.495003 0.0343725 0.0430981
3 0.731415 0.522174 0.0751399 0.0537164
16 0.381695 0.498751 0.0327738 0.0505934
31 0.519185 0.507183 0.0343725 0.0549656
26 0.536371 0.406309 0.0495604 0.054341
9 0.771383 0.40381 0.0623501 0.0518426
33 0.829736 0.627733 0.0303757 0.0499688
14 0.425659 0.39163 0.0407674 0.0574641
17 0.427658 0.517801 0.0447642 0.0549656
23 0.390088 0.621487 0.0479616 0.0537164
13 0.36211 0.396315 0.0479616 0.0605871
11 0.258593 0.496877 0.0375699 0.0418488
20 0.52518 0.624297 0.0303757 0.0518426
7 0.155076 0.505309 0.0367706 0.0487196
36 0.243006 0.403186 0.0527578 0.0680825
13 0.304956 0.398501 0.0503597 0.0649594
7 0.113909 0.499063 0.0391687 0.0487196
30 0.707434 0.613991 0.0239808 0.0662086
1 0.611111 0.512492 0.0471623 0.0530918
36 0.190248 0.403186 0.0431655 0.0618364
26 0.481215 0.408807 0.0527578 0.0580887
9 0.883293 0.400375 0.0639488 0.0699563
35 0.364508 0.287633 0.0495604 0.0630856
35 0.455635 0.28732 0.0511591 0.0687071
24 0.707434 0.408807 0.0591527 0.0443473
2 0.865707 0.526858 0.139089 0.0555903
21 0.482014 0.614304 0.0319744 0.0430981
28 0.753397 0.281387 0.0551559 0.0743285
21 0.443645 0.615865 0.0319744 0.0412242
28 0.519584 0.285447 0.0495604 0.062461
28 0.641487 0.286071 0.0503597 0.0599625
6 0.203038 0.509994 0.0463629 0.0580887
35 0.409672 0.289819 0.0343725 0.0587133
28 0.578737 0.282324 0.0559552 0.0724547
28 0.692246 0.282011 0.0479616 0.0668332
20 0.557554 0.622736 0.0279776 0.051218
12 0.600719 0.619925 0.0311751 0.0555903
8 0.894085 0.269831 0.0567546 0.0774516
29 0.139888 0.402561 0.0431655 0.0555903
18 0.0935252 0.626483 0.0447642 0.0499688
18 0.231815 0.62336 0.0415667 0.0487196
35 0.307754 0.283885 0.0495604 0.0680825
1 0.563949 0.514991 0.0471623 0.0518426
18 0.18785 0.622111 0.0415667 0.0524672
29 0.0807354 0.402873 0.0511591 0.0599625
18 0.141487 0.625234 0.0431655 0.0499688
8 0.829736 0.274516 0.0703437 0.076827
34 0.191047 0.277639 0.0527578 0.0780762
34 0.247802 0.278264 0.0559552 0.0793254
34 0.0347722 0.275765 0.0407674 0.0793254
34 0.140687 0.274204 0.0495604 0.0811993
34 0.0855316 0.275141 0.0543565 0.0843223
