25 0.578051 0.440076 0.0974456 0.0418516
4 0.368969 0.635384 0.0368969 0.0532657
25 0.230842 0.431833 0.0425733 0.0558022
28 0.597209 0.223526 0.025071 0.0627774
16 0.368496 0.63475 0.0359508 0.0532657
28 0.495743 0.259036 0.0558184 0.0348763
32 0.32403 0.63253 0.0302744 0.0691186
28 0.539735 0.251427 0.0302744 0.0462904
22 0.321429 0.800571 0.0534532 0.093215
31 0.465941 0.604312 0.0321665 0.0342422
35 0.451987 0.215599 0.0354778 0.0672162
28 0.633633 0.253646 0.0373699 0.0443881
27 0.557001 0.441344 0.0477767 0.0481928
34 0.267029 0.21116 0.0543992 0.0900444
25 0.555109 0.598922 0.0487228 0.0348763
14 0.43685 0.374445 0.0345317 0.0488269
14 0.382214 0.376665 0.0293283 0.0608751
25 0.464049 0.430247 0.0491958 0.0298034
4 0.466414 0.603361 0.0312204 0.0323399
8 0.848865 0.250793 0.0591296 0.0374128
17 0.418874 0.618263 0.0345317 0.0570704
25 0.31457 0.428028 0.0709555 0.0380469
36 0.245033 0.363348 0.0397351 0.0519975
19 0.245979 0.797717 0.0444655 0.105263
26 0.293283 0.383006 0.0463576 0.0583386
3 0.83491 0.605897 0.116367 0.0754597
29 0.11211 0.462904 0.0993377 0.0380469
28 0.577342 0.24033 0.0326395 0.0722892
35 0.271523 0.189283 0.038789 0.0830691
34 0.0934248 0.159797 0.0421003 0.0456563
13 0.293756 0.379835 0.0463576 0.0545339
25 0.763955 0.263475 0.112583 0.0310717
31 0.498108 0.635067 0.0321665 0.0577045
23 0.321429 0.800571 0.0562914 0.0906785
25 0.182829 0.226696 0.0411542 0.0944832
28 0.634579 0.218136 0.0354778 0.0545339
25 0.381977 0.266011 0.0506149 0.0285352
13 0.340587 0.380786 0.0406812 0.0615092
25 0.649243 0.637603 0.0581835 0.0285352
20 0.482734 0.814521 0.0345317 0.0919467
25 0.559366 0.642676 0.0648061 0.0399493
35 0.3193 0.230501 0.0321665 0.0818009
34 0.102176 0.232086 0.0529801 0.0646798
25 0.223746 0.636652 0.0340587 0.0380469
9 0.76632 0.377933 0.0406812 0.065948
5 0.680464 0.782498 0.0231788 0.098922
36 0.194418 0.375396 0.0416272 0.0672162
26 0.480842 0.378567 0.038316 0.0596069
28 0.498581 0.201332 0.0416272 0.055168
33 0.749054 0.796766 0.0241249 0.0995561
35 0.35667 0.206722 0.0293283 0.0798985
24 0.692053 0.446417 0.0879849 0.049461
28 0.680464 0.241915 0.0449385 0.0741915
9 0.814333 0.372226 0.0430464 0.0634115
34 0.230132 0.185796 0.0298013 0.0798985
11 0.257805 0.592581 0.0482498 0.043754
7 0.12228 0.571655 0.0468307 0.060241
25 0.184011 0.6487 0.0435194 0.0532657
26 0.525544 0.383323 0.0397351 0.0665821
25 0.611873 0.435954 0.0468307 0.0374128
18 0.108562 0.822448 0.0411542 0.0608751
8 0.799669 0.204185 0.0534532 0.0621433
34 0.140255 0.194356 0.0316935 0.076728
29 0.150662 0.384591 0.0373699 0.0779962
34 0.259934 0.257768 0.0789972 0.0424857
34 0.269395 0.190235 0.0392621 0.0786303
18 0.111873 0.749841 0.0430464 0.0856056
20 0.519631 0.800571 0.0279092 0.100824
7 0.0825449 0.638237 0.0458846 0.060241
12 0.577815 0.781547 0.0316935 0.0957514
21 0.416982 0.778377 0.0288553 0.093215
