10 0.655753 0.393192 0.0452576 0.036852
18 0.20727 0.811993 0.0890708 0.062461
21 0.46726 0.795128 0.0245546 0.0562149
25 0.726529 0.618051 0.0423688 0.0818239
21 0.0652383 0.817926 0.0274434 0.0980637
1 0.598941 0.594941 0.0433317 0.0356027
29 0.312951 0.328857 0.0404429 0.0780762
34 0.767453 0.816989 0.0327395 0.102436
27 0.594367 0.42817 0.0515166 0.0518426
8 0.855079 0.192067 0.0327395 0.0868207
12 0.798748 0.814803 0.0211844 0.0980637
16 0.359894 0.740787 0.0322581 0.0599625
25 0.407559 0.80075 0.0322581 0.091193
20 0.874579 0.83198 0.0207029 0.0649594
17 0.511796 0.621487 0.0365912 0.0574641
19 0.099663 0.787008 0.0356283 0.0787008
10 0.594367 0.430356 0.0534425 0.051218
5 0.798507 0.812617 0.0187771 0.0949407
35 0.393597 0.228919 0.0418873 0.0331043
33 0.874338 0.831043 0.0211844 0.0668332
16 0.291767 0.58807 0.0519981 0.0405996
24 0.651902 0.438476 0.0519981 0.0387258
23 0.364227 0.801999 0.045739 0.0524672
9 0.595089 0.430668 0.0510351 0.0468457
28 0.416225 0.13554 0.0794415 0.0549656
35 0.339432 0.173954 0.0385171 0.0468457
34 0.719788 0.408495 0.0471834 0.101187
7 0.208714 0.52842 0.0447761 0.0437227
25 0.155031 0.402561 0.0471834 0.0730793
6 0.153346 0.54341 0.0418873 0.0412242
6 0.239047 0.59213 0.0351468 0.0599625
34 0.349783 0.213304 0.046702 0.0505934
31 0.468464 0.575265 0.0288878 0.0337289
9 0.657679 0.39569 0.0481464 0.0393504
12 0.551517 0.814179 0.0284064 0.0805746
8 0.713529 0.413804 0.0404429 0.0955653
30 0.736158 0.783573 0.0202215 0.138039
14 0.313192 0.330418 0.0389986 0.0737039
23 0.309581 0.760774 0.0404429 0.0724547
4 0.512759 0.620862 0.0356283 0.0524672
28 0.48676 0.739226 0.0414059 0.0668332
9 0.540684 0.381949 0.0500722 0.103061
25 0.237362 0.437851 0.066442 0.0387258
18 0.0999037 0.791068 0.0351468 0.0855715
36 0.201011 0.3807 0.0399615 0.0493442
35 0.432595 0.213929 0.0284064 0.0668332
13 0.359413 0.408182 0.0476649 0.0855715
36 0.115792 0.329794 0.0698122 0.0474703
35 0.566923 0.733292 0.0447761 0.062461
28 0.434039 0.122736 0.100626 0.0455965
35 0.281415 0.122111 0.0447761 0.0443473
26 0.576793 0.211743 0.0558498 0.0762024
13 0.403948 0.345409 0.0462205 0.0824485
11 0.330766 0.556527 0.0481464 0.0499688
36 0.24988 0.382886 0.0423688 0.0587133
28 0.756139 0.19925 0.046702 0.0861961
8 0.816803 0.217989 0.05922 0.0499688
8 0.710881 0.133979 0.0621088 0.0568395
11 0.240491 0.591818 0.0361098 0.0518426
7 0.137217 0.602124 0.0423688 0.0599625
28 0.806452 0.154591 0.0404429 0.0593379
13 0.304526 0.410993 0.0486278 0.0737039
28 0.6974 0.802936 0.0380356 0.0968145
9 0.895282 0.403186 0.0553683 0.0918176
20 0.584978 0.814803 0.0279249 0.0793254
28 0.51974 0.200812 0.0438132 0.0905684
2 0.7896 0.613054 0.0866635 0.0855715
9 0.837025 0.39975 0.0505537 0.0874453
7 0.0962927 0.577452 0.0346654 0.0680825
28 0.695715 0.213929 0.0539239 0.0643348
29 0.0859413 0.406309 0.0438132 0.0718301
36 0.187771 0.737976 0.0500722 0.0643348
35 0.472316 0.208307 0.0356283 0.0743285
6 0.194993 0.598376 0.0385171 0.0749532
25 0.480501 0.39975 0.0481464 0.114928
12 0.652383 0.765771 0.0288878 0.0899438
25 0.846413 0.749219 0.110737 0.0518426
34 0.287193 0.199563 0.0534425 0.0893192
24 0.925132 0.826046 0.0640347 0.0918176
28 0.636736 0.200187 0.0438132 0.10431
18 0.228455 0.808557 0.0389986 0.0630856
3 0.888782 0.614616 0.0857005 0.0774516
8 0.904911 0.19238 0.0572942 0.103685
18 0.184401 0.811368 0.0404429 0.0637102
18 0.138902 0.806996 0.0399615 0.0849469
18 0.773231 0.422236 0.0568127 0.0662086
34 0.185604 0.189569 0.0428503 0.110556
34 0.0811266 0.186758 0.0495908 0.0986883
34 0.135291 0.186134 0.0481464 0.108682
34 0.232788 0.184572 0.0447761 0.1193
