26 0.363288 0.408477 0.0361644 0.0761671
26 0.589041 0.405405 0.0493151 0.044226
34 0.229863 0.222973 0.0213699 0.0724816
2 0.719726 0.566646 0.0509589 0.0644963
14 0.424931 0.398342 0.0312329 0.0595823
17 0.457808 0.527948 0.0421918 0.0276413
17 0.389041 0.561732 0.0339726 0.0448403
25 0.668493 0.572789 0.0317808 0.0325553
19 0.314247 0.74355 0.0410959 0.0730958
35 0.41726 0.231572 0.0279452 0.0663391
2 0.70274 0.564496 0.0235616 0.0552826
25 0.588767 0.406634 0.0465753 0.046683
34 0.190959 0.208231 0.049863 0.103194
16 0.47726 0.582617 0.0383562 0.0411548
16 0.389589 0.563882 0.0350685 0.0429975
25 0.656164 0.386364 0.0575342 0.027027
2 0.726849 0.565111 0.0224658 0.0651106
4 0.476438 0.582002 0.0389041 0.0411548
17 0.433151 0.568796 0.0421918 0.046683
1 0.581096 0.567875 0.030137 0.0497543
9 0.79863 0.391278 0.0345205 0.0687961
13 0.35589 0.408784 0.0454795 0.0730958
9 0.880548 0.391892 0.0460274 0.0712531
21 0.478356 0.720209 0.0175342 0.0681818
31 0.527945 0.574631 0.0312329 0.0460688
1 0.563288 0.56941 0.029589 0.044226
25 0.191507 0.413391 0.0487671 0.0724816
23 0.36 0.738944 0.0449315 0.0847666
25 0.31589 0.587838 0.0367123 0.0663391
34 0.156438 0.213145 0.0213699 0.0872236
11 0.26274 0.600737 0.0454795 0.0454545
3 0.874247 0.56726 0.0728767 0.0546683
20 0.508767 0.704545 0.0257534 0.0589681
28 0.301644 0.410934 0.0410959 0.0810811
35 0.320548 0.221744 0.0471233 0.0810811
3 0.888219 0.762285 0.0745206 0.10688
33 0.818356 0.738636 0.0235616 0.103808
9 0.83863 0.390049 0.0410959 0.0737101
11 0.213425 0.577703 0.04 0.0485258
6 0.260274 0.555283 0.0449315 0.0405405
20 0.54274 0.737408 0.0246575 0.107494
11 0.11589 0.596744 0.0465753 0.0534398
28 0.690959 0.2414 0.0383562 0.0552826
18 0.0567123 0.592445 0.059726 0.0595823
35 0.441918 0.235872 0.0410959 0.0614251
28 0.547123 0.238329 0.0378082 0.0589681
29 0.126849 0.402027 0.049863 0.0902948
34 0.229589 0.687654 0.0931507 0.0276413
26 0.471781 0.393735 0.0547945 0.0614251
20 0.496986 0.788698 0.0372603 0.0970516
28 0.590685 0.2414 0.0372603 0.0614251
6 0.167671 0.565418 0.0372603 0.0681818
26 0.535069 0.394656 0.0487671 0.0632678
36 0.246301 0.412162 0.0465753 0.0773956
24 0.724384 0.402334 0.0569863 0.046683
21 0.453151 0.740479 0.0263014 0.0890663
35 0.374521 0.224509 0.04 0.0706388
25 0.194521 0.208231 0.0482192 0.103194
30 0.695342 0.724509 0.0252055 0.116093
12 0.633151 0.735872 0.0334247 0.105651
28 0.636438 0.240172 0.0432877 0.0614251
35 0.486301 0.239558 0.0378082 0.0589681
18 0.22411 0.748157 0.0427397 0.0638821
21 0.423288 0.730958 0.0279452 0.0847666
28 0.741918 0.243857 0.0460274 0.0577396
1 0.623288 0.572482 0.0443836 0.04914
18 0.133151 0.718366 0.0383562 0.0644963
8 0.864932 0.233722 0.0531507 0.0730958
28 0.745205 0.755221 0.0547945 0.122236
8 0.804932 0.234337 0.0591781 0.0804668
34 0.119452 0.204853 0.0460274 0.107494
18 0.0882192 0.739251 0.0449315 0.0816953
18 0.176986 0.74785 0.0427397 0.0657248
34 0.0684932 0.394042 0.0493151 0.111179
34 0.265753 0.218059 0.0482192 0.0872236
34 0.0682192 0.20301 0.0465753 0.113636
