23 0.307607 0.801475 0.0440391 0.0995698
25 0.559831 0.18193 0.0369217 0.0565458
16 0.460632 0.591272 0.0289146 0.0688384
22 0.35387 0.825753 0.0458185 0.106331
25 0.627224 0.59035 0.0640569 0.0448679
4 0.542927 0.574063 0.0404804 0.0405655
21 0.439057 0.802704 0.0293594 0.103258
26 0.423265 0.401045 0.0395907 0.079287
16 0.401468 0.612477 0.0573843 0.0473264
17 0.462411 0.587277 0.0289146 0.0669945
36 0.225534 0.377689 0.0346975 0.0805163
3 0.86855 0.618623 0.0440391 0.0424093
18 0.132117 0.821758 0.0818505 0.114321
25 0.446619 0.183467 0.024911 0.0633067
35 0.349199 0.178242 0.0542705 0.0823602
25 0.47798 0.182237 0.0369217 0.0583897
28 0.670819 0.15212 0.044484 0.0522434
25 0.0467082 0.163798 0.0311388 0.106331
13 0.316504 0.394899 0.033363 0.0989551
28 0.742883 0.190535 0.0489324 0.0516288
19 0.307162 0.808543 0.0431495 0.10756
25 0.419039 0.178549 0.0302491 0.0780578
2 0.798488 0.611248 0.0622776 0.0399508
28 0.630338 0.159496 0.0302491 0.0842041
19 0.257785 0.816534 0.0458185 0.100184
3 0.923043 0.587584 0.0542705 0.0639213
9 0.791815 0.386294 0.0275801 0.0669945
25 0.126335 0.616779 0.0355872 0.0374923
9 0.863434 0.352182 0.0320285 0.0553165
25 0.69573 0.584819 0.0311388 0.0399508
28 0.68105 0.174247 0.0533808 0.069453
18 0.108319 0.830363 0.0378114 0.110633
21 0.448399 0.790719 0.024911 0.100184
6 0.274911 0.569453 0.0364769 0.0460971
12 0.676601 0.784573 0.0231317 0.12477
13 0.335187 0.389674 0.0440391 0.106945
21 0.399021 0.795329 0.0169039 0.0897357
11 0.282251 0.614321 0.0475979 0.0411801
25 0.140792 0.399201 0.030694 0.0755993
35 0.382562 0.179471 0.0240214 0.0774431
9 0.826512 0.353718 0.0382562 0.0780578
7 0.080516 0.601414 0.0516014 0.0559312
25 0.380338 0.410879 0.0364769 0.0596189
35 0.419706 0.177628 0.033363 0.0823602
5 0.842304 0.808543 0.0253559 0.10756
8 0.858319 0.148433 0.0262456 0.112477
25 0.331183 0.618009 0.0351423 0.0755993
33 0.870774 0.813153 0.0244662 0.0995698
20 0.536032 0.804548 0.0284698 0.100799
25 0.34008 0.178857 0.0440391 0.0860479
30 0.676379 0.780578 0.0217972 0.133989
25 0.0475979 0.406269 0.0453737 0.0553165
28 0.595418 0.140135 0.0413701 0.0614628
6 0.165703 0.571604 0.0342527 0.0749846
11 0.276913 0.567916 0.0404804 0.0491703
35 0.291815 0.173325 0.0409253 0.0995698
20 0.587856 0.759373 0.0289146 0.0755993
5 0.791815 0.771358 0.0231317 0.102028
25 0.540703 0.386908 0.0449288 0.0755993
29 0.0905249 0.38783 0.0413701 0.0995698
24 0.731539 0.396435 0.0760676 0.0688384
25 0.647464 0.406577 0.0511566 0.0522434
26 0.489991 0.37185 0.0413701 0.0774431
25 0.27024 0.399201 0.0395907 0.0829748
25 0.901468 0.403196 0.0467082 0.0540873
28 0.518461 0.160111 0.033363 0.101414
23 0.354093 0.823294 0.0453737 0.102643
18 0.153692 0.815304 0.0387011 0.112477
30 0.728203 0.753841 0.0231317 0.125999
20 0.593416 0.833436 0.0596085 0.0590043
8 0.90992 0.158881 0.0564947 0.113706
21 0.468861 0.792256 0.0240214 0.103258
25 0.14524 0.159189 0.0449288 0.120467
21 0.42282 0.807621 0.0226868 0.110633
18 0.202402 0.832206 0.047153 0.104487
34 0.0996441 0.173632 0.0391459 0.0915796
25 0.805383 0.166564 0.058274 0.0897357
12 0.64613 0.787339 0.0280249 0.120467
25 0.235098 0.167486 0.0413701 0.106331
34 0.191726 0.164106 0.0391459 0.106945
21 0.497776 0.76429 0.0266904 0.0842041
18 0.0616103 0.815304 0.0449288 0.101414
