17 0.527538 0.64555 0.0340038 0.0562423
4 0.381466 0.631644 0.0340038 0.0593325
21 0.543103 0.795735 0.0680077 0.0859085
23 0.45091 0.797899 0.0244253 0.0865266
35 0.444684 0.240729 0.0454981 0.078492
28 0.736111 0.24382 0.091954 0.0760198
14 0.495929 0.438504 0.072318 0.0735476
23 0.295738 0.801298 0.0416667 0.0871446
16 0.41978 0.63597 0.0292146 0.065513
35 0.367816 0.240729 0.0890805 0.0896168
21 0.511494 0.793263 0.0584291 0.0834363
21 0.453784 0.79759 0.0272989 0.0846724
14 0.447797 0.43974 0.0766283 0.0772559
18 0.231801 0.800062 0.0871648 0.0970334
7 0.176006 0.619283 0.0771073 0.0865266
32 0.339559 0.625464 0.0402299 0.0778739
16 0.339559 0.626391 0.0373563 0.0809642
10 0.788314 0.450556 0.0478927 0.0457355
34 0.167864 0.223424 0.0905172 0.11063
27 0.627155 0.438813 0.0416667 0.0692213
14 0.427682 0.438504 0.0344828 0.0760198
19 0.340278 0.794499 0.0407088 0.0883807
19 0.296456 0.798208 0.0411877 0.0883807
17 0.422414 0.637824 0.0268199 0.0605686
16 0.448755 0.637515 0.0210728 0.0562423
23 0.340996 0.793572 0.0402299 0.0914709
4 0.528975 0.645241 0.0359195 0.0482077
9 0.78999 0.451483 0.0474138 0.0414091
16 0.382663 0.636897 0.0354406 0.0574784
9 0.840517 0.432633 0.0498084 0.0803461
35 0.429598 0.238257 0.0268199 0.0834363
17 0.481322 0.633498 0.0363985 0.0593325
35 0.463841 0.238566 0.0349617 0.0815822
13 0.326628 0.429543 0.0498084 0.0976514
21 0.430077 0.792336 0.0162835 0.0889988
24 0.677443 0.444685 0.0474138 0.0550062
9 0.900862 0.430161 0.0431034 0.0766378
7 0.103927 0.59796 0.0383142 0.0772559
33 0.836446 0.802534 0.0234674 0.0883807
31 0.567768 0.641842 0.0301724 0.0636588
14 0.469349 0.442213 0.0335249 0.0686032
35 0.39296 0.241038 0.039751 0.0852905
3 0.877395 0.624227 0.0890805 0.0667491
26 0.566092 0.43665 0.0469349 0.078492
28 0.618774 0.25 0.0421456 0.0698393
26 0.509818 0.435414 0.039751 0.0809642
23 0.385776 0.795426 0.0416667 0.0852905
5 0.787117 0.800371 0.0215517 0.092707
7 0.149186 0.613412 0.0407088 0.0747837
30 0.731322 0.784611 0.0229885 0.125464
28 0.711925 0.240729 0.0378352 0.078492
2 0.775383 0.622682 0.100575 0.0673671
13 0.380029 0.427689 0.0445402 0.0951792
29 0.157567 0.420272 0.0469349 0.103832
1 0.659004 0.63288 0.0421456 0.0556242
35 0.514368 0.240111 0.0411877 0.0834363
6 0.195642 0.6267 0.0416667 0.10136
28 0.564895 0.237948 0.0445402 0.0865266
18 0.250718 0.797899 0.0426245 0.0889988
35 0.344588 0.233622 0.0445402 0.10754
36 0.268678 0.433869 0.052682 0.103832
12 0.671456 0.802843 0.0296935 0.0976514
11 0.242816 0.632571 0.0421456 0.0698393
36 0.211446 0.425834 0.0464559 0.102596
24 0.73228 0.447157 0.0555556 0.052534
1 0.612069 0.638134 0.0431034 0.0574784
20 0.564895 0.805624 0.026341 0.0896168
8 0.891523 0.228059 0.0502874 0.0976514
11 0.292385 0.631644 0.0483716 0.0704574
28 0.760776 0.241656 0.0426245 0.0852905
28 0.666427 0.246601 0.039751 0.0716935
21 0.524425 0.794499 0.0258621 0.0822002
34 0.141523 0.222806 0.0474138 0.1267
20 0.596504 0.806242 0.0244253 0.0859085
29 0.100814 0.423053 0.0483716 0.0896168
18 0.159243 0.796972 0.0416667 0.0933251
8 0.831178 0.226514 0.0646552 0.11063
34 0.24545 0.229604 0.0416667 0.115575
21 0.494971 0.79419 0.0253831 0.0852905
34 0.293343 0.228368 0.0445402 0.114339
18 0.20522 0.801916 0.0416667 0.0908529
34 0.0926724 0.228059 0.0445402 0.118665
18 0.113985 0.799135 0.0450192 0.0951792
34 0.193726 0.226514 0.0464559 0.113103
