28 0.753671 0.140537 0.0502132 0.0612117
20 0.578636 0.648969 0.125533 0.0324797
25 0.321412 0.567458 0.0317385 0.0455965
24 0.851255 0.806996 0.0236855 0.091193
19 0.299621 0.780762 0.0326859 0.0724547
19 0.348887 0.643036 0.0620559 0.0668332
4 0.211037 0.651156 0.0677404 0.0455965
27 0.547845 0.424735 0.111322 0.0574641
12 0.779962 0.841037 0.0232117 0.076827
29 0.122454 0.124922 0.0450024 0.0437227
8 0.725012 0.185509 0.0639507 0.0337289
28 0.563003 0.232979 0.0724775 0.0362274
16 0.215301 0.648969 0.0724775 0.0499688
13 0.405732 0.378513 0.0393179 0.0537164
35 0.493605 0.20737 0.0322122 0.07995
24 0.215775 0.648032 0.0724775 0.0480949
28 0.592136 0.37258 0.0435812 0.0430981
17 0.445287 0.589944 0.0369493 0.036852
9 0.80199 0.363835 0.0416864 0.0393504
3 0.889152 0.634291 0.040739 0.054341
13 0.363335 0.405059 0.0350545 0.0755778
14 0.752487 0.139288 0.0516343 0.0549656
17 0.468025 0.646471 0.0558977 0.0562149
1 0.469919 0.643036 0.0540028 0.0568395
9 0.549739 0.425984 0.108479 0.0574641
21 0.144718 0.775141 0.0279488 0.0861961
8 0.721933 0.225484 0.0871625 0.051218
28 0.228091 0.180824 0.0525817 0.114304
25 0.599953 0.775453 0.0336333 0.0530918
8 0.72217 0.210181 0.0696352 0.0443473
20 0.566082 0.773891 0.0255803 0.0811993
14 0.318333 0.418488 0.0416864 0.0712055
6 0.136428 0.626171 0.0426338 0.0530918
25 0.35694 0.743285 0.0478446 0.062461
18 0.299858 0.784197 0.0331596 0.0730793
9 0.83207 0.579013 0.108479 0.0449719
7 0.0980578 0.845721 0.0682141 0.0449719
36 0.203458 0.384447 0.037423 0.0605871
26 0.688063 0.354154 0.0393179 0.0712055
13 0.22667 0.183011 0.0563714 0.107433
25 0.345334 0.207683 0.0795831 0.0530918
5 0.780673 0.836977 0.022738 0.0899438
25 0.26954 0.826671 0.0388441 0.0668332
8 0.871862 0.197064 0.0251066 0.0943161
25 0.581004 0.8604 0.0573188 0.0918176
26 0.226433 0.182386 0.0549503 0.104934
8 0.80199 0.232667 0.0615822 0.0381012
8 0.640928 0.19925 0.0435812 0.0874453
8 0.853624 0.193941 0.0530554 0.0980637
25 0.809806 0.765771 0.0658456 0.0774516
21 0.409995 0.182074 0.0336333 0.111805
25 0.812885 0.419113 0.0435812 0.0587133
30 0.709379 0.761087 0.0165798 0.108057
12 0.524396 0.818863 0.0284225 0.114928
25 0.220038 0.449719 0.0866888 0.0462211
9 0.883704 0.410056 0.0478446 0.076827
36 0.0959261 0.738601 0.0450024 0.0630856
18 0.208906 0.551218 0.0483183 0.0718301
28 0.71388 0.23173 0.0852676 0.0474703
28 0.580294 0.179888 0.0502132 0.0499688
34 0.280436 0.196127 0.0416864 0.0849469
12 0.635481 0.77233 0.0270014 0.0855715
20 0.523212 0.594941 0.0298437 0.0905684
25 0.691142 0.861337 0.0994789 0.0549656
21 0.520606 0.192067 0.0208432 0.0693317
25 0.455234 0.40381 0.0454761 0.10431
34 0.0660824 0.183635 0.0450024 0.103685
21 0.476551 0.772642 0.0246329 0.0961899
21 0.0776883 0.610868 0.0331596 0.0924422
18 0.223828 0.83198 0.044055 0.0899438
24 0.91189 0.840412 0.081478 0.114304
21 0.653245 0.41193 0.0274751 0.101811
21 0.437944 0.791068 0.0279488 0.0930668
18 0.757461 0.420987 0.0464235 0.0674578
