25 0.401425 0.392567 0.0418199 0.076827
2 0.844439 0.587758 0.0298713 0.0637102
16 0.336397 0.59619 0.0386029 0.0705809
1 0.602482 0.607121 0.0523897 0.0524672
9 0.777803 0.39569 0.0436581 0.0518426
25 0.0884651 0.371643 0.0951287 0.102436
3 0.761029 0.798876 0.0229779 0.137414
25 0.66636 0.613054 0.0284926 0.0331043
21 0.434743 0.76827 0.0790441 0.0936914
16 0.402114 0.395378 0.0404412 0.0724547
23 0.309743 0.793254 0.0413603 0.0961899
18 0.213465 0.750156 0.0399816 0.0774516
25 0.600643 0.606496 0.0542279 0.0524672
25 0.778263 0.392879 0.0473346 0.0549656
32 0.336627 0.597127 0.0390625 0.0712055
19 0.262178 0.764522 0.0381434 0.0737039
18 0.0675551 0.601811 0.0487132 0.0893192
25 0.514936 0.380075 0.0280331 0.08807
4 0.511259 0.607121 0.0289522 0.0424735
2 0.742188 0.587445 0.0386029 0.0805746
20 0.445083 0.592442 0.0372243 0.106808
19 0.309972 0.791693 0.0454963 0.0993129
20 0.57307 0.7792 0.0404412 0.0918176
2 0.804228 0.589007 0.0625 0.0762024
25 0.600643 0.387883 0.046875 0.0562149
16 0.381204 0.596815 0.0344669 0.065584
25 0.699908 0.587445 0.0340074 0.0518426
35 0.330653 0.153966 0.0326287 0.0968145
25 0.448759 0.377577 0.0298713 0.0955653
23 0.359835 0.787633 0.046875 0.0974391
35 0.316176 0.152717 0.03125 0.0943161
30 0.732537 0.74391 0.0202206 0.117427
25 0.227482 0.392255 0.046875 0.0749532
28 0.746553 0.172705 0.0409007 0.0743285
12 0.542509 0.592755 0.0298713 0.0949407
25 0.169118 0.383823 0.0505515 0.0980637
11 0.235983 0.606184 0.0436581 0.054341
25 0.1142 0.37664 0.0473346 0.0949407
5 0.796875 0.766084 0.0202206 0.0905684
21 0.278033 0.591193 0.0211397 0.100562
18 0.126379 0.762648 0.0321691 0.0811993
33 0.863971 0.776077 0.0238971 0.0755778
3 0.905331 0.594316 0.0909926 0.0755778
18 0.217831 0.819176 0.0441176 0.0505934
25 0.476333 0.380387 0.0445772 0.0961899
25 0.893612 0.388819 0.0556066 0.076827
21 0.463006 0.764522 0.0261949 0.091193
25 0.0625 0.36321 0.0477941 0.10431
28 0.689338 0.160837 0.0450368 0.0930668
25 0.185892 0.590881 0.0436581 0.0874453
25 0.831801 0.384135 0.046875 0.0787008
25 0.532169 0.377577 0.0496324 0.0855715
35 0.423024 0.160837 0.0409007 0.08807
35 0.466452 0.155528 0.0386029 0.0961899
30 0.693015 0.760462 0.0220588 0.129294
20 0.587316 0.797939 0.0275735 0.0930668
8 0.810432 0.164897 0.0657169 0.0849469
35 0.372472 0.154279 0.0436581 0.0961899
28 0.6358 0.160212 0.0473346 0.0943161
25 0.344899 0.384447 0.0519301 0.0905684
12 0.654871 0.750468 0.0294118 0.101811
25 0.13511 0.581824 0.0395221 0.0755778
25 0.71898 0.390381 0.058364 0.0749532
25 0.288373 0.377889 0.0482537 0.0961899
28 0.579274 0.165834 0.0482537 0.0843223
25 0.657858 0.402249 0.0500919 0.0587133
28 0.528493 0.158651 0.0441176 0.0949407
34 0.216222 0.140225 0.0473346 0.123048
21 0.412914 0.771705 0.0317096 0.103061
34 0.271369 0.144597 0.0519301 0.110556
20 0.559513 0.772954 0.0261949 0.0943161
8 0.886259 0.154591 0.0638787 0.111805
34 0.101792 0.142723 0.0537684 0.111805
18 0.0776654 0.79544 0.0505515 0.108057
21 0.496094 0.783573 0.0335478 0.0980637
18 0.169347 0.80356 0.042739 0.0918176
34 0.0464154 0.14366 0.046875 0.107433
34 0.162454 0.138351 0.0473346 0.1193
