35 0.469056 0.257339 0.0398284 0.0762024
32 0.364277 0.565896 0.036152 0.0712055
17 0.363358 0.56777 0.0392157 0.0737039
36 0.585172 0.415053 0.0514706 0.076827
19 0.318627 0.717989 0.0551471 0.0668332
11 0.317402 0.564335 0.0441176 0.0830731
21 0.449449 0.718613 0.0680147 0.0693317
22 0.318321 0.718613 0.0557598 0.0693317
4 0.464461 0.556527 0.0392157 0.0811993
28 0.734988 0.261087 0.104779 0.0712055
35 0.327819 0.257964 0.0980392 0.0811993
23 0.315257 0.71549 0.0582108 0.0730793
32 0.317096 0.564959 0.0422794 0.0818239
27 0.586091 0.416302 0.0545343 0.0755778
31 0.509191 0.564647 0.0392157 0.0774516
19 0.265931 0.717676 0.0404412 0.0687071
35 0.366115 0.256402 0.0520833 0.076827
24 0.658395 0.423798 0.0667892 0.0630856
6 0.166667 0.564335 0.0428922 0.0868207
16 0.362745 0.568707 0.0355392 0.0705809
1 0.612439 0.564335 0.0471814 0.0805746
17 0.416054 0.57183 0.0490196 0.0730793
9 0.806985 0.413179 0.060049 0.0705809
11 0.219363 0.576515 0.0428922 0.0637102
35 0.410233 0.268582 0.0349265 0.0587133
5 0.774816 0.721736 0.0214461 0.0718301
26 0.474571 0.418488 0.0545343 0.0687071
13 0.356311 0.413179 0.0471814 0.0780762
9 0.873162 0.408495 0.067402 0.091193
14 0.411765 0.417239 0.0514706 0.0787008
33 0.839767 0.724859 0.026348 0.0718301
13 0.301471 0.413804 0.0465686 0.0830731
26 0.530637 0.416927 0.0490196 0.0680825
23 0.375613 0.707683 0.0465686 0.0674578
30 0.68076 0.708307 0.0220588 0.103685
11 0.265319 0.578701 0.0392157 0.0593379
35 0.307904 0.256402 0.0459559 0.08807
3 0.727328 0.573392 0.0943627 0.0737039
20 0.517157 0.722361 0.0306373 0.0705809
36 0.185049 0.409432 0.0502451 0.0830731
24 0.734069 0.413492 0.0686275 0.0637102
36 0.242341 0.412867 0.0520833 0.0824485
28 0.579657 0.257651 0.0514706 0.0830731
29 0.127757 0.413179 0.0496324 0.0755778
2 0.860294 0.571518 0.142157 0.0774516
7 0.116115 0.56777 0.0459559 0.0774516
12 0.62163 0.717052 0.0349265 0.0811993
21 0.468444 0.719863 0.0324755 0.0705809
7 0.0569853 0.572767 0.0490196 0.0724547
21 0.428309 0.715803 0.0343137 0.0712055
20 0.553309 0.718613 0.0306373 0.0743285
29 0.0692402 0.410369 0.0563725 0.07995
28 0.70527 0.261399 0.0490196 0.0730793
8 0.831801 0.26015 0.0704657 0.0730793
1 0.558517 0.575265 0.0471814 0.0674578
34 0.101409 0.251405 0.0324755 0.08807
35 0.451593 0.256715 0.0465686 0.0811993
28 0.523284 0.254216 0.0477941 0.0886946
28 0.651961 0.257027 0.0477941 0.0805746
18 0.175245 0.716427 0.0441176 0.0699563
28 0.762868 0.257339 0.0490196 0.0774516
34 0.142463 0.249219 0.0459559 0.0949407
34 0.254902 0.25609 0.0477941 0.0849469
18 0.0790441 0.711118 0.0477941 0.076827
18 0.128676 0.714241 0.0453431 0.0743285
34 0.0557598 0.251093 0.0490196 0.0899438
18 0.221201 0.716115 0.0441176 0.0718301
8 0.913297 0.251093 0.0631127 0.0849469
34 0.198223 0.250468 0.0520833 0.0936914
