25 0.556026 0.1956 0.0404896 0.0536468
17 0.495057 0.57173 0.0353107 0.047619
26 0.441149 0.415913 0.0376648 0.0638939
18 0.118409 0.759795 0.0343691 0.0861965
3 0.916902 0.588306 0.0503766 0.0554551
6 0.230932 0.597046 0.0400188 0.0464135
28 0.545904 0.14135 0.0353107 0.0657022
9 0.837806 0.383363 0.0353107 0.0843882
25 0.464925 0.190175 0.0381356 0.074141
25 0.641008 0.600362 0.049435 0.0482218
2 0.806968 0.622664 0.0743879 0.0349608
25 0.126883 0.608499 0.0353107 0.0367691
23 0.257533 0.794756 0.0489642 0.11513
25 0.0543785 0.167872 0.0324859 0.119952
28 0.705508 0.148282 0.0343691 0.0458107
28 0.915725 0.584087 0.0536723 0.0470163
9 0.799906 0.404461 0.0320151 0.0650995
25 0.545433 0.145268 0.0381356 0.0759494
35 0.427966 0.185955 0.0282486 0.0789632
19 0.161017 0.807414 0.0442561 0.10428
16 0.402072 0.60217 0.0480226 0.0421941
25 0.431497 0.179928 0.0249529 0.0922242
25 0.366525 0.185353 0.0334275 0.0837854
28 0.754237 0.199216 0.0480226 0.0620856
35 0.466808 0.192887 0.0400188 0.0638939
35 0.371234 0.185051 0.0240113 0.0819771
28 0.681026 0.191983 0.0419021 0.0681133
13 0.350047 0.396323 0.0353107 0.0910187
13 0.483522 0.389994 0.0386064 0.0843882
22 0.356874 0.800482 0.0461394 0.101266
25 0.0501412 0.40657 0.0428437 0.0548523
34 0.0534369 0.17179 0.0362524 0.12176
21 0.42161 0.788427 0.0183616 0.106088
19 0.25871 0.798373 0.0466102 0.110307
25 0.341572 0.606088 0.0400188 0.0777577
8 0.871469 0.172393 0.0291902 0.115732
13 0.326271 0.39783 0.0376648 0.0940325
25 0.703625 0.594635 0.0277778 0.0367691
5 0.870527 0.808017 0.0235405 0.107896
36 0.235876 0.372815 0.0301318 0.0729355
25 0.910782 0.419831 0.0466102 0.058469
20 0.602166 0.783605 0.0178908 0.079566
8 0.883945 0.1739 0.0343691 0.11513
35 0.398776 0.18686 0.0263653 0.079566
28 0.643126 0.17179 0.0244821 0.0916215
25 0.394303 0.417119 0.0400188 0.0494274
25 0.536723 0.401447 0.0461394 0.0735383
30 0.72952 0.783002 0.0202448 0.130199
11 0.287194 0.607896 0.0451977 0.0415913
18 0.197034 0.728149 0.0400188 0.0614828
6 0.168079 0.565099 0.0348399 0.0813743
21 0.408428 0.773056 0.0183616 0.0898131
25 0.152307 0.406269 0.0381356 0.0759494
25 0.649011 0.424051 0.049435 0.0524412
26 0.484463 0.38909 0.0414313 0.0861965
11 0.282015 0.562387 0.0367232 0.0470163
28 0.597222 0.167872 0.0428437 0.0910187
5 0.801554 0.802893 0.0230697 0.113321
29 0.0936911 0.3912 0.039548 0.0916215
23 0.356638 0.800181 0.0503766 0.105485
7 0.0816855 0.596745 0.0475518 0.053044
24 0.738701 0.415009 0.079096 0.0729355
33 0.868173 0.807113 0.0235405 0.108499
21 0.448917 0.798373 0.0193032 0.0970464
35 0.298493 0.178421 0.0480226 0.103677
25 0.346281 0.185051 0.0324859 0.0843882
8 0.927495 0.174503 0.0442561 0.116335
25 0.279661 0.400542 0.0433145 0.0813743
18 0.118644 0.727848 0.0414313 0.0657022
18 0.160782 0.809825 0.0428437 0.103074
25 0.246469 0.17601 0.0447269 0.10006
21 0.473635 0.795359 0.0244821 0.101869
20 0.540019 0.805003 0.0310734 0.101869
20 0.576271 0.801688 0.0282486 0.0892104
28 0.509416 0.170283 0.0386064 0.105485
21 0.503766 0.771549 0.0263653 0.0855937
34 0.201977 0.171489 0.0404896 0.106691
25 0.150895 0.167571 0.0466102 0.116938
34 0.0991055 0.18264 0.0428437 0.0843882
25 0.814972 0.18053 0.0630885 0.101869
12 0.655838 0.790536 0.0310734 0.103074
18 0.0649718 0.796866 0.0517891 0.0964436
