28 0.668139 0.225432 0.0451645 0.0444887
5 0.359107 0.552125 0.0201276 0.063081
34 0.126411 0.540837 0.0328915 0.0365206
26 0.475454 0.391102 0.0397644 0.0478088
12 0.333088 0.539841 0.0220913 0.0730412
26 0.532155 0.361554 0.0490918 0.0405046
28 0.350761 0.164343 0.0319097 0.0657371
25 0.643593 0.777556 0.0432008 0.0491368
21 0.329651 0.565405 0.0270005 0.105578
11 0.256259 0.576361 0.0314188 0.059761
28 0.66863 0.196879 0.0432008 0.0338645
23 0.338243 0.703519 0.0392734 0.063081
21 0.287432 0.571381 0.0250368 0.0816733
34 0.186303 0.554117 0.0564556 0.0378486
12 0.562101 0.561089 0.0206186 0.0810093
18 0.413844 0.214143 0.0579283 0.064409
25 0.547374 0.782205 0.0500736 0.0491368
5 0.560874 0.561753 0.0191458 0.0796813
21 0.336279 0.705843 0.0363279 0.0717131
9 0.810506 0.373838 0.0324006 0.0504648
34 0.20594 0.181275 0.0230731 0.0756972
20 0.4784 0.606242 0.0770741 0.0371846
6 0.134512 0.539177 0.0422189 0.0371846
17 0.399116 0.601926 0.0510555 0.0418327
14 0.383898 0.406707 0.0314188 0.0657371
16 0.41998 0.413015 0.0348552 0.0571049
34 0.183603 0.536853 0.0441826 0.0511288
20 0.547619 0.780877 0.0525282 0.0478088
29 0.131321 0.353586 0.0525282 0.0444887
21 0.492636 0.720784 0.0260187 0.0710491
36 0.323515 0.380146 0.0412371 0.060425
33 0.774178 0.75332 0.0186549 0.0883134
24 0.713549 0.417331 0.0829651 0.0431607
36 0.649239 0.52988 0.0220913 0.0584329
6 0.0999018 0.604914 0.0368189 0.059761
16 0.329897 0.601262 0.0373098 0.0484728
25 0.18704 0.415671 0.0648012 0.0451527
9 0.868925 0.399734 0.0589102 0.0690571
28 0.497791 0.197875 0.0333824 0.0717131
23 0.342415 0.77324 0.0427099 0.0537849
11 0.101865 0.602922 0.0378007 0.0544489
18 0.248159 0.762616 0.035837 0.0776892
25 0.54811 0.420983 0.0446735 0.0557769
18 0.0488463 0.595618 0.0554737 0.063745
35 0.306578 0.167995 0.0466372 0.0531209
29 0.243741 0.189575 0.0495827 0.0896414
28 0.72705 0.216799 0.0432008 0.0683931
34 0.0851743 0.424303 0.0976927 0.0292165
30 0.685322 0.74502 0.017673 0.110226
25 0.168876 0.182603 0.0451645 0.0929615
25 0.15783 0.0929615 0.0908198 0.0411687
25 0.900835 0.209827 0.0510555 0.0796813
25 0.543692 0.222776 0.0466372 0.0471448
18 0.15783 0.772908 0.0387825 0.063745
28 0.881443 0.7749 0.0466372 0.0703851
28 0.619048 0.596614 0.0697104 0.0537849
20 0.494845 0.719456 0.0265096 0.0723772
36 0.611193 0.521912 0.0373098 0.0664011
29 0.077565 0.368194 0.0353461 0.0723772
12 0.610702 0.725764 0.0265096 0.063745
18 0.0704467 0.768592 0.0387825 0.0537849
8 0.853706 0.217463 0.0343643 0.0657371
12 0.800442 0.757968 0.0289642 0.0869854
18 0.596956 0.220452 0.0471281 0.0557769
34 0.0773196 0.179283 0.0397644 0.111554
34 0.119784 0.179283 0.0333824 0.0956175
18 0.202995 0.792829 0.041728 0.0584329
28 0.851252 0.560425 0.04811 0.0464807
21 0.404762 0.74502 0.0270005 0.0889774
34 0.256259 0.0952855 0.0530191 0.061753
21 0.647521 0.531209 0.0206186 0.059761
21 0.331615 0.537849 0.0211095 0.0730412
34 0.214286 0.713147 0.0338733 0.0783533
21 0.452872 0.718127 0.0309278 0.0763612
21 0.283505 0.749668 0.024055 0.0836653
8 0.798969 0.199867 0.0662739 0.10093
