2 0.605956 0.514678 0.0267587 0.0637102
20 0.476694 0.644285 0.0332326 0.0968145
19 0.22486 0.69238 0.0215796 0.0805746
4 0.377428 0.520924 0.0340958 0.0449719
20 0.445404 0.616802 0.0258956 0.0393504
13 0.256798 0.339163 0.0224428 0.0662086
28 0.566897 0.13148 0.0574018 0.0343535
26 0.394044 0.354154 0.0345274 0.0687071
25 0.290246 0.507183 0.0384117 0.0474703
35 0.353906 0.180824 0.0336642 0.076827
5 0.628615 0.692067 0.0280535 0.0986883
31 0.414976 0.506871 0.0271903 0.0468457
21 0.43893 0.68832 0.0302115 0.0886946
9 0.712559 0.370081 0.0621493 0.0468457
9 0.779672 0.352904 0.04877 0.0712055
35 0.276435 0.166458 0.0246008 0.0843223
10 0.713207 0.368832 0.0608546 0.0468457
17 0.350885 0.495628 0.0241692 0.0555903
7 0.0986189 0.46752 0.0271903 0.0418488
11 0.212344 0.492505 0.032801 0.0381012
25 0.545965 0.189881 0.0569702 0.051218
7 0.104445 0.514991 0.0353906 0.0455965
14 0.3306 0.347283 0.0310747 0.0687071
11 0.242771 0.506558 0.0220112 0.0474703
25 0.170047 0.347908 0.0345274 0.0737039
21 0.356064 0.658963 0.0189901 0.0687071
30 0.572723 0.671768 0.0224428 0.114304
23 0.25615 0.660212 0.0323694 0.0749532
35 0.305352 0.178326 0.0271903 0.0730793
25 0.671774 0.1802 0.0522227 0.0680825
36 0.223133 0.345409 0.0397065 0.0649594
35 0.367069 0.178326 0.0375486 0.076827
25 0.0763919 0.160212 0.0362538 0.0855715
9 0.828442 0.335103 0.0530859 0.0743285
25 0.510142 0.362898 0.0500647 0.0387258
3 0.802762 0.519675 0.0785498 0.0687071
26 0.446051 0.342911 0.0496331 0.0737039
28 0.423824 0.175515 0.0500647 0.0762024
35 0.330384 0.179888 0.0220112 0.0749532
25 0.653 0.181761 0.0440224 0.0687071
26 0.367933 0.361024 0.0410013 0.0637102
33 0.715796 0.689881 0.0289167 0.0955653
29 0.137462 0.337914 0.0228744 0.0699563
1 0.473673 0.5 0.0496331 0.0493442
18 0.144584 0.693629 0.032801 0.0943161
28 0.602287 0.183011 0.0392749 0.0687071
28 0.481657 0.179888 0.0405697 0.0762024
12 0.572723 0.668957 0.023306 0.109931
20 0.399223 0.690818 0.0310747 0.0849469
20 0.439145 0.689569 0.0297799 0.0836977
25 0.817436 0.179575 0.0768235 0.0780762
34 0.162063 0.157089 0.0280535 0.0893192
12 0.479499 0.650843 0.0284851 0.07995
21 0.332974 0.673642 0.0228744 0.0868207
1 0.526759 0.52842 0.04877 0.0549656
25 0.197238 0.156465 0.0353906 0.0955653
29 0.0994821 0.341349 0.0427277 0.0743285
25 0.167026 0.511868 0.0336642 0.0630856
25 0.64631 0.365084 0.0668968 0.0555903
34 0.235218 0.158651 0.0353906 0.0961899
8 0.737376 0.175515 0.0574018 0.07995
18 0.092145 0.706746 0.0418645 0.0930668
18 0.190764 0.700812 0.0397065 0.0849469
12 0.511006 0.658339 0.0319379 0.0787008
21 0.290462 0.692692 0.0293483 0.0874453
34 0.121925 0.156777 0.0410013 0.0924422
