25 0.093169 0.370705 0.0869001 0.105416
25 0.5147 0.159872 0.0817121 0.0972627
34 0.244055 0.141235 0.0203199 0.0506698
25 0.273887 0.132207 0.0350195 0.0547467
21 0.401211 0.77781 0.0181582 0.0867793
22 0.312149 0.804892 0.0458279 0.109493
16 0.624297 0.39371 0.0423692 0.0559115
3 0.868353 0.600175 0.0341548 0.0809552
25 0.55923 0.159872 0.0237786 0.103087
23 0.312365 0.804892 0.0419369 0.103669
20 0.572633 0.809843 0.0376135 0.114735
25 0.19412 0.38643 0.0856031 0.0856144
2 0.776481 0.594059 0.029399 0.0815376
2 0.756377 0.595224 0.0367488 0.0815376
2 0.825335 0.595224 0.0371812 0.0780431
25 0.101167 0.163949 0.026805 0.0867793
25 0.153696 0.588818 0.0920882 0.0815376
25 0.623433 0.391963 0.0423692 0.0559115
17 0.478167 0.597845 0.0406399 0.0646476
2 0.740813 0.597554 0.0237786 0.0757135
19 0.261565 0.813046 0.0466926 0.0966803
25 0.666667 0.592603 0.0449633 0.0564939
19 0.312581 0.804601 0.0458279 0.101922
25 0.528102 0.59901 0.0376135 0.0553291
25 0.373541 0.594642 0.0354518 0.06523
25 0.621055 0.595807 0.0341548 0.0535818
21 0.563338 0.806639 0.0259403 0.109493
25 0.476438 0.158998 0.0328578 0.0966803
25 0.90575 0.393419 0.05361 0.075131
25 0.274751 0.172976 0.0445309 0.0675597
25 0.493083 0.161037 0.0324254 0.094933
20 0.59425 0.814793 0.025508 0.111823
25 0.399914 0.392254 0.0475573 0.0786255
25 0.115434 0.163075 0.0311284 0.0896913
25 0.421747 0.162202 0.0462603 0.0844496
25 0.22741 0.393128 0.0492866 0.0733838
18 0.20601 0.799942 0.0479896 0.104252
3 0.910722 0.596098 0.0990056 0.0797903
25 0.795504 0.397787 0.0440986 0.0559115
25 0.321228 0.166861 0.029399 0.0786255
17 0.417639 0.595515 0.0466926 0.0576587
33 0.881971 0.813046 0.0259403 0.103669
25 0.572633 0.59173 0.0306961 0.0617356
25 0.358625 0.161328 0.0436662 0.0908561
23 0.361868 0.803727 0.0449633 0.0955154
5 0.816688 0.807513 0.024211 0.117065
25 0.767402 0.174432 0.048422 0.0762959
25 0.55815 0.383809 0.0492866 0.0827024
25 0.0683096 0.364298 0.0397752 0.0960978
30 0.743191 0.788876 0.0207523 0.14735
25 0.167964 0.385847 0.0436662 0.0902737
25 0.0635538 0.165987 0.0397752 0.0815376
25 0.329226 0.594059 0.0410722 0.085032
21 0.426935 0.798777 0.025508 0.103087
25 0.232815 0.592312 0.0419369 0.0594059
25 0.499352 0.380314 0.0406399 0.0966803
25 0.676827 0.405941 0.0514483 0.0559115
25 0.113921 0.380023 0.0462603 0.0867793
25 0.543234 0.159581 0.0324254 0.100175
25 0.280372 0.581246 0.0410722 0.0640652
25 0.452227 0.378276 0.0406399 0.0937682
25 0.656507 0.160745 0.0410722 0.102504
25 0.709468 0.585323 0.0276697 0.0465929
25 0.592953 0.167152 0.0402075 0.0990099
21 0.501729 0.803436 0.025508 0.110076
18 0.155426 0.799942 0.0410722 0.110076
25 0.0698227 0.586779 0.0436662 0.0646476
25 0.286425 0.377985 0.0479896 0.092021
12 0.662559 0.796447 0.0306961 0.1159
25 0.846736 0.390798 0.0462603 0.0745486
18 0.0603113 0.803727 0.0428016 0.110658
25 0.709901 0.164822 0.0397752 0.0978451
25 0.738219 0.395748 0.0600951 0.0681421
25 0.345439 0.387012 0.0527454 0.0879441
25 0.206874 0.149971 0.0471249 0.114735
25 0.180718 0.58707 0.0432339 0.0931858
25 0.128837 0.580955 0.0432339 0.0693069
18 0.106788 0.817705 0.048422 0.092021
25 0.831388 0.167734 0.0683096 0.0978451
25 0.154994 0.151136 0.0428016 0.112405
21 0.460225 0.802271 0.0272374 0.101922
25 0.905318 0.160163 0.0674449 0.115317
