28 0.529576 0.20325 0.029809 0.0852238
32 0.221006 0.608216 0.0340009 0.0576334
2 0.5864 0.622318 0.109921 0.030656
8 0.464369 0.399755 0.0456451 0.103004
12 0.495109 0.775598 0.0251514 0.100552
25 0.297625 0.412017 0.0391244 0.0637646
25 0.425245 0.387492 0.027946 0.0674433
36 0.233349 0.386879 0.0242198 0.071122
10 0.824639 0.562232 0.10014 0.0453709
26 0.705636 0.349172 0.0400559 0.0668302
23 0.330694 0.623544 0.0605496 0.0600858
34 0.183279 0.570202 0.0349325 0.066217
25 0.113647 0.206622 0.0465766 0.0429185
16 0.275966 0.584304 0.0340009 0.0380135
21 0.248952 0.776211 0.0163018 0.0846107
19 0.32953 0.621704 0.0619469 0.0637646
28 0.415929 0.133354 0.0614811 0.0447578
28 0.578249 0.240037 0.0628784 0.0349479
28 0.204704 0.201104 0.0526316 0.0895156
34 0.70191 0.360515 0.0381928 0.112814
17 0.472287 0.62477 0.0652073 0.0392397
25 0.415696 0.23084 0.049837 0.0484365
28 0.34653 0.122931 0.0596181 0.0533415
17 0.457615 0.579399 0.0395901 0.0441447
35 0.644155 0.741263 0.0223568 0.071122
18 0.197019 0.798896 0.0866325 0.0809319
14 0.298556 0.413243 0.0363298 0.0649908
23 0.338146 0.78786 0.0409874 0.0613121
9 0.828132 0.561925 0.106195 0.0459841
34 0.697485 0.417842 0.0340009 0.0692827
3 0.876572 0.605457 0.0307406 0.0545678
25 0.33116 0.714592 0.041919 0.0521153
7 0.0985096 0.821582 0.06381 0.0392397
25 0.465068 0.396689 0.0433163 0.104231
28 0.159525 0.202023 0.0293433 0.0827713
31 0.549837 0.578479 0.0284117 0.0374004
5 0.768514 0.795831 0.0214252 0.0735745
34 0.255473 0.230533 0.0405217 0.0453709
6 0.178621 0.575414 0.0330694 0.0692827
9 0.532604 0.414163 0.0666046 0.0656039
9 0.808104 0.387186 0.0409874 0.0889025
11 0.316954 0.551809 0.0451793 0.0453709
8 0.711458 0.231147 0.077783 0.0551809
13 0.379367 0.369712 0.0414532 0.0564071
25 0.797857 0.722869 0.0810433 0.0588596
16 0.222403 0.608522 0.0330694 0.055794
25 0.305077 0.214592 0.0456451 0.0735745
13 0.337215 0.396383 0.0335352 0.0741876
25 0.117373 0.401288 0.0680019 0.0594727
36 0.189334 0.373697 0.0386586 0.055794
35 0.355612 0.214592 0.0377271 0.0723483
21 0.528412 0.206315 0.0228225 0.0827713
36 0.0961807 0.328633 0.0666046 0.0465972
6 0.0712622 0.601778 0.0391244 0.0729614
28 0.585235 0.189454 0.0442478 0.0502759
8 0.790638 0.238197 0.0610154 0.0374004
25 0.201677 0.440834 0.0819748 0.0416922
9 0.877271 0.403127 0.0423847 0.0766401
28 0.711225 0.22992 0.0745226 0.0600858
29 0.0584537 0.401901 0.0367955 0.0680564
30 0.709828 0.73084 0.0167676 0.101778
35 0.497438 0.204169 0.0326036 0.0895156
35 0.608989 0.777437 0.0386586 0.141018
34 0.254308 0.205395 0.0391244 0.0797057
34 0.0540289 0.1916 0.0400559 0.0999387
36 0.0926875 0.720417 0.0465766 0.0649908
25 0.685608 0.814838 0.0959478 0.0502759
18 0.727527 0.595647 0.0549604 0.0668302
21 0.391244 0.759657 0.027946 0.0870631
18 0.218677 0.805947 0.0423847 0.0852238
28 0.464136 0.76916 0.0405217 0.114654
12 0.527247 0.779583 0.0288775 0.101165
21 0.275966 0.792765 0.021891 0.0882894
18 0.121332 0.612814 0.0461109 0.0631514
18 0.755007 0.411711 0.0512343 0.0631514
21 0.6551 0.401288 0.0284117 0.0876763
24 0.892641 0.794298 0.065673 0.101165
25 0.636004 0.206009 0.0470424 0.100552
18 0.171868 0.792459 0.041919 0.0852238
8 0.853982 0.205395 0.0535631 0.0931944
