6 0.157346 0.505621 0.0442298 0.0530918
35 0.540163 0.142723 0.0238943 0.0680825
14 0.468734 0.320737 0.0294865 0.0605871
28 0.481698 0.0915053 0.0554143 0.0231106
28 0.722674 0.145534 0.0879512 0.062461
22 0.366802 0.676765 0.0452466 0.0868207
6 0.224708 0.461587 0.0355872 0.0424735
10 0.723945 0.330731 0.0427046 0.0430981
11 0.159126 0.505309 0.0427046 0.0549656
34 0.311642 0.454716 0.0386375 0.0337289
19 0.366548 0.675828 0.0467717 0.0886946
1 0.603457 0.504685 0.0416878 0.0437227
19 0.314947 0.702686 0.0462633 0.0749532
2 0.742755 0.503123 0.0508388 0.0580887
20 0.503813 0.681761 0.0254194 0.0993129
2 0.740976 0.500937 0.0218607 0.0574641
35 0.464159 0.14366 0.0305033 0.0612117
21 0.488053 0.670518 0.0335536 0.0868207
16 0.439756 0.502811 0.0325369 0.0449719
2 0.720386 0.502498 0.018302 0.0568395
4 0.519319 0.513741 0.0381291 0.0430981
11 0.260295 0.479388 0.0355872 0.0393504
25 0.688866 0.51218 0.0284698 0.0324797
6 0.311642 0.457527 0.0406711 0.0356027
26 0.61032 0.330418 0.0391459 0.0574641
25 0.364514 0.493129 0.036604 0.0818239
3 0.875445 0.507183 0.0671073 0.0524672
25 0.674123 0.312929 0.0579563 0.0249844
33 0.80427 0.460025 0.0172852 0.0668332
31 0.562786 0.50812 0.027453 0.0518426
26 0.469751 0.321362 0.027453 0.0618364
13 0.380275 0.318239 0.0437214 0.0705809
17 0.473564 0.505934 0.0421962 0.0524672
13 0.335282 0.314179 0.0391459 0.0649594
8 0.861973 0.146783 0.0279614 0.0599625
34 0.265633 0.138976 0.0228775 0.0730793
9 0.822064 0.311368 0.0406711 0.0718301
12 0.61515 0.140849 0.027453 0.0793254
11 0.307829 0.510306 0.0442298 0.0437227
34 0.206406 0.137726 0.0203355 0.0780762
23 0.419929 0.673642 0.0488053 0.0855715
21 0.438993 0.314491 0.0198271 0.0818239
18 0.176411 0.653966 0.0325369 0.0824485
20 0.538129 0.724859 0.0279614 0.0730793
9 0.72547 0.33198 0.0406711 0.0418488
28 0.233604 0.514054 0.0767666 0.039975
35 0.516523 0.147096 0.0305033 0.0618364
36 0.285714 0.314491 0.0447382 0.0755778
35 0.434418 0.144909 0.0320285 0.0637102
23 0.364514 0.677077 0.045755 0.0886946
35 0.395526 0.149282 0.0396543 0.0574641
30 0.708693 0.662399 0.0203355 0.114304
29 0.178953 0.304809 0.0477885 0.0849469
1 0.647433 0.510306 0.0391459 0.0437227
9 0.879004 0.316989 0.0528724 0.0693317
25 0.23513 0.319488 0.0452466 0.0668332
20 0.550076 0.644285 0.0233859 0.0643348
35 0.477631 0.142723 0.0360956 0.0630856
18 0.098119 0.499375 0.0538892 0.0643348
25 0.611591 0.328857 0.0406711 0.0568395
3 0.8818 0.702998 0.0635486 0.100562
35 0.348246 0.142411 0.0416878 0.0749532
25 0.893747 0.136165 0.0477885 0.0849469
26 0.508643 0.319488 0.0442298 0.0693317
26 0.562278 0.319176 0.0376207 0.0687071
33 0.813167 0.660837 0.0208439 0.07995
21 0.503559 0.676452 0.0238943 0.0899438
20 0.629385 0.717052 0.0650737 0.0499688
21 0.475597 0.666771 0.0238943 0.0905684
28 0.755974 0.148032 0.0406711 0.0637102
25 0.236401 0.133354 0.0406711 0.08807
25 0.773259 0.331355 0.0518556 0.0430981
20 0.579563 0.661149 0.0264362 0.0818239
28 0.659126 0.148032 0.0381291 0.0637102
28 0.755211 0.687071 0.0503305 0.113679
28 0.575242 0.141162 0.0391459 0.0762024
28 0.703355 0.14772 0.0411795 0.0718301
18 0.26487 0.68426 0.0416878 0.0718301
34 0.276055 0.611493 0.0945602 0.0362274
18 0.219624 0.679575 0.045755 0.0861961
34 0.171327 0.131168 0.0406711 0.0886946
34 0.301729 0.140537 0.0381291 0.0749532
18 0.12608 0.67614 0.0508388 0.0955653
34 0.124301 0.130231 0.0411795 0.0905684
8 0.815709 0.135228 0.0594814 0.0868207
12 0.655821 0.644597 0.0233859 0.0787008
34 0.121505 0.297314 0.045755 0.103685
