25 0.481788 0.188632 0.0364238 0.0574641
26 0.448439 0.424422 0.0312204 0.0755778
11 0.179991 0.623673 0.0430464 0.076827
16 0.517029 0.625547 0.037843 0.0593379
9 0.60596 0.423173 0.0406812 0.0818239
2 0.730605 0.626171 0.0231788 0.076827
20 0.560076 0.824797 0.0624409 0.0993129
28 0.581126 0.232979 0.0364238 0.0587133
29 0.0737938 0.402561 0.0908231 0.0930668
7 0.0979186 0.612742 0.0842006 0.062461
21 0.414853 0.804185 0.0227058 0.101811
28 0.692526 0.203935 0.0406812 0.0568395
19 0.161779 0.832917 0.0435194 0.105559
1 0.659886 0.622111 0.0463576 0.0537164
9 0.914853 0.425984 0.0605487 0.0811993
17 0.403027 0.592442 0.0321665 0.0443473
22 0.352886 0.825734 0.0463576 0.108682
18 0.193945 0.752342 0.0444655 0.0605871
34 0.134342 0.191755 0.0870388 0.0986883
25 0.392857 0.201124 0.025071 0.0861961
18 0.118732 0.797314 0.0302744 0.0705809
25 0.703169 0.614304 0.0269631 0.0343535
20 0.603595 0.80481 0.0151372 0.0843223
4 0.51632 0.626171 0.0402081 0.0555903
25 0.121097 0.619613 0.0406812 0.0674578
28 0.705298 0.225172 0.0501419 0.0618364
9 0.792573 0.430668 0.0487228 0.0643348
11 0.273888 0.581199 0.0416272 0.0331043
28 0.76632 0.229544 0.0491958 0.0593379
25 0.662488 0.62336 0.0439924 0.051218
25 0.579943 0.232042 0.0368969 0.0555903
19 0.25544 0.824797 0.0454115 0.10431
25 0.487228 0.21674 0.0435194 0.0737039
25 0.230369 0.62461 0.0406812 0.0587133
4 0.37228 0.620862 0.0302744 0.0574641
31 0.564806 0.621487 0.0321665 0.0562149
16 0.37299 0.621487 0.0326395 0.0524672
21 0.405393 0.806371 0.0227058 0.0974391
25 0.336566 0.620237 0.0326395 0.0899438
35 0.39948 0.202374 0.025071 0.0811993
9 0.849574 0.419738 0.0567644 0.07995
17 0.413434 0.635228 0.0435194 0.0437227
18 0.161306 0.831355 0.0454115 0.107433
21 0.421712 0.815116 0.0193945 0.108682
25 0.915326 0.427858 0.0577105 0.0824485
25 0.441107 0.201749 0.0354778 0.0861961
25 0.0607852 0.401936 0.0439924 0.0868207
8 0.887417 0.189257 0.0350047 0.104934
30 0.732734 0.805434 0.0217597 0.13679
25 0.287843 0.415678 0.0487228 0.0805746
25 0.0624409 0.1802 0.0368969 0.129294
35 0.441343 0.202061 0.0350047 0.0843223
7 0.076632 0.611805 0.0368969 0.065584
18 0.11755 0.747345 0.0411542 0.0568395
28 0.613529 0.201124 0.0368969 0.0899438
35 0.305582 0.194254 0.0454115 0.0986883
28 0.653974 0.207058 0.0335856 0.0905684
23 0.353122 0.822611 0.0458846 0.107433
5 0.806764 0.832605 0.025071 0.106184
25 0.167219 0.420987 0.0525071 0.0874453
25 0.557237 0.426296 0.0416272 0.0805746
11 0.280511 0.623985 0.0435194 0.0524672
25 0.355014 0.19925 0.0439924 0.0861961
13 0.346026 0.417552 0.0525071 0.0968145
25 0.399007 0.432854 0.0439924 0.0587133
2 0.785478 0.62336 0.101703 0.0861961
1 0.60596 0.624297 0.0416272 0.0680825
21 0.476348 0.814803 0.0236518 0.106808
34 0.10667 0.201124 0.0430464 0.0849469
6 0.179044 0.628982 0.0402081 0.0787008
28 0.535951 0.207995 0.0340587 0.0974391
26 0.490776 0.434104 0.0496689 0.07995
24 0.728713 0.434104 0.0648061 0.0612117
12 0.658231 0.815428 0.0298013 0.106808
3 0.899953 0.628045 0.11211 0.0968145
29 0.113765 0.406933 0.0458846 0.0955653
20 0.54281 0.82386 0.0298013 0.103685
25 0.662725 0.442536 0.0539262 0.0593379
36 0.230605 0.416927 0.0477767 0.0843223
21 0.451041 0.81574 0.0203406 0.104934
33 0.873226 0.83604 0.0264901 0.108057
21 0.504494 0.790443 0.0279092 0.0830731
8 0.937796 0.206121 0.051561 0.102436
34 0.208136 0.189881 0.0416272 0.106184
20 0.578524 0.824485 0.0312204 0.0961899
25 0.25473 0.193629 0.0449385 0.102436
25 0.156102 0.182386 0.0463576 0.12742
25 0.830653 0.21143 0.0690634 0.0930668
18 0.064333 0.827608 0.0491958 0.0936914
