18 0.279356 0.71143 0.042298 0.0649594
35 0.50221 0.261087 0.0233586 0.0811993
16 0.478535 0.553716 0.0353535 0.0780762
8 0.887942 0.258588 0.148359 0.0774516
10 0.816604 0.413804 0.0625 0.0668332
11 0.332386 0.564335 0.0397727 0.076827
1 0.666035 0.573079 0.0277778 0.0443473
8 0.744634 0.417864 0.0662879 0.0699563
34 0.300821 0.264522 0.100379 0.0805746
19 0.280934 0.711743 0.0429293 0.0693317
26 0.376263 0.415678 0.0441919 0.0730793
32 0.33428 0.562773 0.0435606 0.0762024
36 0.60101 0.417864 0.050505 0.0674578
27 0.600379 0.415365 0.0517677 0.0712055
28 0.696023 0.266396 0.0991162 0.0705809
19 0.331124 0.708932 0.0574495 0.0649594
22 0.332071 0.708932 0.0530303 0.0674578
4 0.477904 0.552779 0.0378788 0.0749532
35 0.433396 0.276077 0.0309343 0.0537164
16 0.381313 0.566209 0.0353535 0.0668332
9 0.815025 0.415365 0.0643939 0.0737039
31 0.520833 0.562149 0.0328283 0.0787008
6 0.184975 0.562773 0.0441919 0.0774516
14 0.431187 0.415678 0.0479798 0.0755778
17 0.431818 0.569332 0.0441919 0.0718301
23 0.331124 0.709244 0.0587121 0.065584
36 0.20423 0.412242 0.0511364 0.0787008
13 0.320391 0.417552 0.0486111 0.0743285
23 0.389836 0.700187 0.0473485 0.0637102
35 0.391414 0.266396 0.050505 0.076827
13 0.376263 0.414741 0.0467172 0.0762024
30 0.684028 0.703623 0.022096 0.0930668
5 0.775253 0.714241 0.0227273 0.0718301
9 0.882891 0.405996 0.0637626 0.0874453
11 0.23548 0.571518 0.0416667 0.062461
1 0.569444 0.570581 0.0441919 0.0680825
11 0.282197 0.576515 0.0429293 0.0612117
1 0.623106 0.558089 0.0454545 0.0793254
26 0.491793 0.421299 0.0580808 0.0668332
24 0.671402 0.422861 0.0637626 0.0587133
33 0.840593 0.717364 0.0271465 0.0668332
26 0.547664 0.419425 0.0473485 0.0643348
7 0.0729167 0.568395 0.0486111 0.0749532
7 0.130997 0.566209 0.0448232 0.0730793
28 0.598485 0.261711 0.0479798 0.0824485
29 0.147096 0.417552 0.0492424 0.0705809
35 0.473485 0.263585 0.0441919 0.0811993
24 0.745896 0.41599 0.0662879 0.0649594
36 0.260417 0.414116 0.0473485 0.0824485
3 0.736111 0.569644 0.0972222 0.0724547
29 0.0864899 0.415678 0.0555556 0.076827
2 0.86774 0.569019 0.13447 0.0749532
28 0.723485 0.26827 0.050505 0.0693317
35 0.330808 0.262648 0.0467172 0.0843223
20 0.527462 0.713304 0.0296717 0.0662086
34 0.27399 0.263273 0.0454545 0.0830731
20 0.560922 0.710493 0.0284091 0.0705809
28 0.668561 0.262961 0.0492424 0.0787008
18 0.139836 0.709244 0.0435606 0.0693317
8 0.848485 0.26421 0.0681818 0.0724547
12 0.626894 0.710493 0.0328283 0.076827
28 0.547033 0.260462 0.0435606 0.0874453
18 0.0915404 0.706433 0.0467172 0.0737039
28 0.78125 0.263898 0.0473485 0.0755778
8 0.925189 0.253904 0.0662879 0.0855715
34 0.166351 0.253592 0.0448232 0.0936914
34 0.123422 0.253904 0.0334596 0.0868207
18 0.232323 0.710806 0.0416667 0.0674578
21 0.438763 0.706746 0.0340909 0.0705809
18 0.1875 0.710493 0.0429293 0.0668332
21 0.478535 0.709244 0.0353535 0.0718301
34 0.222222 0.258588 0.0530303 0.091193
34 0.0767045 0.255465 0.0536616 0.0886946
