25 0.310107 0.816471 0.0422974 0.1314
17 0.484862 0.591919 0.0445236 0.0499692
10 0.566563 0.394201 0.0627783 0.0666255
4 0.233081 0.595003 0.0316118 0.0610734
9 0.860418 0.550894 0.0877115 0.0493523
9 0.872662 0.362431 0.0222618 0.0919186
25 0.403829 0.809377 0.0213713 0.140654
25 0.439003 0.363664 0.0427427 0.0660086
33 0.869101 0.767119 0.0213713 0.0758791
34 0.728183 0.385873 0.0369546 0.0882171
28 0.726625 0.330352 0.0338379 0.0647748
28 0.369101 0.110426 0.0614426 0.0407156
28 0.742876 0.150216 0.0601069 0.0363973
13 0.342164 0.375386 0.0307213 0.0697101
28 0.820125 0.195867 0.064114 0.0388649
31 0.533838 0.545034 0.0267142 0.0450339
28 0.494212 0.0962369 0.0436331 0.0394818
6 0.139804 0.528994 0.0356189 0.0487354
34 0.148041 0.161012 0.0235975 0.0727946
17 0.477961 0.572486 0.0333927 0.0493523
34 0.533393 0.545034 0.0267142 0.0450339
14 0.29764 0.385873 0.0369546 0.0647748
36 0.189671 0.354411 0.032057 0.051203
35 0.521817 0.1533 0.0284951 0.0610734
28 0.423197 0.789328 0.0271594 0.126465
31 0.416741 0.55583 0.0222618 0.0407156
28 0.381567 0.0993214 0.0730187 0.0407156
9 0.56634 0.392659 0.064114 0.0672424
34 0.354853 0.182603 0.0329475 0.0579889
16 0.276937 0.569093 0.0400712 0.0462677
9 0.837934 0.367057 0.0454141 0.0900679
27 0.567008 0.392042 0.0690116 0.0660086
18 0.0930543 0.767119 0.0445236 0.0919186
35 0.355744 0.180136 0.032057 0.0629241
3 0.908281 0.603331 0.032057 0.0542875
9 0.909172 0.393584 0.0436331 0.0579889
16 0.232858 0.592535 0.0338379 0.0672424
25 0.835485 0.715608 0.0761354 0.0604565
28 0.739092 0.202036 0.0730187 0.0351635
25 0.106634 0.198643 0.0601069 0.032079
28 0.151158 0.162862 0.0262689 0.082665
20 0.613758 0.743368 0.0235975 0.104874
25 0.205476 0.411783 0.088602 0.0363973
5 0.802315 0.788711 0.0213713 0.0857495
25 0.590828 0.690931 0.0498664 0.0530537
21 0.422752 0.795497 0.0235975 0.125231
28 0.610641 0.164713 0.0422974 0.0727946
28 0.45325 0.790253 0.0240427 0.136953
25 0.103072 0.38248 0.0520926 0.0542875
29 0.0540962 0.380629 0.0307213 0.0616903
7 0.102627 0.84855 0.0707925 0.051203
11 0.321906 0.538556 0.0507569 0.0505861
25 0.310997 0.183837 0.0458593 0.0555213
21 0.55187 0.16934 0.024488 0.0820481
6 0.182102 0.568785 0.0382903 0.0666255
25 0.502004 0.372918 0.0422974 0.106724
36 0.0928317 0.308143 0.0601069 0.0413325
23 0.362199 0.798273 0.0476402 0.10364
12 0.573019 0.773597 0.030276 0.0925355
13 0.197907 0.160395 0.0467498 0.10364
35 0.247329 0.168723 0.0405165 0.0845157
34 0.111754 0.148365 0.0400712 0.0462677
28 0.514025 0.755089 0.0414069 0.120913
30 0.742876 0.726712 0.0173642 0.111043
8 0.880009 0.1533 0.0574354 0.103023
35 0.648041 0.767736 0.0360641 0.141271
25 0.720392 0.812461 0.101514 0.0493523
18 0.780721 0.390191 0.054764 0.0721777
18 0.182547 0.83066 0.0480855 0.0734115
7 0.0819234 0.562924 0.0365093 0.0660086
21 0.683882 0.378162 0.0267142 0.102406
36 0.184105 0.742751 0.0485307 0.0876002
18 0.12333 0.604565 0.0480855 0.0666255
18 0.734194 0.582665 0.047195 0.0857495
34 0.0532057 0.163788 0.0378451 0.0832819
18 0.237756 0.841764 0.048976 0.0808143
25 0.660508 0.164405 0.0503117 0.111659
24 0.923865 0.797656 0.0703473 0.0937693
