25 0.489762 0.537164 0.0395238 0.0574641
13 0.329286 0.274516 0.0766667 0.0643348
28 0.485952 0.164585 0.0461905 0.0405996
34 0.165714 0.175828 0.0866667 0.0268582
28 0.587143 0.163648 0.047619 0.0499688
2 0.673571 0.512805 0.0280952 0.0936914
21 0.468571 0.705809 0.0352381 0.0986883
10 0.835476 0.357277 0.0690476 0.0487196
4 0.425714 0.533729 0.047619 0.065584
22 0.286429 0.709557 0.0490476 0.114928
17 0.425 0.533104 0.0471429 0.065584
29 0.126667 0.358526 0.0628571 0.0387258
23 0.285476 0.712367 0.05 0.1193
8 0.808333 0.17208 0.0642857 0.0443473
14 0.351429 0.281074 0.0333333 0.0662086
9 0.834048 0.360087 0.0661905 0.0455965
25 0.583571 0.172705 0.0471429 0.036852
1 0.533333 0.492192 0.0466667 0.0549656
28 0.588333 0.118364 0.0404762 0.0430981
9 0.713095 0.351968 0.062381 0.0630856
10 0.713095 0.351031 0.0585714 0.062461
17 0.362143 0.527795 0.0471429 0.0599625
19 0.28619 0.707683 0.0485714 0.11243
27 0.520476 0.361024 0.0495238 0.0537164
5 0.640476 0.692692 0.0247619 0.103685
28 0.645714 0.156465 0.0419048 0.0630856
35 0.361905 0.126171 0.0257143 0.0699563
34 0.240476 0.110868 0.0342857 0.0630856
35 0.332857 0.154903 0.0361905 0.0687071
14 0.387381 0.284197 0.0309524 0.0724547
9 0.711905 0.277639 0.0447619 0.0630856
35 0.407143 0.13273 0.032381 0.0555903
28 0.537143 0.142411 0.0428571 0.0861961
13 0.312619 0.278264 0.0347619 0.0705809
24 0.640238 0.32792 0.0680952 0.0537164
13 0.352143 0.278576 0.0338095 0.0699563
25 0.168571 0.342598 0.0409524 0.0405996
33 0.717857 0.705497 0.0309524 0.105559
3 0.798571 0.513429 0.0866667 0.113679
25 0.326905 0.337289 0.0652381 0.0299813
25 0.724524 0.177077 0.11381 0.036852
6 0.209762 0.49594 0.0357143 0.0612117
7 0.157381 0.461587 0.0490476 0.0549656
25 0.574524 0.344784 0.0461905 0.0362274
28 0.452619 0.119613 0.0452381 0.0518426
25 0.445476 0.342598 0.0671429 0.0381012
34 0.263095 0.173641 0.0804762 0.0374766
26 0.470952 0.276702 0.0390476 0.0649594
29 0.176429 0.277951 0.0395238 0.0724547
11 0.277857 0.503123 0.0461905 0.054341
25 0.769048 0.30075 0.0447619 0.076827
20 0.46881 0.706433 0.0338095 0.103685
34 0.198571 0.122423 0.0333333 0.0824485
34 0.163095 0.123985 0.0309524 0.0755778
34 0.12381 0.122736 0.0380952 0.0830731
7 0.11 0.529669 0.0447619 0.062461
25 0.611667 0.537789 0.0404762 0.0549656
18 0.209762 0.677701 0.0519048 0.108682
34 0.279524 0.117427 0.0361905 0.0674578
12 0.529524 0.690506 0.0333333 0.106808
21 0.359286 0.680512 0.0328571 0.100562
18 0.143333 0.709869 0.052381 0.109307
