36 0.229684 0.36852 0.0925508 0.0537164
17 0.442438 0.593067 0.0406321 0.0381012
4 0.425508 0.549344 0.0327314 0.0381012
9 0.757054 0.393504 0.0479684 0.0312305
27 0.588318 0.448782 0.0773138 0.0418488
8 0.822517 0.258901 0.0569977 0.0443473
4 0.494074 0.602748 0.0445824 0.0524672
21 0.462472 0.726421 0.0581264 0.0749532
33 0.674661 0.744535 0.0197517 0.091193
33 0.730813 0.742349 0.0282167 0.0668332
25 0.202596 0.391318 0.0530474 0.076827
9 0.821953 0.391318 0.0411964 0.0430981
13 0.482223 0.390381 0.0366817 0.0562149
2 0.747743 0.565584 0.0451467 0.0580887
19 0.284707 0.745159 0.0569977 0.0811993
25 0.362867 0.587445 0.020316 0.0593379
25 0.349323 0.410681 0.023702 0.0605871
31 0.541479 0.546846 0.0265237 0.0443473
26 0.481095 0.391006 0.035553 0.0562149
25 0.636569 0.582448 0.0406321 0.036852
28 0.562641 0.238913 0.0519187 0.0318551
25 0.659424 0.432854 0.0502257 0.0312305
28 0.548533 0.276077 0.0902935 0.0312305
18 0.283578 0.740162 0.0569977 0.0774516
4 0.507618 0.555903 0.0310384 0.028732
20 0.530474 0.710181 0.023702 0.0724547
1 0.637415 0.582448 0.0434537 0.0381012
25 0.904063 0.445034 0.0880361 0.0580887
25 0.498871 0.454091 0.0609481 0.0437227
23 0.397856 0.740787 0.0440181 0.0774516
34 0.14193 0.201124 0.032167 0.0412242
36 0.601862 0.391006 0.0434537 0.0499688
3 0.883465 0.574641 0.0558691 0.07995
35 0.416196 0.237352 0.025395 0.0737039
25 0.327314 0.554653 0.0417607 0.0299813
36 0.590576 0.449407 0.0637698 0.0405996
17 0.47009 0.543098 0.037246 0.0493442
11 0.328442 0.518738 0.0349887 0.0343535
5 0.72912 0.74391 0.0259594 0.0687071
25 0.661964 0.450968 0.0530474 0.0299813
25 0.393623 0.59213 0.0479684 0.0474703
25 0.142494 0.254528 0.0513544 0.0518426
26 0.500564 0.454091 0.0575621 0.0437227
30 0.674097 0.743285 0.018623 0.0949407
28 0.683409 0.232979 0.037246 0.051218
25 0.283578 0.553404 0.0366817 0.0324797
25 0.539503 0.393816 0.0417607 0.0680825
13 0.382336 0.410369 0.0411964 0.0724547
25 0.678894 0.590568 0.0327314 0.0381012
36 0.306998 0.365084 0.0417607 0.0480949
9 0.868228 0.368832 0.0434537 0.065584
35 0.381772 0.233292 0.032167 0.101811
25 0.299661 0.421611 0.0462754 0.051218
25 0.332393 0.242349 0.0349887 0.0774516
9 0.794018 0.441287 0.0530474 0.0555903
1 0.588883 0.581199 0.0434537 0.0530918
29 0.2057 0.369769 0.0445824 0.0524672
25 0.194977 0.422548 0.0648984 0.0381012
28 0.731659 0.217364 0.0434537 0.0649594
25 0.291479 0.243598 0.0445824 0.0836977
25 0.141648 0.592755 0.0767494 0.0349781
18 0.209368 0.682386 0.0428894 0.0480949
25 0.204007 0.240475 0.0434537 0.0899438
33 0.791196 0.714553 0.0259594 0.0712055
35 0.455135 0.239225 0.0445824 0.0874453
29 0.126693 0.443785 0.0592551 0.0468457
36 0.257054 0.366334 0.0445824 0.0605871
8 0.869357 0.217364 0.0558691 0.103685
21 0.43877 0.738289 0.0231377 0.07995
8 0.794582 0.197689 0.0541761 0.0818239
7 0.14447 0.525297 0.0361174 0.0574641
25 0.434255 0.406309 0.0423251 0.0630856
28 0.558126 0.198314 0.0406321 0.0443473
28 0.511005 0.200812 0.0445824 0.0618364
34 0.247743 0.245472 0.0349887 0.0774516
25 0.730531 0.445971 0.0682844 0.062461
7 0.186512 0.540912 0.0389391 0.0549656
28 0.650113 0.178638 0.0722348 0.0449719
25 0.627257 0.250468 0.0558691 0.0811993
6 0.232788 0.533417 0.0378104 0.0649594
29 0.153217 0.371018 0.0411964 0.0587133
21 0.47658 0.717989 0.0310384 0.0705809
12 0.617946 0.709869 0.0293454 0.076827
25 0.22263 0.598376 0.0457111 0.0487196
18 0.115124 0.733916 0.0462754 0.0924422
18 0.170429 0.769207 0.0530474 0.0843223
