24 0.659896 0.346034 0.0717997 0.0412242
14 0.41521 0.325734 0.0680208 0.0743285
10 0.764053 0.344784 0.0533774 0.0387258
11 0.302078 0.517177 0.0987246 0.0562149
6 0.139821 0.510306 0.0292867 0.0662086
28 0.581247 0.149906 0.037317 0.062461
36 0.2735 0.325422 0.0973075 0.0774516
6 0.252008 0.667395 0.0439301 0.0580887
7 0.105574 0.497814 0.0297591 0.0599625
32 0.335616 0.524672 0.0392064 0.0637102
9 0.763581 0.348844 0.047709 0.036852
4 0.505196 0.53654 0.0307038 0.0374766
11 0.251771 0.663023 0.0434577 0.0530918
26 0.352149 0.321049 0.0495985 0.0849469
28 0.708786 0.146783 0.0222012 0.0537164
17 0.478507 0.499063 0.0358999 0.0312305
35 0.436231 0.149594 0.0222012 0.0530918
17 0.476618 0.544035 0.0349551 0.0362274
4 0.475673 0.544347 0.0349551 0.0343535
4 0.540151 0.536227 0.0354275 0.0393504
17 0.438592 0.542161 0.0363722 0.0412242
14 0.428673 0.329169 0.0307038 0.0674578
21 0.454417 0.719238 0.0330657 0.0980637
3 0.860652 0.530918 0.0680208 0.0549656
9 0.816249 0.337289 0.0415683 0.0587133
28 0.641946 0.159275 0.0349551 0.0437227
14 0.39726 0.324172 0.0302315 0.0787008
35 0.312234 0.143348 0.0406235 0.0593379
33 0.716344 0.714241 0.0250354 0.106808
28 0.683278 0.150219 0.0410959 0.0568395
30 0.611951 0.678638 0.0250354 0.139288
2 0.756023 0.534354 0.0940009 0.0630856
7 0.135097 0.509369 0.0302315 0.0680825
1 0.627067 0.543098 0.0448748 0.0480949
35 0.359943 0.143973 0.0387341 0.0630856
28 0.60085 0.146783 0.0330657 0.0662086
5 0.860888 0.710493 0.0250354 0.105559
9 0.867265 0.329482 0.0519603 0.0718301
6 0.181625 0.515615 0.0420406 0.0705809
1 0.676665 0.542473 0.0439301 0.0430981
33 0.68871 0.704247 0.0217289 0.0968145
5 0.888758 0.71143 0.0240907 0.0986883
20 0.453944 0.717676 0.0311762 0.102436
20 0.418044 0.718926 0.0302315 0.0974391
35 0.466934 0.147408 0.0382617 0.0637102
29 0.147142 0.327608 0.0458196 0.0743285
23 0.530231 0.725172 0.0552669 0.0836977
28 0.529759 0.148345 0.0448748 0.0555903
11 0.230043 0.514366 0.0368446 0.054341
35 0.403637 0.148657 0.0325933 0.0549656
28 0.74752 0.150219 0.0439301 0.0630856
26 0.53401 0.331668 0.0486538 0.0637102
26 0.475909 0.330731 0.0448748 0.065584
23 0.360888 0.690818 0.042513 0.091193
23 0.315541 0.715178 0.0481814 0.0999375
30 0.627775 0.676452 0.0151157 0.133666
11 0.27539 0.514054 0.0406235 0.0549656
13 0.300661 0.321674 0.0458196 0.0836977
24 0.697449 0.339788 0.0609353 0.0449719
13 0.352149 0.319176 0.0467643 0.0886946
36 0.246339 0.324485 0.0429854 0.0805746
34 0.266651 0.139913 0.0382617 0.0674578
18 0.223902 0.727983 0.042513 0.0618364
34 0.137695 0.134916 0.0278696 0.0762024
8 0.810345 0.142723 0.06188 0.0718301
34 0.220359 0.136477 0.0420406 0.0730793
29 0.0899858 0.322611 0.0486538 0.0818239
18 0.174067 0.720175 0.0467643 0.0861961
18 0.0767596 0.721736 0.0448748 0.08807
12 0.789088 0.704247 0.0325933 0.109307
36 0.196741 0.320112 0.0448748 0.0893192
18 0.124941 0.731106 0.0429854 0.0680825
34 0.177137 0.13273 0.0377893 0.0855715
8 0.880727 0.1396 0.06188 0.08807
34 0.0944733 0.128045 0.0444025 0.0936914
