36 0.272378 0.400059 0.0465642 0.0922986
23 0.301989 0.810994 0.039783 0.0993533
17 0.450949 0.59318 0.0203436 0.0646678
11 0.652351 0.608466 0.0470163 0.0681952
20 0.534584 0.603175 0.0293852 0.101117
2 0.735081 0.600235 0.0334539 0.0811287
4 0.412975 0.598765 0.0357143 0.0523222
13 0.442134 0.396531 0.0334539 0.0781893
16 0.365732 0.59612 0.0433996 0.0646678
10 0.773734 0.398883 0.0528933 0.0382128
11 0.263562 0.559083 0.0325497 0.0376249
9 0.772152 0.401235 0.0497288 0.0358613
22 0.348101 0.80923 0.045208 0.0970018
9 0.604656 0.393004 0.0492767 0.0758377
21 0.535714 0.603763 0.0298373 0.101117
19 0.300633 0.810994 0.0415913 0.0993533
14 0.271022 0.397707 0.0465642 0.0887713
11 0.36528 0.599353 0.0424955 0.0734862
32 0.366184 0.597884 0.0443038 0.0658436
19 0.349005 0.806878 0.045208 0.095826
27 0.604204 0.394768 0.0483725 0.074662
23 0.390597 0.768959 0.0379747 0.0776014
24 0.718354 0.398589 0.0524412 0.0411523
8 0.7283 0.172252 0.0759494 0.0952381
16 0.413201 0.600823 0.0334539 0.0540858
17 0.481691 0.597002 0.0393309 0.0734862
24 0.72717 0.173427 0.0764014 0.0940623
24 0.66094 0.408289 0.0506329 0.0582011
26 0.403933 0.196649 0.0519891 0.06408
7 0.105335 0.603469 0.0497288 0.0875955
2 0.779159 0.59759 0.0944846 0.0781893
9 0.836347 0.391828 0.0578662 0.0840682
29 0.156646 0.385949 0.0483725 0.0887713
6 0.218807 0.593474 0.0424955 0.0911229
13 0.328436 0.386831 0.0537975 0.0952381
11 0.267179 0.606408 0.0415913 0.0570253
13 0.391049 0.397119 0.0578662 0.0899471
9 0.900995 0.393004 0.0551537 0.0981775
11 0.310579 0.57525 0.0361664 0.0617284
33 0.869123 0.810112 0.0248644 0.0975897
1 0.600588 0.614638 0.0447559 0.06408
26 0.547694 0.396237 0.0501808 0.0881834
30 0.733273 0.787184 0.0235081 0.139918
26 0.492089 0.399177 0.0519891 0.0846561
28 0.646474 0.169606 0.045208 0.0946502
5 0.80877 0.808936 0.0216998 0.109347
7 0.167495 0.582011 0.0411392 0.0811287
8 0.81849 0.169606 0.0655515 0.0981775
35 0.484177 0.166667 0.045208 0.105232
34 0.139241 0.178131 0.0506329 0.0952381
36 0.213608 0.388595 0.0474684 0.090535
3 0.88472 0.606408 0.105787 0.0875955
20 0.591094 0.808642 0.0266727 0.104056
20 0.560805 0.786596 0.0248644 0.0928865
34 0.191908 0.177249 0.0411392 0.0970018
35 0.345163 0.187831 0.04566 0.0840682
29 0.101266 0.378601 0.0479204 0.0964139
21 0.501356 0.794533 0.0325497 0.100529
8 0.88698 0.168724 0.0660036 0.103469
12 0.655289 0.796002 0.0293852 0.106996
28 0.594711 0.173427 0.04566 0.090535
28 0.544078 0.166667 0.0492767 0.104056
34 0.243671 0.171664 0.0443038 0.111699
21 0.467676 0.781893 0.0275769 0.0987654
18 0.150542 0.809818 0.045208 0.106408
18 0.199593 0.806584 0.04566 0.10582
21 0.260172 0.826279 0.0311935 0.112287
34 0.294304 0.176367 0.045208 0.101117
18 0.0969711 0.812757 0.0492767 0.105232
34 0.0899638 0.178424 0.039783 0.0911229
