16 0.485087 0.57259 0.0385033 0.0921687
21 0.457701 0.765361 0.0704989 0.0885542
3 0.729664 0.583434 0.0417571 0.0656627
31 0.530098 0.571084 0.0374187 0.0927711
9 0.615781 0.396988 0.0547722 0.0771084
19 0.339751 0.753614 0.0374187 0.0903614
20 0.54718 0.76988 0.0650759 0.086747
16 0.676518 0.569578 0.0287419 0.0620482
35 0.293926 0.225904 0.0997831 0.0771084
24 0.677332 0.394277 0.0531453 0.076506
27 0.615781 0.398193 0.0569414 0.0771084
32 0.337039 0.568976 0.0406725 0.0921687
36 0.138829 0.396084 0.0509761 0.0885542
35 0.369848 0.224699 0.027115 0.0710843
4 0.38449 0.583434 0.0336226 0.0777108
17 0.431399 0.578012 0.0460954 0.0921687
14 0.434111 0.399096 0.0439262 0.0777108
4 0.485358 0.572892 0.0357918 0.0843373
3 0.755423 0.585843 0.0976139 0.0692771
9 0.813991 0.387952 0.0531453 0.0951807
26 0.554501 0.400602 0.0536876 0.0710843
5 0.788503 0.765964 0.0238612 0.0993976
16 0.381779 0.584036 0.032538 0.0728916
6 0.17218 0.576205 0.0493492 0.0933735
36 0.194143 0.397892 0.0498915 0.0885542
35 0.438449 0.234337 0.0319957 0.0638554
23 0.388557 0.765964 0.0504338 0.089759
13 0.313178 0.398494 0.0515184 0.0777108
35 0.39615 0.230422 0.0406725 0.0680723
9 0.878525 0.394578 0.0585683 0.0795181
13 0.375 0.398494 0.0569414 0.0813253
24 0.744848 0.397289 0.0656182 0.0801205
11 0.285249 0.58494 0.0477223 0.0710843
1 0.630694 0.571687 0.0498915 0.0927711
33 0.863883 0.769277 0.0260304 0.0927711
28 0.653742 0.224096 0.0439262 0.0879518
28 0.54474 0.234036 0.0439262 0.0692771
34 0.074295 0.219277 0.0488069 0.0927711
1 0.577007 0.581928 0.0477223 0.0795181
11 0.228037 0.581928 0.0482646 0.0783133
7 0.119848 0.577108 0.0444685 0.0843373
7 0.066974 0.578012 0.04718 0.0909639
12 0.631508 0.760241 0.0319957 0.101205
35 0.326464 0.225 0.0466377 0.076506
20 0.53064 0.770482 0.0298265 0.0903614
26 0.492408 0.403614 0.0585683 0.0759036
36 0.252712 0.398494 0.0542299 0.0861446
35 0.479935 0.230422 0.0422993 0.0740964
28 0.599512 0.228614 0.0493492 0.0753012
8 0.895879 0.225602 0.0618221 0.0837349
2 0.877711 0.583434 0.135033 0.0704819
28 0.707701 0.239458 0.0488069 0.0644578
29 0.137744 0.397892 0.0488069 0.0885542
8 0.826193 0.231325 0.0667028 0.0831325
30 0.697939 0.752108 0.0249458 0.134337
20 0.564805 0.768675 0.0287419 0.0915663
28 0.762744 0.234036 0.0460954 0.0716867
29 0.0789046 0.396386 0.0504338 0.0855422
34 0.167571 0.214458 0.0444685 0.0987952
34 0.122017 0.216867 0.0412147 0.0903614
21 0.438449 0.763554 0.0352495 0.0885542
21 0.479393 0.766566 0.0357918 0.0861446
18 0.23346 0.762952 0.0482646 0.0849398
18 0.18167 0.760843 0.0488069 0.0819277
34 0.272505 0.224699 0.0504338 0.0807229
34 0.219631 0.216566 0.0477223 0.101807
18 0.129338 0.759337 0.0482646 0.0849398
18 0.0745662 0.756024 0.0515184 0.0855422
