35 0.294917 0.264522 0.035229 0.0643348
34 0.213639 0.259838 0.0337192 0.0986883
2 0.837947 0.848844 0.0291897 0.0524672
26 0.29693 0.466896 0.0634122 0.0693317
0 0.60921 0.661149 0.0387519 0.0231106
28 0.551585 0.282636 0.0523402 0.0480949
10 0.733769 0.475953 0.0613991 0.0374766
6 0.169602 0.657402 0.0473075 0.0343535
21 0.396578 0.801374 0.0211374 0.0637102
7 0.174887 0.659275 0.0598893 0.0293567
33 0.796427 0.824485 0.0508304 0.039975
2 0.796175 0.825734 0.0513337 0.039975
25 0.100654 0.656152 0.0654253 0.0293567
11 0.169351 0.657402 0.0498239 0.0343535
13 0.240815 0.457214 0.0236537 0.07995
7 0.128837 0.601499 0.024157 0.039975
9 0.733266 0.476265 0.0583795 0.0381012
19 0.214897 0.803248 0.0493206 0.0849469
28 0.588072 0.271393 0.0266734 0.065584
6 0.160544 0.616177 0.0301963 0.0405996
11 0.161802 0.617427 0.0317061 0.0405996
14 0.282587 0.46877 0.0367388 0.0630856
33 0.837947 0.847595 0.0312028 0.0549656
24 0.57851 0.476577 0.0669351 0.0412242
28 0.487418 0.255465 0.0588827 0.0961899
17 0.333417 0.644285 0.0347257 0.0493442
2 0.731001 0.650531 0.125315 0.0530918
3 0.86613 0.652092 0.123805 0.0562149
27 0.509562 0.466583 0.0608958 0.0574641
7 0.0639155 0.62055 0.0251636 0.0418488
9 0.812531 0.457839 0.064922 0.0774516
30 0.595118 0.777327 0.016608 0.110556
18 0.16004 0.802623 0.0422748 0.0662086
28 0.63387 0.263585 0.0508304 0.0824485
20 0.470307 0.778264 0.0327126 0.0599625
1 0.55687 0.661149 0.0508304 0.036852
36 0.212884 0.458463 0.0291897 0.0712055
28 0.427277 0.260775 0.0493206 0.0843223
30 0.570458 0.798251 0.0196276 0.124922
28 0.715652 0.258901 0.0543533 0.0855715
23 0.277806 0.821674 0.0583795 0.076827
36 0.177906 0.457214 0.0377453 0.0787008
18 0.113739 0.742661 0.0382486 0.0599625
20 0.453447 0.843848 0.0915954 0.0424735
24 0.653749 0.472517 0.0684449 0.0468457
35 0.224207 0.258901 0.0276799 0.0780762
26 0.427781 0.466271 0.0624056 0.0680825
20 0.523151 0.805434 0.0286865 0.0868207
26 0.339708 0.46065 0.0603926 0.0780762
34 0.178913 0.243598 0.0327126 0.119925
21 0.335934 0.80075 0.0266734 0.0787008
29 0.0734776 0.461899 0.0402617 0.0680825
35 0.264972 0.267958 0.0468042 0.0674578
9 0.885002 0.45534 0.0669351 0.07995
20 0.433065 0.782324 0.0357323 0.0643348
29 0.124811 0.454716 0.0422748 0.07995
21 0.373176 0.814803 0.0266734 0.0793254
34 0.1384 0.25203 0.0412682 0.0968145
18 0.105435 0.802936 0.0417715 0.0555903
21 0.289884 0.609931 0.0362355 0.0630856
35 0.348515 0.264834 0.0608958 0.0811993
18 0.0591344 0.810431 0.040765 0.0630856
8 0.798943 0.254216 0.0810267 0.091193
34 0.0910921 0.24797 0.0422748 0.107433
8 0.880725 0.246408 0.0775038 0.106808
