3 0.927679 0.563441 0.0366071 0.0422943
24 0.129018 0.323001 0.0473214 0.0782155
30 0.64442 0.73117 0.0209821 0.144844
6 0.204464 0.567787 0.0714286 0.0312862
7 0.204018 0.567787 0.0705357 0.0336037
25 0.127902 0.320104 0.0433036 0.0747393
9 0.80558 0.337486 0.0415179 0.0561993
11 0.233036 0.513905 0.0348214 0.0393975
3 0.723884 0.550985 0.0209821 0.0625724
7 0.152455 0.483488 0.0263393 0.0550406
20 0.554464 0.708575 0.0544643 0.0741599
26 0.352009 0.325029 0.0361607 0.0787949
35 0.370759 0.119351 0.0299107 0.0672074
5 0.731027 0.770568 0.0424107 0.0637312
16 0.300893 0.544032 0.0357143 0.0637312
35 0.382812 0.125435 0.0388393 0.0654693
3 0.844866 0.549826 0.0308036 0.0637312
33 0.873214 0.79606 0.0276786 0.0683662
9 0.766295 0.352839 0.0415179 0.0405562
16 0.130804 0.325608 0.0455357 0.0776362
3 0.91942 0.551564 0.0459821 0.0602549
25 0.11317 0.558806 0.0816964 0.0341831
2 0.798437 0.548957 0.0549107 0.0631518
25 0.532366 0.340382 0.0379464 0.0608343
2 0.872098 0.79606 0.0272321 0.0683662
19 0.264062 0.762457 0.0540179 0.123986
2 0.815625 0.548667 0.025 0.0648899
35 0.396875 0.127752 0.0267857 0.0654693
14 0.40067 0.332561 0.0316964 0.0741599
25 0.469196 0.328505 0.0330357 0.0834299
11 0.264062 0.542874 0.028125 0.0544612
30 0.673437 0.704229 0.0165179 0.121089
21 0.432366 0.668308 0.0191964 0.066628
13 0.289955 0.325029 0.0308036 0.0799536
35 0.471875 0.131228 0.0205357 0.066628
24 0.709152 0.350811 0.0558036 0.0492468
13 0.317857 0.319235 0.0258929 0.0834299
30 0.653125 0.725087 0.0169643 0.137312
28 0.759375 0.13876 0.0455357 0.0677868
36 0.23683 0.322711 0.0433036 0.0811124
35 0.4375 0.1292 0.0428571 0.0590962
36 0.194643 0.319525 0.0348214 0.080533
11 0.191295 0.50956 0.0379464 0.0515643
18 0.263393 0.761298 0.0535714 0.12978
5 0.776339 0.746524 0.0267857 0.071263
3 0.86808 0.549247 0.0665179 0.0625724
20 0.543527 0.78679 0.0620536 0.0579374
28 0.606027 0.125724 0.0424107 0.0880649
21 0.539732 0.705388 0.0258929 0.0782155
9 0.876562 0.334878 0.0566964 0.0706837
13 0.352679 0.323581 0.0366071 0.0816918
23 0.395536 0.74971 0.0616071 0.108922
7 0.0698661 0.511008 0.0316964 0.0556199
20 0.611384 0.739861 0.0290179 0.115875
35 0.505134 0.132677 0.0433036 0.0683662
18 0.19933 0.764484 0.0647321 0.108343
20 0.569643 0.707706 0.0285714 0.080533
20 0.539509 0.701043 0.0272321 0.0683662
18 0.12433 0.677289 0.0700893 0.0950174
28 0.703125 0.133256 0.0401786 0.0706837
35 0.329018 0.12051 0.0357143 0.0787949
21 0.488616 0.743627 0.0316964 0.0979143
29 0.0814732 0.327636 0.0352679 0.0689455
34 0.196429 0.100232 0.03125 0.115875
21 0.378348 0.477694 0.0227679 0.071263
28 0.562723 0.128911 0.0316964 0.0828505
8 0.818304 0.12949 0.0589286 0.0840093
33 0.81875 0.738702 0.025 0.10197
34 0.283259 0.112109 0.040625 0.0921205
21 0.454688 0.729722 0.0272321 0.106025
34 0.153125 0.109212 0.0401786 0.0863268
34 0.104687 0.102839 0.0459821 0.099073
34 0.2375 0.11153 0.0375 0.0909618
8 0.879241 0.127462 0.0513393 0.0950174
18 0.0674107 0.778969 0.0625 0.0886443
