35 0.489766 0.244458 0.0419103 0.0623128
25 0.354776 0.37837 0.0545809 0.0281606
25 0.597953 0.738466 0.0545809 0.0389455
28 0.69152 0.20731 0.0389864 0.0431396
31 0.521686 0.603954 0.0307018 0.0443379
20 0.881823 0.806771 0.0229045 0.0605153
8 0.743908 0.233373 0.0657895 0.0425404
25 0.680799 0.460156 0.0302144 0.0647094
25 0.734893 0.254943 0.0906433 0.0437388
23 0.370858 0.648592 0.0565302 0.0677052
26 0.415936 0.457759 0.0501949 0.0611144
27 0.551413 0.462852 0.0687134 0.052127
16 0.305556 0.613541 0.042885 0.0383463
4 0.304094 0.612043 0.042885 0.0377472
28 0.579922 0.262433 0.0604289 0.0383463
25 0.475877 0.440683 0.0511696 0.0904733
9 0.552144 0.463751 0.0721248 0.0527262
9 0.856725 0.615039 0.0994152 0.0377472
23 0.217836 0.636609 0.0467836 0.0581186
21 0.287281 0.817256 0.0209552 0.0910725
21 0.51998 0.222289 0.0263158 0.0826842
9 0.829191 0.397543 0.0501949 0.0377472
28 0.714669 0.394248 0.041423 0.0683044
14 0.324074 0.440683 0.045809 0.059317
28 0.828704 0.256141 0.0667641 0.0437388
35 0.377924 0.25704 0.0423977 0.0587178
26 0.71345 0.393948 0.0419103 0.0724985
4 0.260721 0.634212 0.0302144 0.0581186
8 0.734649 0.249251 0.0901559 0.0539245
34 0.726364 0.461055 0.0336257 0.0641102
25 0.421053 0.254344 0.0302144 0.055722
13 0.71345 0.394548 0.0409357 0.0736968
16 0.26194 0.63541 0.0297271 0.059317
13 0.366472 0.432594 0.0360624 0.0671061
3 0.923002 0.651887 0.0409357 0.0515279
7 0.119152 0.860995 0.0716374 0.0503295
26 0.366228 0.433194 0.035575 0.0671061
25 0.434942 0.65728 0.0375244 0.0551228
29 0.123294 0.195926 0.0438596 0.0383463
36 0.210283 0.411923 0.035575 0.0497304
28 0.736842 0.249551 0.08577 0.0545237
28 0.221004 0.241462 0.047271 0.0994608
35 0.486111 0.201917 0.0316764 0.0551228
13 0.221979 0.244158 0.0492203 0.0952666
25 0.220029 0.466147 0.0774854 0.0359497
25 0.734649 0.844218 0.103801 0.0455362
21 0.486355 0.782205 0.0165692 0.0832834
5 0.817495 0.824146 0.0219298 0.0713002
20 0.562378 0.613841 0.0272904 0.0689035
17 0.260721 0.63601 0.0311891 0.0569203
8 0.828704 0.254344 0.0706628 0.0413421
25 0.383772 0.757639 0.0550682 0.0605153
25 0.320419 0.252846 0.0453216 0.0671061
11 0.353801 0.580887 0.0467836 0.0461354
25 0.84771 0.762433 0.0696881 0.0665069
25 0.118908 0.447873 0.0604289 0.0473337
9 0.913986 0.445476 0.0521442 0.0760935
30 0.752437 0.768125 0.0204678 0.0994608
6 0.0889376 0.626723 0.0404483 0.077891
8 0.47807 0.443379 0.0497076 0.0946675
12 0.582602 0.812762 0.0316764 0.089275
28 0.582846 0.215698 0.0438596 0.0455362
28 0.5173 0.795686 0.038499 0.113841
21 0.680068 0.452966 0.0307018 0.0718993
18 0.221735 0.563811 0.0467836 0.0647094
18 0.787524 0.453565 0.0487329 0.0659077
23 0.388889 0.834632 0.0526316 0.0635111
18 0.250244 0.847214 0.0482456 0.0934691
21 0.314815 0.832834 0.0243665 0.101857
18 0.765107 0.6426 0.0497076 0.0605153
34 0.269981 0.252846 0.0389864 0.0718993
25 0.640838 0.229778 0.0565302 0.108448
8 0.88499 0.213301 0.0614035 0.101857
34 0.0701754 0.242061 0.0389864 0.0814859
24 0.936647 0.829838 0.0711501 0.0850809
35 0.655702 0.803775 0.0404483 0.12882
25 0.839912 0.451168 0.0501949 0.0575195
18 0.139864 0.639305 0.0516569 0.0671061
21 0.446394 0.803775 0.0321637 0.089275
36 0.116228 0.752546 0.0482456 0.074296
18 0.197612 0.849011 0.0521442 0.101857
