12 0.600676 0.63371 0.0531144 0.0834903
20 0.53718 0.667922 0.0458716 0.084118
2 0.704732 0.488073 0.0265572 0.0596359
9 0.605022 0.318895 0.0473201 0.0703076
17 0.49493 0.493723 0.0328344 0.0433145
11 0.244326 0.442247 0.037663 0.037037
11 0.263641 0.483365 0.0811202 0.0539862
25 0.379527 0.120213 0.0328344 0.0784683
12 0.676243 0.646893 0.0226944 0.114878
20 0.583535 0.642812 0.0284887 0.100439
1 0.578947 0.469554 0.0424916 0.0401758
31 0.497344 0.491212 0.0270401 0.039548
31 0.546113 0.462963 0.0202801 0.0295041
14 0.415258 0.312618 0.044423 0.0665411
10 0.792371 0.330195 0.057943 0.0502197
7 0.152825 0.467043 0.0255915 0.0690521
21 0.450024 0.668864 0.0676002 0.0885122
32 0.334862 0.499372 0.0400773 0.0747018
2 0.723322 0.48619 0.0289715 0.0696798
27 0.605505 0.31764 0.0482859 0.0715631
7 0.0898117 0.482423 0.0222115 0.0583804
7 0.135683 0.466729 0.0231772 0.0608914
35 0.289474 0.115819 0.0787059 0.0860013
9 0.796475 0.327997 0.0603573 0.0483365
23 0.315307 0.684871 0.0415258 0.100439
3 0.905601 0.493409 0.0700145 0.0677966
7 0.112265 0.474262 0.0265572 0.0608914
16 0.374698 0.497175 0.0309029 0.0564972
35 0.360695 0.118644 0.0357315 0.081607
31 0.527764 0.509102 0.0289715 0.0552417
24 0.661758 0.320465 0.0603573 0.047081
18 0.267504 0.690521 0.0453887 0.0929065
13 0.35128 0.311048 0.0516659 0.0834903
11 0.290922 0.437539 0.0333172 0.0401758
19 0.316755 0.683302 0.0424916 0.0960452
19 0.268228 0.689579 0.0439401 0.0922787
9 0.846692 0.309793 0.054563 0.0847458
9 0.915258 0.305085 0.0661516 0.0803515
17 0.451956 0.489328 0.0366972 0.0558694
21 0.408257 0.678594 0.0207629 0.094162
17 0.411395 0.489014 0.0299372 0.0577527
13 0.302269 0.31764 0.0405601 0.0627746
1 0.579189 0.495606 0.0449058 0.0521029
30 0.676002 0.64752 0.0231772 0.113622
6 0.197731 0.489014 0.0400773 0.0803515
36 0.254949 0.303201 0.0434573 0.0828625
28 0.688556 0.108286 0.0328344 0.0847458
11 0.245292 0.485248 0.0395944 0.0502197
23 0.365041 0.683302 0.0463544 0.0998117
21 0.429744 0.668236 0.0270401 0.0922787
26 0.479479 0.319837 0.0492516 0.0634024
5 0.746258 0.668864 0.0226944 0.0935342
25 0.0876388 0.112053 0.0381458 0.0910232
35 0.406567 0.125235 0.0289715 0.0709353
28 0.565427 0.105775 0.0473201 0.0784683
25 0.627233 0.117702 0.0560116 0.0634024
25 0.813858 0.0982423 0.0671173 0.0998117
35 0.449541 0.112367 0.0405601 0.0728186
33 0.799614 0.666981 0.0260744 0.0910232
26 0.547562 0.313559 0.0482859 0.0696798
11 0.286577 0.481168 0.0333172 0.0521029
20 0.554322 0.666039 0.0289715 0.0878845
35 0.315307 0.119586 0.0366972 0.0822348
29 0.151376 0.310421 0.0497344 0.0671689
25 0.361661 0.117075 0.0280058 0.0822348
12 0.589087 0.631199 0.0241429 0.0784683
28 0.738049 0.105775 0.0526316 0.0947897
21 0.468856 0.668864 0.0270401 0.0935342
25 0.727668 0.324859 0.064703 0.0571249
28 0.508933 0.102009 0.044423 0.0872568
25 0.890391 0.0935342 0.0714631 0.100439
36 0.204491 0.302574 0.0458716 0.079096
1 0.629889 0.500942 0.0458716 0.0590082
34 0.186142 0.116133 0.034283 0.086629
25 0.227668 0.111425 0.0391115 0.0922787
20 0.524143 0.66447 0.0265572 0.0822348
29 0.0943988 0.309793 0.0487687 0.0684244
34 0.141719 0.117075 0.0429744 0.0872568
34 0.271849 0.114878 0.0386287 0.0903955
18 0.0743602 0.690521 0.0453887 0.0929065
18 0.219942 0.686755 0.0458716 0.094162
18 0.12337 0.690521 0.0458716 0.0979284
18 0.174312 0.688638 0.0415258 0.0991839
12 0.617335 0.633396 0.0284887 0.084118
