2 0.734703 0.590602 0.0236014 0.0706388
28 0.699301 0.157248 0.0236014 0.0884521
3 0.861888 0.599509 0.0332168 0.0884521
16 0.522509 0.600737 0.0380245 0.0503686
7 0.13243 0.576781 0.0935315 0.0773956
34 0.0946241 0.134521 0.0869755 0.0982801
32 0.411058 0.592138 0.0354021 0.0651106
2 0.706075 0.594595 0.027535 0.0675676
32 0.36757 0.591216 0.0445804 0.0866093
20 0.574082 0.808661 0.0581294 0.10258
4 0.524476 0.602887 0.0410839 0.0522113
34 0.204327 0.128993 0.0895979 0.119165
16 0.411058 0.592445 0.0336538 0.0632678
31 0.569274 0.603808 0.0327797 0.0454545
35 0.508741 0.154791 0.0262238 0.0909091
26 0.49257 0.388821 0.0393357 0.0872236
19 0.354458 0.800983 0.0445804 0.108108
19 0.306818 0.810197 0.0428322 0.109337
18 0.305944 0.809582 0.041958 0.108108
35 0.544143 0.384214 0.041958 0.0964373
28 0.260708 0.363022 0.0458916 0.133907
17 0.44646 0.586916 0.0284091 0.0694103
11 0.268575 0.599509 0.0432692 0.0626536
17 0.484484 0.590295 0.0310315 0.0675676
35 0.4375 0.145577 0.0375874 0.0872236
35 0.734921 0.388206 0.0476399 0.0970516
7 0.108829 0.577088 0.0410839 0.0767813
9 0.925262 0.382064 0.0454545 0.0909091
35 0.496285 0.159398 0.0380245 0.0841523
5 0.81403 0.806204 0.0214161 0.107494
33 0.876967 0.809889 0.0231643 0.0976658
7 0.158654 0.572789 0.0463287 0.0853808
2 0.786495 0.592752 0.101836 0.0884521
28 0.71132 0.157862 0.0450175 0.0958231
28 0.764642 0.162162 0.0406469 0.0872236
6 0.215909 0.590295 0.0428322 0.0970516
11 0.313593 0.58016 0.0388986 0.0730958
28 0.61167 0.389742 0.0502622 0.0902948
3 0.910402 0.59828 0.0926573 0.0810811
1 0.661932 0.602887 0.048514 0.0608108
1 0.612981 0.604115 0.0450175 0.0608108
30 0.743881 0.785319 0.0218531 0.14312
8 0.891171 0.14957 0.0655594 0.111179
23 0.403409 0.80559 0.0498252 0.108722
34 0.120848 0.136057 0.0572552 0.0939803
36 0.20826 0.365479 0.0458916 0.108108
28 0.598121 0.159091 0.0493881 0.0835381
28 0.796766 0.40172 0.0498252 0.0823096
35 0.333042 0.137285 0.0428322 0.105037
20 0.557474 0.807432 0.0292832 0.103808
12 0.666084 0.792076 0.0305944 0.114865
21 0.5 0.793612 0.0340909 0.0970516
28 0.545673 0.14957 0.0432692 0.0976658
8 0.444712 0.370393 0.0493881 0.105651
28 0.65625 0.153256 0.0467657 0.0976658
35 0.388767 0.367322 0.048514 0.125307
29 0.0902535 0.354115 0.0502622 0.106265
35 0.383741 0.136978 0.0437063 0.104423
34 0.323427 0.360872 0.0524476 0.132064
34 0.179633 0.131143 0.0428322 0.119779
20 0.590472 0.80559 0.0270979 0.106265
34 0.0673077 0.132985 0.034965 0.101351
18 0.259178 0.813268 0.0463287 0.108108
8 0.824956 0.157862 0.0642482 0.0945946
34 0.671329 0.387285 0.0541958 0.0964373
34 0.280157 0.133907 0.0428322 0.114251
8 0.871066 0.376229 0.0594406 0.11855
18 0.20826 0.808968 0.0450175 0.121622
18 0.109484 0.812654 0.0511364 0.111794
21 0.466128 0.793612 0.0249126 0.105651
34 0.155157 0.363022 0.0498252 0.114251
18 0.158872 0.810504 0.0441434 0.116093
34 0.229895 0.122543 0.0454545 0.128378
