35 0.35537 0.118051 0.0238095 0.0437227
25 0.648176 0.496877 0.0400203 0.0418488
28 0.697315 0.154591 0.0298886 0.0618364
9 0.81079 0.297626 0.0379939 0.0568395
22 0.376393 0.688632 0.0466059 0.08807
16 0.516717 0.520924 0.0364742 0.0499688
32 0.388298 0.498751 0.0379939 0.0580887
28 0.58232 0.142411 0.0542047 0.0299813
16 0.619048 0.342911 0.0486322 0.0487196
20 0.572188 0.650531 0.0379939 0.0718301
19 0.37538 0.687695 0.0466059 0.0861961
25 0.844732 0.156152 0.0410334 0.0612117
25 0.618288 0.341349 0.0471125 0.0493442
33 0.734549 0.670831 0.0273556 0.0749532
25 0.52381 0.361337 0.064843 0.0281074
10 0.804205 0.353529 0.0582573 0.0474703
25 0.688197 0.506558 0.0309017 0.0449719
24 0.619554 0.344784 0.0486322 0.0474703
2 0.749747 0.488132 0.0435664 0.0618364
24 0.675785 0.350094 0.0526849 0.0430981
3 0.879433 0.500625 0.0618034 0.0780762
33 0.681358 0.672705 0.0212766 0.0986883
4 0.515451 0.521549 0.0390071 0.0474703
25 0.425279 0.511555 0.0309017 0.0574641
19 0.421733 0.678014 0.0400203 0.0830731
11 0.298886 0.477826 0.0344478 0.0449719
35 0.425025 0.138663 0.0233029 0.0787008
25 0.345491 0.155528 0.035461 0.0787008
9 0.804965 0.352904 0.0567376 0.051218
23 0.422239 0.675203 0.0390071 0.0836977
23 0.577508 0.651468 0.0283688 0.0712055
25 0.371581 0.312305 0.0390071 0.0524672
25 0.894124 0.143036 0.0334347 0.0949407
9 0.854863 0.279825 0.0379939 0.0649594
25 0.165653 0.160525 0.0526849 0.0524672
34 0.157801 0.111181 0.0227964 0.0437227
35 0.453141 0.150531 0.0258359 0.0562149
13 0.425025 0.311056 0.0364742 0.0849469
26 0.567882 0.297002 0.0425532 0.0530918
17 0.471378 0.509994 0.0420466 0.0505934
25 0.344985 0.476577 0.0395137 0.0349781
26 0.513931 0.313242 0.0440729 0.0605871
29 0.226444 0.291068 0.0445795 0.0499688
7 0.214286 0.465646 0.0374873 0.0518426
20 0.547366 0.637726 0.0248227 0.0836977
28 0.58232 0.105559 0.0420466 0.0412242
31 0.557497 0.46752 0.0248227 0.0418488
17 0.487335 0.4594 0.0374873 0.0493442
25 0.303698 0.154591 0.0379939 0.0793254
25 0.75228 0.176765 0.0780142 0.0312305
25 0.319149 0.332917 0.0385005 0.0662086
28 0.736829 0.126483 0.0410334 0.0480949
1 0.60613 0.500312 0.0369807 0.0499688
25 0.172492 0.513741 0.0714286 0.0318551
35 0.490375 0.142723 0.04154 0.0843223
29 0.157042 0.359775 0.0607903 0.0437227
33 0.790274 0.639913 0.0202634 0.076827
14 0.466819 0.313242 0.0390071 0.0693317
28 0.538754 0.102748 0.0379939 0.0443473
25 0.219605 0.337602 0.0633232 0.0393504
25 0.889818 0.351343 0.0835866 0.0555903
18 0.239362 0.612742 0.0400203 0.0549656
6 0.257345 0.453779 0.0364742 0.0705809
25 0.223151 0.147096 0.0400203 0.0918176
21 0.459473 0.664897 0.0222898 0.0918176
25 0.257852 0.520924 0.04154 0.051218
35 0.395897 0.153654 0.0298886 0.0886946
25 0.739868 0.350094 0.0683891 0.0605871
36 0.27305 0.292317 0.0395137 0.0649594
25 0.651216 0.157089 0.0491388 0.0668332
28 0.664894 0.0908807 0.0612969 0.0455965
29 0.177052 0.287633 0.0410334 0.0580887
34 0.263425 0.154903 0.0344478 0.0774516
12 0.629179 0.638663 0.0253293 0.0843223
8 0.79306 0.110244 0.0552178 0.0793254
21 0.495694 0.649282 0.0298886 0.076827
7 0.172492 0.447533 0.0298886 0.0630856
18 0.149189 0.663023 0.0450861 0.0968145
18 0.202888 0.700187 0.050152 0.0886946
