3 0.842872 0.785982 0.0238474 0.0863579
10 0.611818 0.416771 0.0461049 0.0550688
25 0.674881 0.409262 0.0694224 0.0513141
6 0.215421 0.612015 0.0238474 0.0563204
4 0.370959 0.605757 0.0317965 0.0375469
1 0.701113 0.620463 0.0328564 0.0406758
32 0.330419 0.617021 0.045045 0.0663329
2 0.768415 0.609825 0.045575 0.0644556
6 0.263911 0.615144 0.0614732 0.0625782
2 0.762586 0.610763 0.0201378 0.0588235
27 0.611288 0.416145 0.045045 0.0563204
35 0.295178 0.192115 0.100689 0.0951189
17 0.476683 0.581977 0.0471648 0.0300375
2 0.808161 0.609199 0.0667727 0.0607009
2 0.739269 0.608573 0.0201378 0.0556946
21 0.50477 0.786921 0.072602 0.0907384
19 0.326179 0.787547 0.0429253 0.0819775
17 0.433227 0.623592 0.0291468 0.0481852
10 0.806041 0.424906 0.0540541 0.0400501
4 0.485162 0.63204 0.0386857 0.0350438
6 0.249868 0.606696 0.0355061 0.0607009
6 0.283784 0.625156 0.0323264 0.057572
26 0.309751 0.413642 0.0503445 0.0826033
31 0.529147 0.627972 0.0291468 0.043179
23 0.325914 0.788799 0.0434552 0.0819775
6 0.099629 0.630789 0.045575 0.0538173
11 0.284314 0.627034 0.0355061 0.0500626
18 0.279014 0.792553 0.0429253 0.0794743
1 0.642554 0.62015 0.0429253 0.0387985
9 0.806041 0.426471 0.0540541 0.0394243
7 0.063328 0.607635 0.0280869 0.0525657
14 0.425013 0.412703 0.0381558 0.071965
5 0.786698 0.78786 0.0227875 0.0988736
25 0.68442 0.398623 0.0694224 0.028786
9 0.86778 0.408636 0.0598834 0.0713392
3 0.91203 0.807572 0.0625331 0.0907384
23 0.375199 0.788799 0.045575 0.0794743
9 0.934287 0.404255 0.0604134 0.0763454
26 0.535506 0.40801 0.054584 0.0750939
3 0.910705 0.610138 0.0927398 0.0588235
16 0.330419 0.617647 0.0429253 0.068836
11 0.099894 0.630163 0.0471648 0.0563204
20 0.564653 0.789737 0.0302067 0.0901126
35 0.433227 0.191176 0.0344462 0.0707134
1 0.598304 0.601377 0.0381558 0.0413016
20 0.529677 0.786608 0.0312666 0.0863579
13 0.371754 0.412078 0.0577636 0.09199
21 0.456545 0.767209 0.0238474 0.0801001
33 0.844462 0.787547 0.0259671 0.0957447
24 0.742713 0.418335 0.0577636 0.0494368
6 0.175941 0.604819 0.0413355 0.0794743
35 0.476683 0.19806 0.0418654 0.0732165
13 0.308691 0.414894 0.0535241 0.0863579
28 0.605723 0.199312 0.0551139 0.071965
30 0.721516 0.775031 0.0238474 0.134543
34 0.234764 0.731852 0.111288 0.0356696
26 0.472178 0.408636 0.0498145 0.0738423
18 0.17753 0.796621 0.045575 0.0725907
28 0.546635 0.18617 0.054584 0.0882353
29 0.125066 0.409887 0.0529942 0.101377
35 0.382883 0.190238 0.036566 0.077597
28 0.726285 0.198686 0.0514043 0.0769712
36 0.246423 0.414268 0.0529942 0.0876095
36 0.184155 0.411139 0.0535241 0.0913642
35 0.329094 0.187735 0.0519343 0.0988736
12 0.651828 0.784105 0.0328564 0.0988736
28 0.669051 0.198999 0.0514043 0.0838548
28 0.793853 0.200876 0.0529942 0.0738423
34 0.211182 0.189925 0.0461049 0.0969962
18 0.227875 0.799124 0.0434552 0.0663329
34 0.157128 0.183354 0.0503445 0.106383
8 0.944621 0.183354 0.0577636 0.100125
34 0.0535241 0.39831 0.0508744 0.127034
8 0.873079 0.179599 0.0779014 0.108886
18 0.130366 0.792866 0.0445151 0.0788486
18 0.081876 0.793179 0.0471648 0.0807259
21 0.487281 0.787547 0.0323264 0.0957447
34 0.100689 0.173967 0.0498145 0.128911
34 0.0445151 0.17428 0.0529942 0.13204
34 0.2708 0.191802 0.0498145 0.0994994
