25 0.431735 0.396003 0.0463783 0.0487196
13 0.530745 0.320425 0.0380406 0.0724547
16 0.519281 0.557776 0.0369984 0.0574641
25 0.402293 0.223923 0.0489838 0.0293567
35 0.434341 0.213616 0.0526316 0.039975
25 0.428609 0.216115 0.049505 0.0412242
28 0.62741 0.173954 0.0468994 0.076827
17 0.520063 0.557776 0.0385618 0.0599625
14 0.433038 0.39569 0.0416884 0.0505934
26 0.410109 0.320425 0.0312663 0.0712055
9 0.807712 0.33604 0.0458572 0.0762024
8 0.80667 0.334478 0.0458572 0.0818239
25 0.806931 0.334478 0.0463783 0.08807
18 0.283742 0.708932 0.0453361 0.0861961
10 0.756123 0.392879 0.0531527 0.0562149
31 0.569828 0.559338 0.0338718 0.0480949
27 0.583377 0.402249 0.0484627 0.0549656
17 0.454664 0.553404 0.0536738 0.0587133
29 0.133403 0.40381 0.0562793 0.0393504
19 0.283481 0.70862 0.0468994 0.08807
14 0.182126 0.321049 0.0390829 0.0724547
9 0.75456 0.321674 0.0406462 0.0662086
14 0.410109 0.320112 0.0323085 0.0705809
25 0.176655 0.386321 0.0416884 0.0505934
28 0.505211 0.21268 0.059927 0.0530918
4 0.51876 0.557152 0.034914 0.0574641
2 0.709484 0.529357 0.0359562 0.0855715
34 0.187598 0.220175 0.0739969 0.0268582
9 0.757165 0.392255 0.0562793 0.0587133
5 0.709484 0.678638 0.0203231 0.0780762
25 0.629755 0.210181 0.049505 0.0405996
13 0.327514 0.319176 0.0401251 0.0749532
23 0.360865 0.704872 0.0557582 0.0855715
28 0.625847 0.144285 0.0416884 0.062461
1 0.608129 0.519363 0.0364773 0.0505934
35 0.440594 0.157089 0.0453361 0.0605871
35 0.383273 0.160525 0.0317874 0.0762024
7 0.1605 0.495003 0.0479416 0.0518426
13 0.371027 0.321362 0.0406462 0.0730793
8 0.82074 0.21143 0.0990099 0.0393504
3 0.831683 0.533729 0.0771235 0.0968145
33 0.768629 0.690194 0.0229286 0.0762024
25 0.675873 0.561836 0.0343929 0.0468457
25 0.508077 0.388819 0.0635748 0.0393504
9 0.867379 0.398189 0.0505472 0.0530918
24 0.690203 0.370081 0.0588848 0.0605871
34 0.25482 0.153654 0.0354351 0.0749532
25 0.337415 0.377889 0.0672225 0.0337289
26 0.528921 0.319176 0.0406462 0.0787008
35 0.348359 0.188632 0.0369984 0.0737039
14 0.44815 0.320737 0.0354351 0.0718301
20 0.572434 0.693941 0.0265763 0.0824485
29 0.182647 0.316677 0.0422095 0.0749532
25 0.63184 0.386946 0.0390829 0.0455965
6 0.213914 0.528107 0.0359562 0.0530918
28 0.577905 0.173017 0.0427306 0.107433
11 0.279312 0.533104 0.0479416 0.0480949
28 0.686034 0.173017 0.0390829 0.0949407
28 0.492444 0.143348 0.0437728 0.0693317
7 0.120636 0.556215 0.0474205 0.0555903
34 0.210787 0.158963 0.0390829 0.0905684
12 0.61803 0.675828 0.0270974 0.0787008
34 0.279573 0.218926 0.0911933 0.0455965
34 0.297811 0.153342 0.0401251 0.0805746
21 0.480459 0.675828 0.0312663 0.0787008
18 0.15112 0.710493 0.0468994 0.0830731
34 0.126107 0.160837 0.0406462 0.0980637
