22 0.324534 0.829813 0.0439219 0.102595
17 0.430568 0.62764 0.0252884 0.068799
17 0.397294 0.633977 0.0359361 0.0694025
31 0.51087 0.612251 0.0350488 0.0609535
14 0.590506 0.398612 0.0550133 0.0971636
32 0.354259 0.621605 0.0394854 0.080869
2 0.699201 0.840676 0.0408163 0.117079
19 0.3252 0.829209 0.0443656 0.102595
19 0.278172 0.836451 0.0425909 0.10863
4 0.397294 0.628546 0.0350488 0.0694025
1 0.621783 0.625226 0.102484 0.062764
16 0.35315 0.622511 0.039929 0.0826795
26 0.728039 0.408871 0.0603372 0.0754375
9 0.795475 0.416113 0.0559006 0.0549185
10 0.793035 0.417622 0.0563443 0.056729
23 0.324534 0.830115 0.0439219 0.100785
17 0.46362 0.609234 0.0328305 0.0669885
13 0.517524 0.16898 0.0510204 0.085697
14 0.414374 0.391068 0.0434783 0.102595
26 0.517303 0.16898 0.0505768 0.085697
9 0.849601 0.397707 0.0594499 0.082076
16 0.398181 0.631563 0.0368234 0.0718165
21 0.453416 0.800543 0.0212955 0.0983706
7 0.149068 0.610742 0.0408163 0.085697
7 0.0925022 0.592034 0.0456965 0.085697
35 0.466504 0.166566 0.0350488 0.095353
4 0.508429 0.614967 0.0425909 0.065178
31 0.548802 0.613458 0.0301686 0.0633675
24 0.655945 0.409777 0.0607808 0.062764
9 0.914818 0.392879 0.0585626 0.095353
5 0.806788 0.816838 0.0235138 0.10682
1 0.647959 0.620398 0.0483585 0.067592
13 0.36402 0.391973 0.052795 0.103199
6 0.197205 0.622812 0.0439219 0.100181
23 0.374667 0.830718 0.0492458 0.108027
30 0.735138 0.793603 0.0239574 0.141219
28 0.747116 0.180145 0.0452529 0.0778515
21 0.428571 0.811104 0.0230701 0.100181
12 0.649734 0.809294 0.0332742 0.118286
13 0.304126 0.3965 0.0519077 0.100181
26 0.46961 0.395293 0.0519077 0.09656
35 0.426575 0.168075 0.0341615 0.0911285
3 0.892192 0.611648 0.116238 0.0947495
11 0.303904 0.62583 0.0470275 0.070006
26 0.531056 0.3965 0.0550133 0.09656
28 0.691437 0.171998 0.0439219 0.092939
29 0.121783 0.388654 0.052795 0.107423
8 0.82165 0.164152 0.0709849 0.097767
33 0.874002 0.822873 0.0275067 0.105613
2 0.783718 0.602897 0.095386 0.089318
20 0.54126 0.823778 0.028394 0.112251
35 0.381766 0.170791 0.0483585 0.091732
36 0.182342 0.392275 0.0532387 0.10863
34 0.162378 0.161738 0.0354925 0.111044
20 0.575865 0.822873 0.0301686 0.112855
34 0.0567879 0.157815 0.0470275 0.10682
28 0.638199 0.166264 0.0519077 0.100785
28 0.577418 0.159626 0.052795 0.112855
21 0.24512 0.618286 0.0359361 0.111648
21 0.482032 0.808992 0.0350488 0.101992
29 0.0563443 0.396198 0.0603372 0.108027
18 0.228261 0.837055 0.0448092 0.109837
34 0.208962 0.158419 0.0488021 0.109234
34 0.11646 0.152987 0.0474712 0.115269
18 0.17724 0.840374 0.0448092 0.110441
35 0.325865 0.169885 0.0510204 0.0911285
8 0.895963 0.168377 0.0723159 0.101388
18 0.0736469 0.849427 0.0505768 0.108027
1 0.591615 0.620097 0.0501331 0.0730235
34 0.267081 0.1551 0.0550133 0.117079
36 0.243789 0.397707 0.0519077 0.103802
18 0.126664 0.8449 0.0448092 0.111044
