34 0.21255 0.156152 0.0342262 0.0874453
35 0.421379 0.196127 0.0322421 0.0474703
1 0.516369 0.666458 0.0277778 0.0712055
2 0.754464 0.682698 0.0644841 0.0362274
23 0.27877 0.682698 0.0456349 0.0787008
28 0.539683 0.189569 0.0436508 0.0530918
16 0.388145 0.47564 0.03125 0.0430981
25 0.538938 0.194878 0.0362103 0.0424735
25 0.233631 0.532792 0.0416667 0.0424735
20 0.7562 0.683011 0.062004 0.0356027
28 0.579365 0.150219 0.0297619 0.0418488
26 0.498512 0.325422 0.0396825 0.0649594
22 0.356151 0.684572 0.0396825 0.0836977
17 0.387649 0.474703 0.03125 0.0424735
19 0.356895 0.683323 0.0391865 0.0811993
28 0.566964 0.146783 0.0357143 0.0387258
24 0.615079 0.363523 0.0555556 0.0474703
36 0.552827 0.369769 0.0570436 0.0437227
3 0.813492 0.500625 0.127976 0.0705809
36 0.268353 0.374141 0.0714286 0.028732
19 0.278274 0.683323 0.0456349 0.07995
8 0.808284 0.176452 0.0679564 0.0455965
28 0.485615 0.134603 0.0376984 0.0356027
16 0.459325 0.529357 0.0347222 0.0455965
28 0.583581 0.174891 0.0292659 0.0687071
36 0.272569 0.28732 0.0362103 0.0362274
19 0.211062 0.677701 0.0421627 0.0874453
28 0.528274 0.148345 0.0297619 0.0418488
23 0.362351 0.601187 0.0411706 0.0418488
25 0.340278 0.348532 0.0267857 0.0562149
25 0.216766 0.160525 0.0367064 0.091193
27 0.553075 0.370081 0.0525794 0.0393504
1 0.547619 0.496877 0.0446429 0.0306059
1 0.556796 0.535915 0.0610119 0.0374766
25 0.673859 0.360087 0.0560516 0.0381012
25 0.64881 0.530294 0.0575397 0.028732
29 0.159722 0.364772 0.0793651 0.0362274
2 0.813244 0.498126 0.125496 0.0705809
35 0.438988 0.152717 0.0376984 0.0755778
9 0.736607 0.294191 0.0406746 0.0587133
25 0.271577 0.330731 0.0391865 0.0455965
13 0.317956 0.31574 0.030754 0.065584
9 0.801835 0.350406 0.0510913 0.0587133
20 0.516865 0.664585 0.0277778 0.0724547
17 0.426835 0.465022 0.0352183 0.0493442
25 0.410714 0.332605 0.0367064 0.0593379
23 0.355655 0.682386 0.0406746 0.0793254
4 0.460317 0.53248 0.0376984 0.0443473
36 0.228175 0.305434 0.0376984 0.062461
31 0.49752 0.470956 0.0267857 0.0449719
13 0.369544 0.326046 0.030754 0.0662086
26 0.457093 0.309182 0.0332341 0.0649594
26 0.369544 0.326359 0.030754 0.065584
25 0.498512 0.325109 0.0396825 0.0618364
7 0.167411 0.46471 0.0372024 0.051218
18 0.210565 0.676452 0.0421627 0.0861961
9 0.782738 0.289194 0.0406746 0.0524672
30 0.621032 0.649594 0.0188492 0.106184
35 0.390873 0.16396 0.0257937 0.0818239
5 0.672371 0.651468 0.0223214 0.0861961
28 0.671131 0.170206 0.0416667 0.076827
35 0.333333 0.153654 0.0297619 0.0787008
11 0.274058 0.503123 0.0322421 0.054341
35 0.362847 0.158651 0.0233135 0.0861961
28 0.625744 0.173017 0.0352183 0.0774516
28 0.487351 0.184884 0.0411706 0.0612117
7 0.133185 0.520612 0.046131 0.0518426
11 0.306796 0.465022 0.0292659 0.0418488
11 0.311012 0.525609 0.0347222 0.0555903
20 0.495536 0.626483 0.0238095 0.0712055
29 0.18378 0.301374 0.0362103 0.0630856
25 0.756944 0.198938 0.103175 0.0293567
34 0.259177 0.138351 0.0252976 0.0605871
29 0.141121 0.306371 0.0391865 0.0643348
34 0.279018 0.192692 0.0729167 0.0356027
12 0.577133 0.650843 0.0292659 0.0824485
34 0.133681 0.152717 0.0411706 0.0943161
8 0.72247 0.143036 0.0550595 0.0712055
34 0.174603 0.153654 0.0297619 0.0874453
34 0.292659 0.141786 0.0337302 0.0612117
21 0.436756 0.644909 0.0233135 0.0843223
18 0.159722 0.673017 0.0436508 0.08807
