28 0.614624 0.231418 0.0989382 0.100562
9 0.620898 0.425984 0.0487452 0.0849469
17 0.36028 0.636165 0.0294402 0.0868207
35 0.459942 0.235478 0.0395753 0.0886946
1 0.619209 0.606184 0.0916988 0.0805746
8 0.74445 0.425984 0.0593629 0.0861961
22 0.326979 0.792005 0.0390927 0.0687071
3 0.716699 0.614616 0.0212355 0.0724547
35 0.295125 0.274516 0.094112 0.100562
11 0.254102 0.649282 0.0844595 0.0680825
35 0.411921 0.275141 0.0226834 0.0855715
16 0.324083 0.63273 0.0342664 0.0899438
19 0.32722 0.792317 0.0395753 0.0693317
32 0.3236 0.633979 0.0352317 0.0899438
27 0.621139 0.427858 0.0511583 0.0849469
24 0.680502 0.421924 0.0530888 0.0843223
31 0.5514 0.601499 0.0323359 0.0849469
23 0.326255 0.793254 0.0376448 0.0662086
4 0.514237 0.604934 0.0304054 0.0805746
17 0.463079 0.617114 0.0410232 0.0874453
1 0.644305 0.604622 0.042471 0.0861961
5 0.782819 0.782324 0.0212355 0.0843223
7 0.144788 0.640849 0.034749 0.0787008
3 0.755309 0.619925 0.0820463 0.0730793
13 0.359797 0.470643 0.0458494 0.0893192
23 0.451014 0.778576 0.0342664 0.0780762
16 0.36028 0.63679 0.0304054 0.0830731
17 0.403958 0.640849 0.0405405 0.0762024
35 0.4375 0.242036 0.0255792 0.0830731
14 0.45222 0.430044 0.0366795 0.0905684
28 0.651544 0.227046 0.0444015 0.114304
9 0.811776 0.413179 0.050193 0.111805
33 0.84749 0.785134 0.023166 0.0811993
13 0.306467 0.466896 0.046332 0.0930668
14 0.408301 0.472517 0.0366795 0.0855715
6 0.187017 0.639288 0.0371622 0.0893192
24 0.74638 0.425047 0.0612934 0.0918176
23 0.368726 0.795753 0.0366795 0.0774516
30 0.70584 0.765459 0.0197876 0.111805
9 0.873311 0.417864 0.0545367 0.0924422
1 0.594836 0.610868 0.0429537 0.0762024
28 0.595319 0.235478 0.0477799 0.0924422
26 0.504585 0.433791 0.0526062 0.0793254
35 0.375724 0.274828 0.0497104 0.102436
35 0.322394 0.27233 0.0453668 0.101187
11 0.280647 0.649906 0.0381274 0.0643348
11 0.233591 0.647408 0.03861 0.0718301
12 0.65082 0.775141 0.0255792 0.0874453
26 0.562983 0.431918 0.0526062 0.0805746
28 0.539093 0.238289 0.0444015 0.0893192
20 0.567809 0.783885 0.0255792 0.0749532
36 0.201979 0.466271 0.0419884 0.0955653
35 0.47418 0.234853 0.0410232 0.0961899
36 0.251207 0.467208 0.0448842 0.0936914
21 0.407336 0.792005 0.0289575 0.0724547
18 0.239865 0.795128 0.03861 0.0762024
2 0.866313 0.613991 0.111004 0.0874453
21 0.490348 0.773891 0.027027 0.0811993
20 0.596042 0.784197 0.0241313 0.0743285
28 0.705598 0.240162 0.0492278 0.0855715
29 0.151062 0.461899 0.0453668 0.0930668
7 0.102317 0.642411 0.03861 0.0843223
18 0.200531 0.794191 0.0381274 0.0718301
21 0.521959 0.779825 0.0265444 0.076827
18 0.160473 0.795753 0.0361969 0.0737039
29 0.097973 0.464397 0.0472973 0.0968145
28 0.761824 0.235166 0.0477799 0.08807
8 0.826737 0.228919 0.0685328 0.0993129
8 0.895029 0.217052 0.0612934 0.115553
34 0.169884 0.257027 0.0444015 0.125547
34 0.0769788 0.260462 0.0487452 0.114928
34 0.125965 0.260775 0.03861 0.114304
18 0.117761 0.788882 0.0366795 0.0836977
34 0.271477 0.271393 0.0487452 0.105559
34 0.220319 0.260775 0.0458494 0.124297
