24 0.660273 0.392476 0.0646138 0.0363636
32 0.354871 0.549216 0.0292781 0.0677116
23 0.343766 0.764263 0.0484604 0.100313
17 0.469965 0.552665 0.0393741 0.0545455
34 0.239525 0.180878 0.069157 0.0746081
11 0.174407 0.509718 0.0267542 0.0438871
13 0.316254 0.35768 0.0287733 0.0708464
25 0.138566 0.559248 0.0540131 0.0413793
5 0.797072 0.736364 0.0323069 0.062069
11 0.281676 0.558934 0.0262494 0.0557994
36 0.269056 0.362069 0.0474508 0.062069
3 0.952297 0.5721 0.0459364 0.0532915
2 0.82105 0.568965 0.0651186 0.0532915
27 0.606259 0.379624 0.0333165 0.0570533
28 0.659263 0.197806 0.0454316 0.0432602
7 0.228925 0.573668 0.0762241 0.0351097
7 0.174659 0.508464 0.027259 0.0438871
21 0.493438 0.7279 0.0570419 0.0789969
25 0.452802 0.366771 0.0212014 0.0840125
6 0.227915 0.577429 0.0772337 0.0376176
14 0.398536 0.364263 0.0277638 0.0689655
25 0.178445 0.341379 0.0398788 0.0884013
18 0.282938 0.773041 0.0499748 0.102821
25 0.430591 0.365204 0.0252398 0.0846395
11 0.225644 0.574295 0.0706714 0.0363636
25 0.481323 0.37837 0.0267542 0.0633229
25 0.316254 0.559248 0.0328117 0.0539185
36 0.218072 0.344201 0.0333165 0.0564263
9 0.90636 0.38464 0.0580515 0.0495298
28 0.756689 0.172414 0.0201918 0.0714734
25 0.13579 0.570846 0.0676426 0.0319749
20 0.558809 0.705956 0.027259 0.0576802
23 0.40838 0.763009 0.0545179 0.102821
30 0.687027 0.706897 0.017163 0.118495
11 0.211005 0.52069 0.0363453 0.0470219
25 0.357648 0.354232 0.0388693 0.0815047
7 0.0956588 0.530408 0.0338213 0.0501567
33 0.905603 0.780878 0.0242302 0.0545455
18 0.153458 0.772727 0.0514891 0.0746081
28 0.787986 0.173668 0.0434124 0.0827586
26 0.566128 0.37837 0.0318021 0.062069
35 0.389702 0.192476 0.0373549 0.0576802
28 0.612317 0.170219 0.0424028 0.0946708
20 0.569914 0.770219 0.0726906 0.0532915
20 0.590863 0.702508 0.0257446 0.0670846
29 0.105502 0.366458 0.0292781 0.0532915
30 0.66633 0.722571 0.0191822 0.127273
35 0.443968 0.182759 0.0358405 0.0583072
28 0.725644 0.17931 0.0429076 0.0752351
21 0.449016 0.507837 0.024735 0.0526646
29 0.137304 0.355799 0.0323069 0.0733542
33 0.844775 0.737931 0.0217062 0.0865204
20 0.632004 0.731661 0.0302877 0.0890282
3 0.891469 0.569592 0.0706714 0.0570533
26 0.51893 0.37931 0.0474508 0.0639498
21 0.389197 0.496238 0.0232206 0.0557994
35 0.340232 0.188401 0.0403836 0.0645768
21 0.510853 0.733229 0.0312973 0.0821317
34 0.294801 0.182132 0.0373549 0.0746081
25 0.717567 0.382759 0.041898 0.0482759
34 0.218576 0.174922 0.0282686 0.0865204
34 0.259465 0.180878 0.0282686 0.0733542
34 0.180969 0.180878 0.0378597 0.0746081
28 0.566381 0.170846 0.0373549 0.0858934
35 0.50732 0.17931 0.04947 0.0727273
18 0.149419 0.678056 0.066633 0.0909091
34 0.137304 0.175549 0.0413932 0.0840125
18 0.219838 0.771787 0.0651186 0.0978056
21 0.477789 0.725078 0.0257446 0.0808777
18 0.090106 0.778997 0.0570419 0.0808777
8 0.918476 0.16489 0.0550227 0.0978056
8 0.855881 0.168652 0.0651186 0.0890282
