2 0.762696 0.600562 0.0484101 0.0818239
35 0.403654 0.185197 0.0336972 0.0868207
32 0.344091 0.620237 0.043664 0.0749532
22 0.325819 0.810431 0.0422402 0.0943161
12 0.691979 0.773579 0.0237304 0.116802
3 0.763882 0.820112 0.0261035 0.138663
16 0.34504 0.61649 0.0427148 0.0774516
25 0.869008 0.400375 0.103465 0.0737039
21 0.504271 0.805434 0.0840057 0.103061
4 0.515662 0.61243 0.0450878 0.0480949
2 0.778595 0.597439 0.0270527 0.076827
17 0.490982 0.569956 0.0365449 0.0493442
2 0.807784 0.598376 0.0284765 0.0774516
11 0.267205 0.615553 0.0939725 0.0630856
31 0.558377 0.61243 0.0336972 0.0480949
1 0.607024 0.615553 0.0474608 0.054341
19 0.280019 0.818239 0.0417655 0.0949407
23 0.327243 0.810119 0.0431894 0.0974391
19 0.326531 0.810431 0.0427148 0.0968145
2 0.832226 0.597439 0.0204082 0.076827
25 0.607024 0.400062 0.0465116 0.0580887
16 0.388942 0.613991 0.0346464 0.0637102
18 0.282155 0.816052 0.0403417 0.0993129
20 0.531324 0.810431 0.0280019 0.0980637
1 0.660418 0.606808 0.0498339 0.0605871
17 0.453251 0.617114 0.0417655 0.0487196
3 0.908875 0.605871 0.0939725 0.07995
2 0.757475 0.597751 0.021832 0.0774516
5 0.812292 0.816052 0.0223066 0.111805
35 0.324395 0.182386 0.0450878 0.0924422
35 0.474608 0.1802 0.0370195 0.0855715
11 0.243 0.623673 0.043664 0.0593379
25 0.706455 0.599001 0.0280019 0.0424735
25 0.790935 0.40381 0.0431894 0.0593379
25 0.406977 0.414428 0.0431894 0.076827
28 0.651163 0.178951 0.0484101 0.0955653
35 0.421215 0.186446 0.0346464 0.0830731
25 0.192454 0.611805 0.0393925 0.0943161
25 0.231609 0.418488 0.0493593 0.0774516
25 0.167537 0.407245 0.0455624 0.0936914
23 0.373754 0.808557 0.0469862 0.0943161
35 0.370195 0.182074 0.0379687 0.0955653
25 0.112245 0.404435 0.0488847 0.0980637
25 0.665876 0.41599 0.0531561 0.0537164
28 0.587328 0.181449 0.0412909 0.0893192
28 0.534646 0.179263 0.0488847 0.0899438
30 0.736355 0.761711 0.0185097 0.126796
21 0.531087 0.809494 0.0284765 0.0974391
30 0.692928 0.770456 0.0208828 0.126796
25 0.535121 0.390693 0.0526815 0.0893192
11 0.292121 0.609619 0.0422402 0.0587133
25 0.470337 0.390381 0.0560038 0.0936914
33 0.8785 0.817926 0.0265781 0.106808
28 0.757712 0.192067 0.046037 0.0730793
18 0.138348 0.783885 0.0374941 0.0874453
7 0.0830565 0.606808 0.0493593 0.0693317
20 0.576412 0.812929 0.0299003 0.105559
25 0.731372 0.402561 0.0645467 0.065584
25 0.062411 0.385384 0.0441386 0.11243
28 0.705031 0.179263 0.0488847 0.0961899
12 0.661841 0.799188 0.0336972 0.113054
25 0.842193 0.39569 0.0526815 0.0893192
34 0.0329853 0.170518 0.0450878 0.103685
8 0.82392 0.185197 0.065496 0.0843223
8 0.897959 0.172392 0.0664452 0.11243
25 0.139772 0.605247 0.0412909 0.0699563
34 0.092074 0.173329 0.0550546 0.109307
25 0.901519 0.401312 0.0564784 0.0755778
25 0.292596 0.403498 0.046037 0.0961899
21 0.482202 0.801062 0.0398671 0.103061
18 0.23327 0.836352 0.0450878 0.062461
25 0.351685 0.410369 0.0522069 0.0974391
21 0.438776 0.809494 0.0346464 0.104934
34 0.210963 0.165834 0.0479355 0.121799
34 0.269578 0.169269 0.0550546 0.116177
18 0.182487 0.822923 0.0441386 0.08807
18 0.0882772 0.814491 0.0493593 0.109931
34 0.155672 0.164897 0.0503085 0.119925
