18 0.258509 0.733916 0.089141 0.051218
27 0.611021 0.49594 0.0518639 0.0462211
16 0.328201 0.6193 0.0437601 0.0493442
35 0.341167 0.373829 0.103728 0.0605871
20 0.513371 0.730793 0.0786062 0.0462211
21 0.473258 0.729544 0.0745543 0.0424735
4 0.384927 0.604622 0.0372771 0.0499688
10 0.610616 0.496252 0.0510535 0.0455965
28 0.561183 0.374141 0.112642 0.0587133
13 0.338331 0.492192 0.123987 0.0612117
28 0.623177 0.374453 0.115073 0.0580887
9 0.611426 0.496565 0.0494327 0.0487196
11 0.311588 0.617739 0.0818477 0.0462211
16 0.384522 0.607121 0.0364668 0.0549656
17 0.485818 0.61243 0.0380875 0.0555903
24 0.666937 0.499375 0.0567261 0.0418488
1 0.602107 0.612117 0.111831 0.0462211
32 0.328606 0.618988 0.0461912 0.0499688
19 0.334279 0.727983 0.0429498 0.0518426
23 0.333874 0.727983 0.0437601 0.0530918
9 0.792139 0.493754 0.0623987 0.0493442
31 0.530794 0.604622 0.0372771 0.0599625
8 0.724878 0.501249 0.0688817 0.0430981
19 0.279984 0.736102 0.0526742 0.0530918
4 0.485818 0.610868 0.0380875 0.0599625
20 0.492301 0.725796 0.0332253 0.0499688
10 0.79295 0.493442 0.0640194 0.0462211
9 0.872366 0.488445 0.0672609 0.0674578
7 0.0972447 0.611805 0.0421394 0.0443473
3 0.758914 0.62336 0.0899514 0.0437227
26 0.548217 0.495628 0.054295 0.0518426
7 0.133712 0.618363 0.0356564 0.0462211
33 0.867099 0.736102 0.0291734 0.0605871
17 0.436791 0.616177 0.0470016 0.0568395
24 0.726094 0.501874 0.0777958 0.0430981
28 0.591572 0.370394 0.0599676 0.0674578
13 0.309157 0.491255 0.0510535 0.0643348
23 0.384927 0.732355 0.0453809 0.0518426
30 0.735413 0.723298 0.0235008 0.0737039
28 0.710697 0.375078 0.0518639 0.054341
6 0.180308 0.620862 0.0461912 0.0574641
13 0.36953 0.489382 0.0551053 0.0643348
11 0.237034 0.616177 0.041329 0.0443473
14 0.433549 0.488445 0.0470016 0.0599625
35 0.309968 0.374766 0.047812 0.0637102
36 0.189627 0.495315 0.0437601 0.0637102
28 0.774311 0.371018 0.054295 0.0612117
29 0.0773906 0.499063 0.054295 0.0574641
2 0.889789 0.62867 0.160454 0.0505934
21 0.454619 0.72767 0.0340357 0.0437227
26 0.491491 0.502186 0.054295 0.0537164
29 0.137763 0.497502 0.0502431 0.0568395
11 0.28201 0.617114 0.0388979 0.0462211
28 0.656402 0.375703 0.0534846 0.054341
12 0.621151 0.729232 0.0316045 0.0593379
35 0.419773 0.376952 0.0405186 0.0580887
5 0.783225 0.736415 0.0235008 0.0574641
1 0.578606 0.613991 0.0518639 0.0462211
1 0.63128 0.612117 0.0470016 0.051218
21 0.492707 0.726733 0.0340357 0.0430981
36 0.245138 0.496252 0.054295 0.065584
20 0.573744 0.735166 0.0291734 0.0524672
18 0.22731 0.737039 0.0445705 0.0524672
35 0.46799 0.371643 0.0510535 0.0699563
20 0.542139 0.736415 0.0307942 0.051218
28 0.529579 0.372892 0.0510535 0.062461
18 0.179903 0.737664 0.0437601 0.0499688
35 0.369125 0.373517 0.047812 0.0637102
8 0.843598 0.365397 0.0664506 0.0687071
34 0.144246 0.365709 0.0486224 0.076827
34 0.252026 0.372892 0.0551053 0.0699563
8 0.909238 0.357589 0.0632091 0.0755778
18 0.13128 0.738289 0.0421394 0.0524672
18 0.0830632 0.738601 0.047812 0.0530918
34 0.0863047 0.366646 0.0510535 0.0749532
34 0.0360616 0.366021 0.0397083 0.0749532
34 0.194895 0.368832 0.0494327 0.0730793
