28 0.511474 0.234853 0.103844 0.0787008
21 0.427424 0.689881 0.0768789 0.0680825
11 0.362593 0.54747 0.0367183 0.076827
1 0.666954 0.55153 0.0258176 0.0549656
13 0.372633 0.390381 0.0946644 0.0787008
36 0.604705 0.394129 0.0470453 0.0774516
11 0.338784 0.552467 0.0889271 0.0705809
29 0.160356 0.391006 0.0958118 0.0737039
17 0.403614 0.546846 0.0315548 0.0693317
23 0.362593 0.69644 0.0458979 0.0699563
19 0.316122 0.69519 0.0424555 0.0662086
32 0.361159 0.546221 0.0384395 0.0793254
26 0.396156 0.394129 0.0441767 0.0749532
28 0.692484 0.236415 0.0986804 0.076827
4 0.492828 0.534354 0.0355709 0.0805746
27 0.604131 0.391943 0.0504877 0.0743285
19 0.363167 0.694254 0.0447504 0.0693317
30 0.688755 0.689881 0.0189329 0.101811
31 0.53385 0.542161 0.0327022 0.0861961
17 0.450086 0.553716 0.0430293 0.076827
9 0.86747 0.384447 0.064257 0.0868207
13 0.395582 0.393816 0.0453242 0.0730793
9 0.802639 0.388819 0.0585198 0.0755778
33 0.83362 0.706433 0.0240964 0.0712055
5 0.77424 0.701124 0.0200803 0.0730793
16 0.402467 0.54747 0.0315548 0.0730793
23 0.414802 0.683948 0.0413081 0.0674578
13 0.345955 0.389756 0.043603 0.0836977
6 0.22031 0.544972 0.0413081 0.08807
24 0.67097 0.399126 0.0648308 0.0587133
11 0.315548 0.557776 0.0424555 0.0637102
11 0.269363 0.557152 0.0384395 0.0637102
14 0.446644 0.392567 0.0441767 0.0780762
26 0.505163 0.398813 0.0487665 0.0693317
36 0.235513 0.389132 0.0418818 0.0811993
26 0.553643 0.394753 0.0458979 0.0699563
3 0.728916 0.553716 0.091222 0.0755778
7 0.124785 0.54872 0.0441767 0.0793254
24 0.738095 0.391943 0.0625359 0.0668332
20 0.54475 0.703935 0.0281125 0.0737039
34 0.249283 0.226421 0.0487665 0.0930668
7 0.174412 0.548095 0.0378658 0.0730793
20 0.575732 0.701124 0.026965 0.0743285
28 0.60327 0.232979 0.0545037 0.0899438
8 0.830752 0.232979 0.0608147 0.0737039
28 0.76965 0.234229 0.0441767 0.0811993
18 0.138554 0.693629 0.0441767 0.0718301
28 0.719449 0.236415 0.0447504 0.076827
29 0.183305 0.393504 0.0441767 0.0737039
35 0.352266 0.233916 0.0401606 0.0843223
36 0.288009 0.390381 0.0481928 0.0849469
12 0.637407 0.698314 0.0275387 0.0774516
1 0.5786 0.551843 0.0441767 0.0693317
28 0.664945 0.232355 0.0516351 0.0836977
29 0.127653 0.389132 0.0533563 0.0836977
18 0.185026 0.693004 0.0430293 0.0705809
1 0.62794 0.543098 0.0464716 0.0793254
28 0.545898 0.232979 0.0510614 0.0824485
35 0.444062 0.237664 0.0355709 0.0755778
34 0.114458 0.224235 0.047619 0.0949407
18 0.228055 0.697064 0.0395869 0.0687071
34 0.159782 0.221424 0.0361446 0.0968145
8 0.907631 0.225484 0.0654045 0.0874453
18 0.270224 0.698626 0.0390132 0.0693317
34 0.3035 0.232042 0.0470453 0.08807
21 0.497418 0.7005 0.0309811 0.0755778
2 0.854561 0.550906 0.138267 0.0824485
21 0.461847 0.698001 0.0309811 0.0755778
35 0.397303 0.234541 0.0441767 0.0843223
34 0.201377 0.221736 0.0424555 0.101187
35 0.486804 0.234229 0.047619 0.0836977
