35 0.356667 0.202061 0.0697778 0.0830731
25 0.549333 0.160525 0.0337778 0.062461
9 0.879111 0.392567 0.0408889 0.0618364
32 0.318444 0.638351 0.0333333 0.0699563
25 0.424889 0.20331 0.0417778 0.0793254
17 0.385111 0.637102 0.0484444 0.051218
3 0.919333 0.605871 0.0564444 0.0524672
9 0.778222 0.414741 0.0346667 0.0499688
33 0.800667 0.806059 0.0191111 0.0968145
21 0.382667 0.809494 0.0248889 0.0899438
25 0.220889 0.188944 0.08 0.109307
28 0.673333 0.188007 0.0391111 0.0699563
5 0.862889 0.838538 0.0484444 0.106808
23 0.289778 0.826046 0.0391111 0.0980637
13 0.415556 0.420362 0.0408889 0.0737039
10 0.724222 0.421299 0.0537778 0.054341
26 0.523111 0.429419 0.0488889 0.0593379
25 0.141333 0.421611 0.0248889 0.0724547
1 0.616667 0.618363 0.0431111 0.0462211
8 0.903556 0.190506 0.0444444 0.102436
26 0.564222 0.405684 0.0288889 0.08807
34 0.0386667 0.165834 0.0222222 0.144285
18 0.096 0.847908 0.0435556 0.113054
24 0.668 0.424735 0.0488889 0.051218
14 0.372 0.415678 0.0373333 0.0805746
9 0.723778 0.422861 0.0573333 0.0574641
11 0.259111 0.591505 0.032 0.0374766
8 0.882 0.184572 0.0297778 0.109307
6 0.209778 0.614616 0.0408889 0.0487196
6 0.156667 0.581199 0.0271111 0.0680825
27 0.523556 0.355091 0.0453333 0.054341
28 0.688 0.209557 0.0471111 0.0705809
16 0.385111 0.632105 0.0511111 0.0449719
25 0.120667 0.640537 0.0333333 0.0381012
2 0.809111 0.646159 0.0786667 0.0443473
25 0.0664444 0.166458 0.0342222 0.149282
26 0.472667 0.428795 0.0422222 0.0618364
28 0.643778 0.201124 0.0306667 0.0824485
28 0.753333 0.21268 0.048 0.0643348
21 0.496444 0.809182 0.0426667 0.110556
9 0.831778 0.359775 0.0404444 0.0549656
21 0.373556 0.799813 0.0173333 0.0668332
35 0.385778 0.20331 0.0257778 0.0755778
19 0.242444 0.832917 0.0422222 0.100562
28 0.602889 0.189881 0.0404444 0.0774516
35 0.421333 0.2005 0.0337778 0.0874453
11 0.268667 0.63679 0.044 0.0443473
8 0.866889 0.1802 0.0262222 0.110556
21 0.396 0.821362 0.0222222 0.101187
25 0.523333 0.429107 0.0448889 0.0599625
5 0.802 0.803248 0.0208889 0.0961899
25 0.919556 0.437539 0.0568889 0.0605871
25 0.235111 0.427545 0.0391111 0.0518426
33 0.881111 0.842286 0.0235556 0.106808
26 0.416444 0.421924 0.0426667 0.0818239
28 0.516 0.195815 0.032 0.0993129
24 0.606444 0.424735 0.0555556 0.0687071
20 0.597111 0.78732 0.0271111 0.0718301
29 0.0924444 0.41193 0.04 0.105559
25 0.332222 0.422548 0.036 0.076827
30 0.686667 0.806059 0.0222222 0.13679
23 0.332667 0.841661 0.044 0.0830731
34 0.104444 0.194566 0.04 0.0955653
25 0.0551111 0.432854 0.0373333 0.0499688
20 0.544667 0.82792 0.0324444 0.100562
20 0.656 0.819488 0.0257778 0.114928
7 0.0762222 0.62461 0.0457778 0.0574641
5 0.853333 0.834478 0.0231111 0.102436
35 0.293333 0.197064 0.0435556 0.0968145
25 0.342 0.200187 0.0457778 0.0905684
21 0.474 0.819488 0.0297778 0.109931
30 0.738667 0.78045 0.0195556 0.126796
20 0.600444 0.863523 0.0648889 0.0618364
18 0.145333 0.83604 0.0391111 0.101811
8 0.921333 0.190194 0.056 0.109307
25 0.245111 0.191131 0.0422222 0.109931
25 0.151556 0.173641 0.0453333 0.126171
34 0.201333 0.183635 0.0391111 0.114928
25 0.282 0.420675 0.0431111 0.0805746
21 0.418667 0.822611 0.0222222 0.104934
21 0.506667 0.792005 0.0275556 0.0836977
25 0.814667 0.198938 0.0666667 0.0943161
12 0.656222 0.818239 0.0288889 0.104934
18 0.190889 0.850718 0.0448889 0.0874453
18 0.0535556 0.840725 0.0448889 0.0961899
