26 0.388519 0.409555 0.025266 0.0655048
9 0.800975 0.399038 0.0328014 0.0745192
10 0.755762 0.421875 0.0496454 0.0300481
19 0.225621 0.780649 0.0744681 0.0925481
21 0.34109 0.566406 0.0226064 0.0799279
21 0.338874 0.539363 0.0226064 0.0498798
20 0.511082 0.774639 0.0549645 0.0913462
34 0.129433 0.222055 0.0762411 0.0763221
36 0.140957 0.399339 0.0416667 0.078726
32 0.300089 0.601562 0.037234 0.046875
12 0.601507 0.780649 0.018617 0.0985577
7 0.148493 0.587139 0.0549645 0.0612981
35 0.360816 0.233774 0.0221631 0.0516827
12 0.621011 0.770433 0.0177305 0.102163
24 0.62367 0.420072 0.054078 0.0420673
13 0.303413 0.398738 0.0917553 0.0763221
30 0.621011 0.770132 0.0177305 0.101562
33 0.833555 0.811298 0.0288121 0.0625
14 0.386746 0.411058 0.0243794 0.0625
28 0.700798 0.210036 0.0203901 0.0751202
9 0.822917 0.40024 0.0483156 0.0733173
35 0.396277 0.216947 0.0381206 0.0516827
27 0.569592 0.411959 0.0478723 0.0582933
4 0.449025 0.616286 0.0381206 0.0366587
17 0.403369 0.60006 0.0416667 0.0486779
28 0.603723 0.226863 0.0505319 0.0378606
26 0.431073 0.405349 0.0492021 0.0763221
1 0.55031 0.596154 0.0385638 0.0348558
25 0.20523 0.606671 0.0478723 0.046274
7 0.118794 0.574519 0.0274823 0.0552885
3 0.871454 0.59976 0.0975177 0.0588942
35 0.341977 0.235877 0.0296986 0.0582933
24 0.785904 0.810998 0.0664894 0.0558894
14 0.36414 0.40655 0.0208333 0.0667067
23 0.294991 0.782452 0.0412234 0.103365
13 0.326463 0.397837 0.0421099 0.0817308
25 0.152926 0.592548 0.0531915 0.0576923
1 0.603945 0.615685 0.045656 0.0402644
30 0.669326 0.75 0.0212766 0.126202
13 0.281693 0.398738 0.0403369 0.0811298
2 0.760638 0.603065 0.123227 0.0582933
11 0.256206 0.60006 0.037234 0.0438702
28 0.733378 0.208834 0.0412234 0.0727163
23 0.344415 0.788161 0.0416667 0.10637
21 0.380098 0.564002 0.0190603 0.078726
34 0.251773 0.228365 0.0336879 0.0757212
29 0.0886525 0.402644 0.0398936 0.0625
9 0.880098 0.400841 0.0509752 0.0721154
7 0.081117 0.572115 0.0398936 0.0588942
24 0.689716 0.417368 0.0629433 0.046274
24 0.709441 0.82482 0.079344 0.0450721
28 0.556516 0.205529 0.0412234 0.0817308
35 0.291667 0.233474 0.035461 0.0643029
36 0.190603 0.39994 0.035461 0.077524
28 0.667332 0.213642 0.0385638 0.0667067
29 0.138741 0.396935 0.0381206 0.078726
20 0.574468 0.784255 0.0292553 0.0901442
36 0.232713 0.399639 0.0390071 0.0793269
34 0.181516 0.217248 0.027039 0.0907452
28 0.505984 0.208834 0.0367908 0.0727163
34 0.214761 0.22506 0.0332447 0.0739183
26 0.504876 0.409255 0.0567376 0.0673077
34 0.146277 0.223858 0.0345745 0.0751202
35 0.446809 0.212139 0.0505319 0.0661058
20 0.525931 0.766526 0.025266 0.0859375
21 0.44836 0.76262 0.0376773 0.0889423
8 0.803191 0.203125 0.0620567 0.0853365
21 0.409131 0.766526 0.0328014 0.0871394
20 0.492908 0.790565 0.0310284 0.0955529
18 0.208555 0.780048 0.0412234 0.09375
34 0.108378 0.219651 0.0359043 0.0835337
18 0.0762411 0.782452 0.0425532 0.0913462
18 0.121232 0.778846 0.0385638 0.09375
18 0.163785 0.777945 0.0385638 0.0967548
8 0.8668 0.199219 0.0589539 0.0895433
