26 0.267049 0.435337 0.045281 0.0570735
34 0.259956 0.567092 0.045281 0.0400729
28 0.5521 0.262599 0.0338243 0.0358227
25 0.652482 0.578931 0.0283688 0.0261081
29 0.102837 0.396175 0.0398254 0.0431087
18 0.105019 0.753491 0.0485543 0.0704311
25 0.645663 0.401032 0.0518276 0.0297511
17 0.437261 0.58895 0.0343699 0.0400729
8 0.85761 0.251973 0.061102 0.0582878
16 0.36443 0.614754 0.0360065 0.0467517
9 0.778505 0.377353 0.0283688 0.0503947
32 0.312057 0.587735 0.0447354 0.0631451
13 0.610202 0.592896 0.0376432 0.051609
33 0.776323 0.781117 0.0185488 0.100182
2 0.810147 0.588039 0.0240044 0.0613236
25 0.264594 0.434123 0.0392799 0.0595021
7 0.127114 0.559806 0.0349154 0.0449302
11 0.263775 0.570735 0.0420076 0.0546448
23 0.36743 0.721008 0.0441899 0.0661809
25 0.6473 0.806618 0.0409165 0.0576806
25 0.365794 0.615058 0.035461 0.0461445
34 0.141026 0.241348 0.0223677 0.0734669
5 0.727223 0.749545 0.0229133 0.109897
18 0.498909 0.255009 0.0420076 0.0534305
25 0.699945 0.605343 0.0381888 0.0267152
26 0.525095 0.397996 0.0365521 0.0503947
10 0.693672 0.416211 0.0420076 0.04068
21 0.353246 0.560109 0.0267321 0.0503947
36 0.338516 0.419247 0.045281 0.0613236
14 0.446809 0.41014 0.0283688 0.055252
28 0.564375 0.224651 0.0398254 0.0291439
31 0.485543 0.553127 0.0294599 0.0315726
36 0.624386 0.521554 0.035461 0.0716454
14 0.403437 0.429569 0.0420076 0.0661809
26 0.567376 0.364299 0.0425532 0.0437158
9 0.858429 0.404372 0.0376432 0.0631451
34 0.114566 0.241044 0.0218221 0.0740741
20 0.527823 0.724044 0.025641 0.0819672
35 0.318058 0.216758 0.0512821 0.0461445
28 0.691217 0.75167 0.0338243 0.0752884
25 0.19749 0.63054 0.0807419 0.0285367
13 0.177305 0.395871 0.0469176 0.0449302
25 0.593017 0.261384 0.0381888 0.0346084
20 0.490726 0.751366 0.0289143 0.102611
12 0.61784 0.739526 0.0212766 0.0983607
9 0.693944 0.417426 0.040371 0.0418944
18 0.638571 0.259866 0.0420076 0.0412872
6 0.168031 0.578628 0.0392799 0.0522161
35 0.355428 0.226776 0.0365521 0.0394657
35 0.441353 0.239526 0.0283688 0.0758956
25 0.873977 0.247116 0.0523732 0.0631451
30 0.597109 0.746509 0.0201855 0.124469
29 0.0619203 0.399211 0.0409165 0.0576806
29 0.119203 0.395871 0.0485543 0.0437158
11 0.0992908 0.616879 0.0469176 0.0497875
25 0.169667 0.238616 0.0447354 0.0825744
6 0.261593 0.569824 0.0441899 0.0455373
25 0.182215 0.443534 0.0741953 0.0358227
28 0.732133 0.253491 0.0414621 0.055252
8 0.836607 0.25592 0.0300055 0.0491803
21 0.408347 0.759563 0.0267321 0.099575
12 0.801964 0.79235 0.0272777 0.110504
35 0.405619 0.241651 0.0398254 0.0680024
34 0.0823786 0.444141 0.122204 0.0309654
18 0.061102 0.783849 0.0436443 0.0631451
21 0.457447 0.729508 0.0289143 0.0831815
25 0.579924 0.419551 0.040371 0.0522161
28 0.684943 0.252884 0.0387343 0.058895
25 0.146754 0.159684 0.0981997 0.0364299
18 0.0409165 0.615361 0.0621931 0.0601093
29 0.247681 0.240134 0.0578287 0.0795386
34 0.0523732 0.233758 0.0316421 0.0874317
28 0.841244 0.564056 0.040371 0.0546448
18 0.270867 0.778081 0.0420076 0.0843959
21 0.656301 0.52459 0.0185488 0.0643594
18 0.161211 0.788403 0.0430987 0.0698239
20 0.545826 0.812386 0.0518276 0.0801457
34 0.22204 0.73224 0.0425532 0.0789314
28 0.883797 0.81269 0.0469176 0.101396
25 0.743863 0.415908 0.0496454 0.0449302
18 0.220131 0.805707 0.0463721 0.0582878
8 0.791598 0.241651 0.0556465 0.0752884
34 0.250136 0.16606 0.0594654 0.047966
34 0.0864703 0.227383 0.0300055 0.0977535
21 0.310966 0.764724 0.0294599 0.0843959
