7 0.172147 0.611246 0.0850164 0.0820669
3 0.971348 0.631915 0.0422734 0.0553191
14 0.454204 0.417933 0.0300611 0.074772
3 0.890089 0.606991 0.0526069 0.0674772
13 0.453499 0.419149 0.0277125 0.0759878
21 0.440582 0.799696 0.0845467 0.0881459
26 0.453499 0.419453 0.0277125 0.0753799
36 0.274072 0.412158 0.0991076 0.0826748
33 0.935181 0.636474 0.025364 0.0765957
28 0.690465 0.178723 0.0385157 0.0790274
1 0.576092 0.620061 0.0295914 0.0644377
16 0.336073 0.612158 0.038046 0.0753799
9 0.837717 0.438602 0.0615312 0.0528875
27 0.62776 0.429483 0.0502583 0.0638298
19 0.310474 0.802432 0.0432128 0.0972644
32 0.335838 0.61307 0.0385157 0.0759878
23 0.310944 0.80152 0.0403946 0.0966565
34 0.0817285 0.188754 0.0883044 0.10152
14 0.409817 0.420365 0.0474401 0.0723404
30 0.727807 0.597568 0.0201973 0.121581
11 0.266557 0.616717 0.0944105 0.0613982
35 0.467825 0.189058 0.0234852 0.100912
16 0.3814 0.61459 0.0385157 0.0607903
23 0.357445 0.797568 0.0432128 0.099696
10 0.840066 0.437082 0.0624706 0.0534954
25 0.688821 0.441337 0.0558948 0.0620061
2 0.767966 0.617021 0.0488492 0.087538
25 0.806717 0.201824 0.0530766 0.0802432
9 0.90418 0.422188 0.0563645 0.0796353
4 0.537576 0.613678 0.038046 0.068693
19 0.263269 0.806383 0.0436825 0.0954407
7 0.140911 0.606991 0.0403946 0.0699088
17 0.425787 0.607295 0.0455613 0.0632219
33 0.878347 0.781155 0.0263034 0.0705167
28 0.623532 0.192705 0.0418037 0.100912
17 0.488962 0.609119 0.046031 0.0656535
28 0.676844 0.193921 0.0526069 0.0948328
5 0.810944 0.775684 0.0248943 0.0778115
9 0.96759 0.420669 0.0573039 0.093617
35 0.503758 0.186626 0.0502583 0.114286
26 0.503523 0.430091 0.0563645 0.0808511
31 0.575622 0.619149 0.0305308 0.0613982
30 0.747064 0.761094 0.0220761 0.105775
11 0.288633 0.616109 0.0427431 0.0650456
26 0.568107 0.421581 0.0558948 0.0942249
13 0.297323 0.412766 0.046031 0.0911854
11 0.240488 0.619453 0.0422734 0.0571429
24 0.762095 0.428875 0.0671677 0.0674772
35 0.426256 0.199696 0.0465007 0.0869301
13 0.352278 0.412766 0.0526069 0.0924012
12 0.665571 0.621885 0.0356975 0.0972644
34 0.106388 0.186018 0.0446219 0.108207
6 0.192579 0.612158 0.0432128 0.0863222
25 0.745186 0.18541 0.0558948 0.111854
21 0.461249 0.795441 0.0394551 0.0869301
28 0.565524 0.188146 0.0516674 0.11003
12 0.667919 0.766565 0.0291217 0.0790274
35 0.320573 0.20304 0.0446219 0.0851064
7 0.0878347 0.60304 0.0469704 0.0693009
8 0.882339 0.184498 0.0737435 0.114894
35 0.372475 0.200912 0.046031 0.0905775
25 0.958666 0.154407 0.0657586 0.182371
36 0.242837 0.407599 0.0479098 0.0942249
29 0.130108 0.407903 0.050728 0.093617
20 0.604509 0.801216 0.0272428 0.0887538
29 0.0753875 0.40152 0.0493189 0.0966565
34 0.163222 0.186626 0.0427431 0.110638
20 0.569046 0.8 0.0305308 0.087538
21 0.417802 0.806383 0.033349 0.0905775
18 0.217003 0.805471 0.0441522 0.099696
34 0.215359 0.183587 0.0483795 0.117933
1 0.6186 0.628571 0.0469704 0.0705167
36 0.187177 0.407295 0.0493189 0.0924012
21 0.510803 0.789362 0.033349 0.0808511
34 0.0601221 0.188146 0.0394551 0.100304
18 0.0695162 0.815805 0.0469704 0.099696
18 0.167215 0.806687 0.0441522 0.100912
18 0.11954 0.813982 0.0408643 0.100912
34 0.269375 0.187234 0.0483795 0.108207
