22 0.388243 0.816677 0.0469379 0.10431
19 0.389361 0.818551 0.0482789 0.10431
25 0.511176 0.375078 0.033527 0.0943161
35 0.397407 0.15178 0.0214573 0.0924422
4 0.592088 0.389756 0.0442557 0.0612117
18 0.239607 0.770456 0.0429146 0.0793254
3 0.75637 0.822923 0.0214573 0.144285
35 0.438087 0.15178 0.0607957 0.091193
2 0.752347 0.599001 0.0554314 0.0886946
24 0.593652 0.390069 0.0473849 0.0630856
19 0.28565 0.776702 0.0393384 0.0893192
33 0.692222 0.58807 0.0245865 0.10431
1 0.597899 0.617114 0.0478319 0.0599625
5 0.854046 0.604934 0.0227984 0.0980637
25 0.498659 0.379138 0.0219043 0.0899438
2 0.723961 0.597751 0.0236924 0.0849469
2 0.814037 0.598688 0.0348681 0.0843223
16 0.592535 0.391318 0.0424676 0.0593379
7 0.0773357 0.61524 0.0616898 0.0936914
11 0.297273 0.583698 0.0339741 0.0505934
17 0.462897 0.577139 0.0245865 0.0537164
25 0.126285 0.378513 0.0415735 0.0974391
2 0.797497 0.599313 0.0411265 0.0830731
1 0.651095 0.605871 0.048726 0.0649594
25 0.278274 0.381636 0.0996871 0.0924422
17 0.434734 0.577139 0.0254806 0.0549656
2 0.743853 0.593691 0.0241395 0.08807
25 0.309343 0.633979 0.0616898 0.0362274
8 0.073536 0.355091 0.0505141 0.115553
25 0.596334 0.614928 0.0455968 0.0580887
19 0.337506 0.817926 0.0473849 0.103061
3 0.910371 0.604934 0.0746536 0.0893192
11 0.253688 0.608057 0.0424676 0.0555903
25 0.418865 0.389132 0.0500671 0.0874453
25 0.176576 0.384135 0.0429146 0.0949407
25 0.0746536 0.360712 0.049173 0.110556
25 0.775369 0.393192 0.0442557 0.0618364
16 0.401654 0.597751 0.033527 0.0599625
23 0.388914 0.813866 0.0482789 0.103685
5 0.793697 0.784822 0.0219043 0.0905684
35 0.457979 0.141474 0.0272687 0.0968145
35 0.375279 0.151468 0.0397854 0.0968145
12 0.531068 0.605871 0.0312919 0.106184
30 0.729549 0.766396 0.0214573 0.139913
35 0.332141 0.152092 0.0411265 0.0930668
18 0.144837 0.788257 0.0348681 0.07995
33 0.860304 0.791693 0.0245865 0.08807
25 0.525034 0.377889 0.0406795 0.0936914
25 0.240054 0.392879 0.0518552 0.0811993
35 0.42177 0.15584 0.0299508 0.0868207
25 0.467144 0.37539 0.0348681 0.103685
30 0.68641 0.776077 0.0192222 0.128045
25 0.150872 0.589944 0.0406795 0.0830731
28 0.565266 0.146471 0.0460438 0.0918176
25 0.89316 0.390693 0.0581135 0.08807
28 0.626956 0.141474 0.0514081 0.105559
20 0.579124 0.810119 0.0281627 0.106184
25 0.199598 0.597439 0.0469379 0.0980637
12 0.651319 0.76421 0.0295038 0.0980637
18 0.241395 0.845721 0.0473849 0.0649594
25 0.650425 0.405059 0.0518552 0.0630856
25 0.830577 0.385384 0.0518552 0.0949407
25 0.301743 0.374141 0.0464908 0.101187
28 0.740501 0.155528 0.0505141 0.0811993
25 0.358292 0.379138 0.0505141 0.0986883
34 0.109298 0.141162 0.0558784 0.107433
20 0.549173 0.787945 0.0210103 0.0818239
28 0.685963 0.143036 0.04962 0.106184
25 0.716138 0.392879 0.0616898 0.07995
21 0.488154 0.803248 0.0366562 0.0986883
8 0.809343 0.143973 0.0737595 0.101811
28 0.510505 0.138976 0.0482789 0.10431
21 0.44211 0.790756 0.0259276 0.107433
18 0.19021 0.831355 0.0442557 0.0999375
34 0.0540903 0.143973 0.0447027 0.106808
34 0.276486 0.139288 0.0505141 0.114928
8 0.891819 0.132105 0.0706303 0.123048
34 0.170317 0.134916 0.0482789 0.117427
18 0.0945463 0.823235 0.0531962 0.107433
34 0.223737 0.13554 0.0478319 0.119925
