17 0.423455 0.574016 0.0358174 0.0562149
20 0.546794 0.722986 0.0583478 0.0705809
35 0.380127 0.241724 0.0924321 0.0861961
31 0.521953 0.575265 0.0294627 0.051218
17 0.507799 0.573704 0.034662 0.0455965
23 0.355864 0.722986 0.0358174 0.0780762
9 0.623917 0.423173 0.0496823 0.0618364
13 0.374061 0.415365 0.103408 0.0749532
16 0.421722 0.574329 0.0358174 0.0555903
19 0.355575 0.722986 0.0329289 0.0730793
32 0.377527 0.569956 0.0387059 0.0755778
10 0.800693 0.426296 0.0543039 0.0480949
28 0.559503 0.240787 0.0271519 0.08807
26 0.400635 0.419113 0.0514154 0.0737039
22 0.355575 0.724235 0.0352397 0.076827
27 0.624206 0.42411 0.0514154 0.0599625
9 0.803004 0.426296 0.0543039 0.0505934
4 0.508377 0.571205 0.0358174 0.0468457
8 0.461872 0.355715 0.0745234 0.0493442
24 0.679954 0.421924 0.0508377 0.0505934
9 0.853264 0.417552 0.0543039 0.0730793
28 0.495667 0.242349 0.0323512 0.0811993
35 0.493645 0.243285 0.0317735 0.0793254
23 0.299538 0.727983 0.0421722 0.0718301
19 0.300116 0.728295 0.0433276 0.0762024
31 0.54535 0.578076 0.028885 0.0605871
9 0.913345 0.412867 0.0612363 0.0724547
30 0.67331 0.703623 0.0190641 0.0993129
13 0.401213 0.419113 0.0514154 0.0762024
14 0.454073 0.424422 0.0450607 0.0680825
17 0.467938 0.56777 0.0427499 0.0487196
28 0.604564 0.238289 0.0491046 0.0930668
33 0.785673 0.722049 0.0277296 0.0774516
7 0.174466 0.553404 0.0404391 0.0612117
28 0.530618 0.242973 0.0363951 0.0836977
24 0.740612 0.422548 0.0519931 0.054341
3 0.867418 0.571518 0.10803 0.0737039
26 0.506066 0.425671 0.0473715 0.0568395
13 0.347198 0.415678 0.0439053 0.0755778
11 0.323512 0.574641 0.0439053 0.0549656
5 0.728192 0.717676 0.0225303 0.0787008
6 0.221259 0.565272 0.0392837 0.0712055
23 0.399769 0.725796 0.0427499 0.0762024
28 0.657423 0.244847 0.0404391 0.07995
11 0.27123 0.578701 0.044483 0.0530918
28 0.709994 0.242036 0.0415945 0.0843223
28 0.762854 0.245472 0.0514154 0.07995
20 0.561814 0.721736 0.0259965 0.0743285
12 0.616696 0.718613 0.0306181 0.0780762
2 0.745523 0.563086 0.111496 0.0755778
36 0.240324 0.414741 0.0531485 0.0787008
26 0.562969 0.422548 0.0537262 0.0705809
29 0.177643 0.404435 0.0456384 0.0705809
35 0.351242 0.24391 0.0404391 0.0868207
7 0.121606 0.570581 0.044483 0.0718301
20 0.532929 0.721112 0.0248411 0.0693317
29 0.118429 0.414741 0.0508377 0.0674578
36 0.297516 0.416302 0.0473715 0.0755778
8 0.901502 0.233604 0.0514154 0.0861961
1 0.584922 0.57589 0.0479492 0.0649594
1 0.633738 0.576202 0.0439053 0.0580887
35 0.453206 0.244535 0.044483 0.0843223
18 0.16089 0.730169 0.0421722 0.0824485
34 0.209994 0.236415 0.0456384 0.0980637
34 0.109474 0.232667 0.0421722 0.0955653
35 0.402946 0.238913 0.0433276 0.0855715
21 0.475737 0.723923 0.0294627 0.0749532
18 0.113518 0.730169 0.0467938 0.07995
8 0.838244 0.234229 0.0670133 0.0961899
34 0.259676 0.239225 0.0433276 0.0924422
18 0.208839 0.729544 0.0421722 0.0787008
18 0.255344 0.725796 0.0439053 0.0762024
34 0.159734 0.235478 0.044483 0.0936914
34 0.307626 0.241412 0.0433276 0.0943161
21 0.44223 0.725172 0.0306181 0.0811993
