28 0.8 0.176294 0.0334928 0.0409146
13 0.404067 0.355596 0.0502392 0.0505415
17 0.503828 0.597172 0.0325359 0.0403129
28 0.716268 0.738869 0.0181818 0.0962696
26 0.400478 0.413057 0.0430622 0.0655836
6 0.337081 0.538508 0.0492823 0.0493381
34 0.315789 0.187726 0.0363636 0.0469314
25 0.119856 0.175692 0.0511962 0.055355
20 0.437799 0.620036 0.0650718 0.0354994
23 0.350718 0.61432 0.0564593 0.064982
14 0.349522 0.391396 0.037799 0.0703971
16 0.292584 0.568291 0.0444976 0.0391095
28 0.649282 0.184717 0.0200957 0.0758123
28 0.471053 0.122142 0.0425837 0.0373045
8 0.718182 0.141697 0.0507177 0.0463297
9 0.822249 0.385981 0.0492823 0.0812274
31 0.488517 0.56077 0.030622 0.0348977
34 0.456938 0.772563 0.0430622 0.119134
25 0.460766 0.209988 0.0526316 0.0601685
28 0.720335 0.139892 0.0550239 0.043923
18 0.708373 0.601685 0.038756 0.0734055
12 0.602632 0.759627 0.0272727 0.0872443
16 0.243301 0.59657 0.0320574 0.05716
7 0.206459 0.514741 0.0444976 0.043923
2 0.788278 0.591155 0.0435407 0.076414
9 0.656459 0.390193 0.0354067 0.0523466
6 0.145455 0.52497 0.0401914 0.0487365
18 0.157656 0.795427 0.0952153 0.0842359
24 0.866029 0.812274 0.0258373 0.0902527
36 0.199761 0.362214 0.038756 0.0529483
26 0.349761 0.388387 0.0440191 0.0679904
35 0.487081 0.177497 0.0296651 0.055355
11 0.333493 0.537004 0.0478469 0.0451264
34 0.602392 0.768351 0.0277512 0.0914561
7 0.139234 0.579122 0.0411483 0.0511432
35 0.26244 0.129663 0.037799 0.0391095
25 0.113397 0.2142 0.0574163 0.0373045
17 0.438756 0.573105 0.0516746 0.0391095
35 0.314115 0.173887 0.0291866 0.0433213
9 0.541148 0.402527 0.0909091 0.0685921
8 0.806459 0.222623 0.0617225 0.0373045
28 0.162679 0.18923 0.0258373 0.0920578
9 0.885646 0.388387 0.0526316 0.0812274
28 0.688995 0.211492 0.0430622 0.0631769
3 0.902153 0.592058 0.0521531 0.0758123
36 0.107895 0.317389 0.0636364 0.0487365
28 0.749282 0.204874 0.0421053 0.0740072
30 0.62823 0.373947 0.0220096 0.126955
14 0.310526 0.399218 0.0392344 0.0607702
34 0.700478 0.400421 0.0373206 0.0836342
25 0.686842 0.827016 0.110526 0.0499398
34 0.322249 0.216306 0.0435407 0.0403129
28 0.386603 0.136582 0.0564593 0.0409146
26 0.566746 0.214801 0.0492823 0.055355
13 0.207895 0.185319 0.0550239 0.0974729
36 0.187321 0.727738 0.0483254 0.0643803
29 0.0552632 0.396811 0.037799 0.05716
34 0.0552632 0.182912 0.0416268 0.0842359
25 0.213397 0.424188 0.077512 0.0433213
25 0.108612 0.393502 0.0545455 0.055355
5 0.780383 0.798736 0.0239234 0.0944645
28 0.454785 0.772864 0.0425837 0.124549
6 0.191388 0.579723 0.0411483 0.0716005
36 0.245215 0.373045 0.0425837 0.0697954
30 0.716986 0.736462 0.0177033 0.120337
23 0.364833 0.772864 0.0464115 0.0920578
25 0.458134 0.390493 0.0444976 0.102286
21 0.412201 0.782792 0.0272727 0.109507
25 0.829426 0.727738 0.115311 0.0595668
12 0.523206 0.792419 0.0311005 0.0974729
7 0.0899522 0.564079 0.0411483 0.0631769
18 0.133493 0.787004 0.0440191 0.0998797
18 0.757177 0.405535 0.0492823 0.0661853
34 0.121292 0.163658 0.0425837 0.0529483
24 0.913876 0.812575 0.0717703 0.0956679
25 0.617464 0.199158 0.0483254 0.0914561
8 0.866507 0.195548 0.061244 0.0998797
18 0.183493 0.803851 0.0464115 0.0746089
21 0.287799 0.788809 0.0263158 0.0950662
18 0.238278 0.805054 0.04689 0.0854392
12 0.638038 0.744585 0.0272727 0.0872443
34 0.267464 0.196149 0.0507177 0.078219
21 0.517943 0.198255 0.0263158 0.0884477
18 0.0782297 0.793923 0.0521531 0.0956679
