12 0.7001 0.777709 0.0578842 0.0997537
27 0.5998 0.400862 0.0299401 0.0578818
2 0.878992 0.804187 0.0494012 0.044335
35 0.466317 0.193658 0.0224551 0.0597291
25 0.326597 0.598214 0.0384232 0.0486453
3 0.845559 0.600677 0.0583832 0.0511084
6 0.16991 0.568658 0.0294411 0.0683498
20 0.564122 0.741071 0.0304391 0.057266
6 0.13997 0.54064 0.0234531 0.0455665
2 0.845808 0.600369 0.0548902 0.0517241
36 0.202345 0.38947 0.0394212 0.0708128
16 0.326846 0.597906 0.0389222 0.0492611
22 0.281188 0.800801 0.0643713 0.105296
11 0.287924 0.558805 0.0399202 0.033867
14 0.395958 0.396552 0.0234531 0.0788177
13 0.314371 0.390086 0.0269461 0.0868227
28 0.65519 0.213054 0.0419162 0.0394089
25 0.16492 0.371305 0.0264471 0.0948276
28 0.74501 0.196121 0.0209581 0.0720443
25 0.278693 0.606527 0.0394212 0.0492611
3 0.908433 0.593904 0.0533932 0.0523399
35 0.402695 0.196429 0.0309381 0.0726601
9 0.892715 0.387007 0.0518962 0.0634236
18 0.133483 0.726909 0.0623753 0.0855911
25 0.478792 0.39686 0.0234531 0.0634236
5 0.712824 0.768781 0.0234531 0.0991379
7 0.0935629 0.607143 0.0763473 0.0541872
5 0.733782 0.764778 0.0164671 0.0935961
14 0.420659 0.39532 0.0279441 0.0714286
19 0.281687 0.803571 0.0643713 0.108374
35 0.388224 0.195197 0.0369261 0.070197
6 0.0990519 0.606835 0.0773453 0.0523399
9 0.838573 0.379926 0.0414172 0.0591133
28 0.905439 0.592365 0.0503992 0.0578818
23 0.400699 0.801108 0.0499002 0.107143
29 0.0760978 0.398707 0.0334331 0.0523399
26 0.562874 0.401478 0.0309381 0.0554187
29 0.10978 0.386392 0.0319361 0.0818966
33 0.895709 0.758005 0.0239521 0.0763547
25 0.450599 0.384852 0.0229541 0.0849754
25 0.35504 0.383621 0.0434132 0.0985222
25 0.152196 0.374076 0.0419162 0.100369
12 0.657186 0.737377 0.0219561 0.080665
28 0.605539 0.1875 0.0444112 0.0917488
35 0.44012 0.200123 0.0339321 0.0591133
12 0.711826 0.773399 0.0234531 0.0997537
23 0.342814 0.789717 0.0499002 0.105296
26 0.516467 0.399938 0.0449102 0.0671182
21 0.521707 0.75585 0.0214571 0.0683498
28 0.709581 0.19335 0.0399202 0.070197
21 0.463323 0.759236 0.0284431 0.0935961
20 0.623503 0.763547 0.0264471 0.0825123
20 0.591816 0.741687 0.0239521 0.0794335
35 0.502245 0.196736 0.0434132 0.0720443
18 0.131737 0.815887 0.0608782 0.0628079
35 0.335579 0.191502 0.0424152 0.0849754
20 0.567365 0.802032 0.0658683 0.0474138
28 0.776946 0.194581 0.0389222 0.0825123
12 0.679142 0.774631 0.0309381 0.110837
21 0.438623 0.542488 0.0219561 0.0591133
28 0.560379 0.193966 0.0359281 0.0751232
8 0.840569 0.189039 0.0613772 0.0825123
21 0.381238 0.531404 0.0199601 0.067734
25 0.71008 0.405172 0.0489022 0.0480296
34 0.238273 0.184421 0.0384232 0.0892857
34 0.285928 0.185653 0.0439122 0.0942118
34 0.197355 0.176724 0.0304391 0.107143
21 0.498004 0.770936 0.0249501 0.0997537
18 0.209331 0.810345 0.0653693 0.0960591
34 0.155689 0.180111 0.0439122 0.0917488
34 0.102046 0.176416 0.0464072 0.101601
18 0.0686128 0.816502 0.0523952 0.0948276
8 0.901447 0.183498 0.0553892 0.0972906
