34 0.319561 0.14366 0.0198745 0.0762024
32 0.343881 0.485634 0.0392259 0.054341
7 0.167103 0.480325 0.0256276 0.0487196
34 0.26046 0.142099 0.0889121 0.0893192
14 0.449268 0.29544 0.0230126 0.0424735
2 0.656119 0.472205 0.0183054 0.0737039
7 0.162134 0.467833 0.0271967 0.0549656
25 0.529812 0.335728 0.0481172 0.0306059
20 0.501569 0.653654 0.0564854 0.0855715
13 0.3716 0.297939 0.0392259 0.0324797
21 0.458159 0.620237 0.0188285 0.0774516
28 0.542887 0.144285 0.0251046 0.0662086
31 0.477249 0.481574 0.0266736 0.0424735
25 0.584728 0.328232 0.040795 0.0393504
34 0.175994 0.135228 0.0507322 0.08807
16 0.344404 0.485946 0.0360879 0.0562149
35 0.41318 0.128045 0.0324268 0.0412242
16 0.384414 0.484072 0.0292887 0.0487196
2 0.69796 0.469394 0.0371339 0.0618364
10 0.73614 0.334166 0.0486402 0.0462211
26 0.52955 0.338226 0.0517782 0.0268582
1 0.631015 0.489069 0.0308577 0.0412242
2 0.738232 0.461587 0.0319038 0.0587133
4 0.479603 0.481886 0.0261506 0.0418488
6 0.210774 0.441599 0.039749 0.0324797
13 0.370293 0.339788 0.0512552 0.0462211
23 0.372385 0.618363 0.0292887 0.0674578
28 0.572176 0.144909 0.0324268 0.0562149
25 0.411349 0.166771 0.0538703 0.0437227
9 0.735879 0.332292 0.0481172 0.0487196
13 0.317992 0.315116 0.0345188 0.0630856
19 0.283734 0.658339 0.0465481 0.0861961
25 0.163441 0.130231 0.0371339 0.0993129
26 0.544456 0.279513 0.0355649 0.0443473
35 0.349111 0.156152 0.0350418 0.0637102
26 0.367416 0.341037 0.0528243 0.0437227
26 0.512029 0.296377 0.0251046 0.0418488
17 0.453713 0.452842 0.0256276 0.0487196
13 0.272751 0.320737 0.04341 0.0730793
25 0.608264 0.165209 0.0470711 0.0505934
7 0.128138 0.484385 0.039749 0.054341
5 0.672071 0.656152 0.0209205 0.101811
26 0.473326 0.333854 0.0460251 0.0505934
23 0.336036 0.652717 0.04341 0.0899438
28 0.514121 0.153966 0.0355649 0.0693317
33 0.739017 0.657089 0.0240586 0.0986883
1 0.554655 0.459713 0.0392259 0.0487196
3 0.806747 0.483136 0.0601464 0.0743285
31 0.51046 0.473142 0.0282427 0.0518426
25 0.832374 0.333229 0.0580544 0.0455965
20 0.518567 0.652717 0.0245816 0.091193
11 0.308316 0.434104 0.0350418 0.0412242
25 0.207113 0.324485 0.0439331 0.0693317
25 0.701883 0.157714 0.0481172 0.0643348
30 0.627615 0.63273 0.0198745 0.119925
11 0.257845 0.466896 0.0366109 0.0455965
35 0.470973 0.153342 0.0339958 0.0755778
11 0.302824 0.478451 0.0366109 0.0437227
28 0.63023 0.108057 0.0606695 0.0362274
29 0.164487 0.316677 0.0298117 0.0662086
29 0.118724 0.321049 0.0502092 0.0637102
28 0.654289 0.157714 0.0313808 0.0618364
34 0.286872 0.140225 0.041318 0.0943161
1 0.591789 0.486259 0.0381799 0.0568395
25 0.682008 0.330106 0.0533473 0.054341
34 0.198745 0.138039 0.0292887 0.0874453
21 0.435146 0.630856 0.0230126 0.0849469
25 0.236925 0.133666 0.0449791 0.0936914
20 0.488494 0.650219 0.0251046 0.0874453
21 0.402458 0.64772 0.0245816 0.091193
8 0.755492 0.148657 0.0444561 0.0774516
25 0.203975 0.490319 0.040795 0.0599625
34 0.0928347 0.130543 0.0266736 0.091193
36 0.271705 0.315428 0.0455021 0.0749532
18 0.176255 0.663648 0.0470711 0.0918176
34 0.123692 0.132417 0.0329498 0.091193
12 0.580282 0.620237 0.0266736 0.0849469
25 0.8159 0.152717 0.0585774 0.0705809
18 0.23091 0.669582 0.0455021 0.0787008
18 0.116632 0.678014 0.0585774 0.0905684
