19 0.287615 0.77432 0.0412844 0.0767372
16 0.342661 0.582779 0.0293578 0.0344411
28 0.561239 0.197885 0.0353211 0.0900302
4 0.329128 0.727795 0.0325688 0.0610272
11 0.186468 0.520242 0.0417431 0.0459214
35 0.355275 0.210272 0.0362385 0.0410876
2 0.737156 0.593958 0.046789 0.0870091
32 0.30711 0.602115 0.0380734 0.0574018
31 0.461697 0.556798 0.0288991 0.0332326
28 0.548165 0.197885 0.0889908 0.0803625
7 0.181651 0.522054 0.0440367 0.0435045
13 0.377294 0.412387 0.0444954 0.065861
23 0.28555 0.773716 0.0389908 0.0755287
4 0.344266 0.581873 0.0298165 0.0338369
16 0.307798 0.602719 0.0366972 0.0598187
16 0.329817 0.727795 0.0321101 0.0610272
16 0.26078 0.570695 0.0380734 0.0441088
9 0.588073 0.410272 0.0495413 0.0567976
24 0.643807 0.41571 0.05 0.0495468
11 0.212615 0.580665 0.0307339 0.0459214
28 0.727064 0.200302 0.0247706 0.081571
1 0.675229 0.575529 0.040367 0.0380665
29 0.189679 0.323867 0.0472477 0.0555891
28 0.788073 0.158006 0.0376147 0.0537764
1 0.58922 0.568278 0.0380734 0.0513595
29 0.283945 0.318127 0.0357798 0.0731118
35 0.300917 0.162538 0.0302752 0.0483384
14 0.376147 0.408761 0.0431193 0.065861
20 0.535092 0.796979 0.0380734 0.103927
8 0.702294 0.138973 0.0587156 0.0543807
6 0.125688 0.533837 0.040367 0.0441088
21 0.330505 0.729909 0.0325688 0.0519637
6 0.21055 0.58006 0.0284404 0.0459214
4 0.50344 0.60423 0.0417431 0.0519637
13 0.425917 0.402417 0.0399083 0.0821752
2 0.768578 0.59426 0.0949541 0.0839879
8 0.832569 0.197885 0.0311927 0.081571
26 0.426376 0.401511 0.0408257 0.0731118
27 0.588073 0.410876 0.0541284 0.0567976
9 0.759174 0.400604 0.0458716 0.0519637
34 0.311239 0.208459 0.05 0.0471299
7 0.113073 0.592749 0.0463303 0.0531722
10 0.758716 0.398489 0.046789 0.0537764
28 0.580275 0.198489 0.0376147 0.0876133
23 0.330275 0.785801 0.040367 0.052568
13 0.327064 0.402115 0.0495413 0.0912387
35 0.247018 0.106344 0.0408257 0.0483384
11 0.302523 0.539275 0.0481651 0.0429003
7 0.0740826 0.564653 0.0353211 0.0610272
35 0.4 0.188218 0.046789 0.081571
5 0.776605 0.797583 0.0229358 0.111178
28 0.741514 0.2 0.0454128 0.0797583
13 0.372706 0.326284 0.0463303 0.0749245
36 0.212385 0.399396 0.0486239 0.0954683
36 0.0864679 0.316314 0.0490826 0.0429003
30 0.715367 0.777341 0.0233945 0.148036
9 0.81422 0.387915 0.0513761 0.089426
13 0.269495 0.400604 0.0472477 0.0821752
20 0.564908 0.800906 0.0288991 0.102115
26 0.530046 0.407553 0.0509174 0.0743202
8 0.794495 0.216012 0.0550459 0.0489426
9 0.879358 0.399698 0.0541284 0.0900302
28 0.520413 0.193353 0.0389908 0.089426
28 0.686927 0.210574 0.0472477 0.0586103
3 0.868349 0.59426 0.0807339 0.081571
24 0.704358 0.399094 0.0555046 0.0755287
6 0.166743 0.585801 0.0353211 0.0694864
35 0.473624 0.2 0.0389908 0.0712991
26 0.475688 0.398489 0.0449541 0.0791541
18 0.200688 0.785498 0.0399083 0.0664653
36 0.163991 0.398792 0.0417431 0.0870091
29 0.0598624 0.398792 0.0481651 0.0725076
28 0.630046 0.200604 0.043578 0.0773414
29 0.116055 0.389124 0.046789 0.0845921
34 0.252064 0.187613 0.0527523 0.094864
12 0.530734 0.797583 0.0321101 0.102719
33 0.851147 0.808157 0.0243119 0.10574
18 0.156881 0.783988 0.0422018 0.0731118
34 0.197936 0.176435 0.043578 0.116012
18 0.111697 0.785498 0.0362385 0.0700906
21 0.379817 0.756495 0.0330275 0.0833837
8 0.876606 0.19426 0.0550459 0.0936556
12 0.637156 0.753172 0.0302752 0.0984894
18 0.0692661 0.783384 0.0412844 0.081571
28 0.395413 0.102719 0.093578 0.058006
21 0.41422 0.755589 0.0275229 0.0900302
34 0.147477 0.175529 0.0463303 0.116616
21 0.483257 0.767069 0.0334862 0.0888218
34 0.046789 0.177946 0.0422018 0.100906
21 0.447706 0.767069 0.0302752 0.0924471
34 0.096789 0.178248 0.046789 0.111178
