35 0.584719 0.206697 0.0981233 0.0866051
16 0.470777 0.584584 0.0300268 0.0363741
30 0.713405 0.748268 0.0209115 0.112009
17 0.527078 0.601039 0.033244 0.0404157
28 0.798928 0.204099 0.0182306 0.0837182
5 0.86193 0.775404 0.0230563 0.0681293
11 0.250402 0.597864 0.0343164 0.0340647
20 0.618231 0.745958 0.0579088 0.0612009
28 0.745308 0.21045 0.0857909 0.080254
22 0.282306 0.78724 0.0530831 0.0883372
14 0.545308 0.413106 0.0482574 0.0767898
2 0.908847 0.814954 0.0257373 0.0536951
25 0.112064 0.63366 0.104021 0.0306005
2 0.865147 0.608256 0.0284182 0.0583141
11 0.280965 0.613164 0.0257373 0.0473441
14 0.458445 0.414838 0.0364611 0.0790993
33 0.911796 0.814376 0.0252011 0.0571594
5 0.820107 0.774249 0.0327078 0.0577367
34 0.27185 0.20843 0.0975871 0.0946882
27 0.670777 0.422921 0.0439678 0.0617783
5 0.780697 0.793591 0.0353887 0.0490762
18 0.280697 0.788972 0.0530831 0.0952656
19 0.282038 0.789261 0.0525469 0.0889146
25 0.319035 0.61634 0.0386059 0.0490762
9 0.670777 0.420612 0.0418231 0.0617783
18 0.136461 0.717667 0.0691689 0.0704388
7 0.0739946 0.589203 0.0375335 0.0433025
20 0.616086 0.805716 0.0568365 0.0490762
2 0.838874 0.609411 0.058445 0.0571594
6 0.221716 0.631062 0.0788204 0.0334873
14 0.498391 0.425231 0.0348525 0.062933
9 0.836461 0.426963 0.0450402 0.0479215
30 0.70563 0.759238 0.0182306 0.114319
28 0.708311 0.222575 0.0439678 0.0583141
33 0.863003 0.775404 0.0209115 0.0762125
10 0.835925 0.427252 0.0482574 0.0450346
30 0.725469 0.737587 0.0160858 0.107968
11 0.201609 0.586894 0.0428954 0.0409931
23 0.415818 0.782333 0.0605898 0.0796767
9 0.897051 0.410797 0.0461126 0.0790993
20 0.604826 0.747402 0.0203753 0.0617783
24 0.72252 0.430427 0.0466488 0.0479215
20 0.632172 0.742206 0.0257373 0.0606236
35 0.418499 0.215935 0.0498659 0.0842956
26 0.613673 0.417436 0.0530831 0.0750577
13 0.337534 0.410797 0.0541555 0.0871824
26 0.548257 0.417725 0.0466488 0.080254
35 0.461394 0.207564 0.0252011 0.0871824
13 0.396783 0.412818 0.0568365 0.0866051
3 0.921716 0.606813 0.0718499 0.0623557
21 0.503217 0.557159 0.0273458 0.056582
23 0.482842 0.780312 0.0477212 0.0825635
20 0.670777 0.770497 0.0268097 0.0825635
9 0.949866 0.405023 0.0498659 0.0871824
34 0.196247 0.195439 0.0353887 0.11836
24 0.779088 0.427252 0.0514745 0.0496536
21 0.40134 0.555139 0.0252011 0.0617783
35 0.499464 0.211605 0.0466488 0.0756351
36 0.210724 0.414261 0.0493298 0.0860277
28 0.827882 0.202656 0.0439678 0.091224
28 0.766488 0.204677 0.0412869 0.0894919
21 0.561662 0.773383 0.0294906 0.0733256
35 0.357641 0.215069 0.0514745 0.0871824
18 0.217158 0.790993 0.0654155 0.0762125
36 0.268633 0.413684 0.0589812 0.0860277
29 0.077748 0.417148 0.0546917 0.0756351
28 0.613673 0.20179 0.0380697 0.0952656
28 0.659517 0.199192 0.0461126 0.10739
18 0.086059 0.80052 0.063807 0.0698614
29 0.142091 0.411663 0.0514745 0.0866051
34 0.24504 0.20612 0.0428954 0.0981524
21 0.530831 0.767321 0.0246649 0.0785219
35 0.556568 0.209007 0.0504021 0.0854503
34 0.149598 0.204965 0.0525469 0.0969977
34 0.0882038 0.200924 0.0530831 0.1097
8 0.89008 0.199769 0.0621984 0.0946882
34 0.300268 0.207564 0.0525469 0.0975751
8 0.953083 0.190531 0.0563003 0.1097
