17 0.510332 0.556738 0.0418706 0.035461
22 0.38907 0.781109 0.0483959 0.0844616
16 0.37901 0.614442 0.0467645 0.0902643
7 0.202828 0.617021 0.091354 0.0992908
32 0.435291 0.613475 0.0364328 0.0728562
1 0.719957 0.633462 0.033714 0.0496454
24 0.693312 0.419084 0.0435019 0.073501
9 0.646275 0.413604 0.0451332 0.0780142
16 0.531811 0.617344 0.0369766 0.0793037
36 0.370854 0.414571 0.0532898 0.108317
20 0.646819 0.782721 0.0418706 0.0992908
21 0.520935 0.766925 0.0630778 0.0870406
19 0.388254 0.780787 0.0489396 0.0876854
4 0.435291 0.613153 0.040783 0.0786589
18 0.307504 0.787234 0.0940729 0.0851064
28 0.686514 0.221148 0.0364328 0.0902643
35 0.525557 0.216634 0.0212072 0.0992908
32 0.378738 0.615409 0.0473083 0.0921986
23 0.430669 0.780787 0.023926 0.0812379
23 0.387711 0.779819 0.0467645 0.0883301
3 0.777325 0.600258 0.0353453 0.12637
1 0.674008 0.566731 0.0462208 0.0361057
3 0.754758 0.604449 0.0228385 0.119278
19 0.333061 0.7853 0.0483959 0.0876854
30 0.756933 0.770471 0.021751 0.109607
4 0.532626 0.615087 0.0364328 0.073501
24 0.74932 0.418762 0.0522023 0.0780142
23 0.458129 0.772727 0.0320827 0.0857511
31 0.587548 0.613153 0.0320827 0.0786589
9 0.804513 0.407801 0.0483959 0.0805932
28 0.670745 0.22276 0.0364328 0.0896196
26 0.53453 0.421019 0.0467645 0.0863959
13 0.434475 0.410058 0.0543774 0.103159
35 0.453779 0.211476 0.0451332 0.113475
11 0.278684 0.610896 0.0429581 0.0793037
7 0.125612 0.58962 0.0424144 0.0754352
5 0.799347 0.786267 0.0228385 0.0921986
16 0.435291 0.617344 0.0375204 0.0728562
1 0.626971 0.618955 0.0424144 0.0747905
9 0.912452 0.406512 0.0619902 0.115409
14 0.484774 0.413282 0.0386079 0.0915538
35 0.498097 0.212444 0.0304513 0.110251
26 0.587819 0.411348 0.0445895 0.0902643
29 0.180805 0.421019 0.0538336 0.0902643
7 0.172104 0.604449 0.0440457 0.0883301
13 0.370582 0.41167 0.0560087 0.107672
20 0.607395 0.790458 0.0250136 0.0876854
1 0.674551 0.618311 0.0429581 0.0747905
6 0.223491 0.620245 0.0522023 0.103159
17 0.486949 0.613475 0.040783 0.0805932
11 0.326264 0.613798 0.0402393 0.070922
36 0.243067 0.418762 0.0511147 0.111541
28 0.622621 0.214378 0.0522023 0.105093
12 0.653072 0.785622 0.0293638 0.0973565
35 0.39342 0.210509 0.0538336 0.124436
20 0.577216 0.79755 0.0277325 0.0902643
28 0.78385 0.218246 0.0483959 0.0973565
8 0.899674 0.200516 0.0451332 0.109607
33 0.874932 0.793682 0.023926 0.0889749
28 0.562262 0.218569 0.0445895 0.0928433
36 0.305601 0.425532 0.05764 0.125081
18 0.179173 0.786589 0.0451332 0.0838169
28 0.729201 0.218569 0.0467645 0.0915538
29 0.113649 0.422308 0.0598151 0.104449
34 0.129418 0.196647 0.0630778 0.137975
8 0.846656 0.214055 0.0565525 0.0954223
18 0.125884 0.784655 0.0462208 0.0876854
34 0.0693312 0.191489 0.0483959 0.140554
18 0.229473 0.786267 0.0445895 0.0883301
18 0.280044 0.7853 0.0445895 0.0876854
21 0.539424 0.76628 0.0293638 0.0909091
34 0.328167 0.205674 0.0614464 0.12766
21 0.503263 0.767569 0.0309951 0.0857511
34 0.200653 0.193746 0.0565525 0.133462
34 0.262099 0.199871 0.0587276 0.132818
2 0.901577 0.611219 0.117455 0.134107
