1 0.634684 0.535915 0.0410127 0.0362274
19 0.10962 0.642099 0.0450633 0.0749532
21 0.485063 0.668332 0.0516456 0.0924422
23 0.40557 0.645534 0.044557 0.0643348
35 0.35519 0.193629 0.0774684 0.0262336
20 0.52076 0.538413 0.0329114 0.0474703
28 0.68557 0.724235 0.0405063 0.0530918
35 0.492911 0.173329 0.0440506 0.0580887
29 0.152658 0.319488 0.0551899 0.0343535
21 0.512911 0.666771 0.0658228 0.0855715
2 0.765063 0.532792 0.0546835 0.0412242
25 0.185063 0.165209 0.0389873 0.0755778
36 0.682278 0.471893 0.0197468 0.0668332
14 0.453418 0.346971 0.0329114 0.0580887
8 0.902785 0.16802 0.0526582 0.0737039
35 0.333165 0.176765 0.041519 0.039975
32 0.338987 0.507183 0.0359494 0.0562149
34 0.294937 0.482823 0.04 0.0337289
7 0.175696 0.4797 0.0273418 0.0374766
12 0.186329 0.166458 0.0283544 0.0718301
34 0.212911 0.493754 0.036962 0.0468457
6 0.17519 0.478139 0.0273418 0.0393504
18 0.110886 0.639913 0.0425316 0.0743285
16 0.499494 0.352592 0.0420253 0.0530918
35 0.451139 0.166146 0.0253165 0.0474703
26 0.354937 0.352904 0.0324051 0.051218
25 0.683038 0.722673 0.0425316 0.0412242
36 0.222278 0.312929 0.044557 0.0374766
9 0.889367 0.346034 0.0420253 0.0574641
29 0.173671 0.312305 0.041519 0.0337289
28 0.561013 0.181449 0.0374684 0.0455965
26 0.573418 0.29263 0.04 0.0443473
11 0.145063 0.531231 0.043038 0.0493442
2 0.863797 0.732042 0.0597468 0.0637102
6 0.209873 0.492192 0.0359494 0.0499688
29 0.283797 0.170831 0.0450633 0.0630856
35 0.372152 0.160837 0.038481 0.0356027
25 0.301519 0.346658 0.0420253 0.0599625
9 0.71519 0.356652 0.0470886 0.039975
1 0.592405 0.51218 0.0425316 0.0424735
21 0.411646 0.339788 0.0263291 0.0787008
25 0.225063 0.357901 0.0663291 0.0374766
25 0.191139 0.104934 0.0572152 0.0324797
30 0.633671 0.667708 0.0187342 0.103685
29 0.121013 0.313554 0.0334177 0.0462211
6 0.296203 0.482199 0.038481 0.0374766
20 0.531899 0.677389 0.0298734 0.0818239
8 0.862025 0.177077 0.0278481 0.0555903
35 0.408861 0.160212 0.0318987 0.0393504
34 0.10962 0.162711 0.0268354 0.0755778
28 0.605316 0.171768 0.0359494 0.0674578
3 0.867342 0.526234 0.0627848 0.054341
20 0.59038 0.724547 0.0486076 0.0537164
26 0.543797 0.346971 0.0334177 0.0618364
35 0.332152 0.153342 0.0364557 0.0480949
20 0.565063 0.656777 0.0243038 0.0693317
25 0.220759 0.166458 0.035443 0.0755778
36 0.646835 0.465022 0.036962 0.0705809
25 0.595443 0.355091 0.0425316 0.054341
12 0.653671 0.666146 0.0192405 0.0793254
34 0.139494 0.361337 0.0926582 0.0318551
28 0.701013 0.171768 0.0389873 0.0637102
34 0.254937 0.651156 0.0389873 0.0730793
23 0.402278 0.717676 0.0511392 0.0587133
33 0.80557 0.677077 0.0202532 0.0886946
25 0.902278 0.16802 0.0506329 0.0762024
28 0.750886 0.176765 0.0435443 0.062461
34 0.137722 0.161462 0.0273418 0.0780762
18 0.246835 0.727046 0.0450633 0.0637102
18 0.189114 0.707995 0.0420253 0.065584
25 0.766329 0.357277 0.0541772 0.039975
21 0.421266 0.485946 0.0283544 0.0549656
18 0.0853165 0.524672 0.0541772 0.0587133
21 0.370633 0.482511 0.0192405 0.0668332
28 0.741772 0.703623 0.0496203 0.106808
28 0.649367 0.173017 0.04 0.0637102
21 0.681266 0.472205 0.0187342 0.062461
18 0.296962 0.699875 0.0410127 0.0918176
21 0.454937 0.686446 0.0237975 0.0861961
21 0.496203 0.664897 0.0283544 0.0743285
8 0.813165 0.160525 0.0617722 0.0874453
18 0.114177 0.71143 0.0481013 0.0524672
