36 0.236242 0.415159 0.09217 0.0817218
3 0.739597 0.583593 0.0456376 0.0867124
13 0.33311 0.38927 0.0308725 0.0786026
13 0.21566 0.414535 0.0402685 0.0892077
0 0.631767 0.595758 0.0331096 0.0499064
28 0.534004 0.228946 0.0317673 0.0848409
15 0.577181 0.408609 0.0572707 0.066126
27 0.52349 0.391765 0.0348993 0.0648784
11 0.227293 0.576731 0.0796421 0.0617592
16 0.446309 0.595758 0.033557 0.0636307
17 0.42349 0.531815 0.0425056 0.0393013
21 0.47047 0.751092 0.0317673 0.0948222
32 0.288143 0.584841 0.0286353 0.0754835
4 0.352573 0.59451 0.0348993 0.062383
19 0.23557 0.727698 0.0344519 0.0817218
18 0.236018 0.729258 0.0326622 0.0761073
16 0.287919 0.584529 0.0299776 0.0748596
2 0.745861 0.584217 0.042953 0.0941984
35 0.414094 0.237991 0.0344519 0.0767311
10 0.708277 0.41048 0.055481 0.062383
17 0.351678 0.59607 0.0375839 0.0642545
16 0.353244 0.595446 0.0362416 0.0642545
34 0.639821 0.239863 0.0510067 0.0717405
14 0.361969 0.42015 0.0393736 0.0617592
13 0.298434 0.39582 0.0250559 0.0804741
31 0.489933 0.592015 0.0340045 0.0748596
4 0.446756 0.597318 0.0344519 0.0592639
9 0.709396 0.412352 0.0568233 0.0648784
24 0.5783 0.407361 0.0568233 0.0673737
5 0.711186 0.756706 0.0255034 0.0998129
11 0.204027 0.575172 0.0357942 0.0611354
26 0.414765 0.398004 0.0483221 0.0835933
28 0.513423 0.235808 0.0389262 0.0798503
33 0.793512 0.761385 0.0228188 0.0842171
35 0.353691 0.244853 0.0344519 0.0667498
8 0.736689 0.218653 0.039821 0.0829694
36 0.214094 0.414223 0.0416107 0.0910792
17 0.399105 0.591703 0.0456376 0.0642545
23 0.272483 0.72957 0.0357942 0.0854648
36 0.168456 0.413599 0.0380313 0.0910792
9 0.768233 0.399563 0.049217 0.0892077
26 0.466667 0.405802 0.0501119 0.0754835
3 0.682998 0.585153 0.064877 0.0898316
28 0.5783 0.238303 0.0487696 0.0711167
35 0.278747 0.245165 0.0384787 0.077355
13 0.261298 0.412352 0.0402685 0.0835933
28 0.695526 0.231441 0.0371365 0.073612
28 0.641611 0.237367 0.0510067 0.0704928
35 0.397539 0.237056 0.0434004 0.0810979
7 0.0856823 0.559264 0.0317673 0.0704928
11 0.247875 0.578603 0.0357942 0.0655022
23 0.326174 0.759825 0.0402685 0.0860886
1 0.538031 0.591703 0.0434004 0.0717405
7 0.121253 0.566438 0.0313199 0.0748596
34 0.229306 0.23612 0.0389262 0.0929507
24 0.642953 0.406737 0.0608501 0.066126
35 0.319239 0.236432 0.0326622 0.077355
20 0.505145 0.760137 0.0268456 0.0879601
29 0.126398 0.409233 0.0371365 0.0885839
1 0.585235 0.589832 0.0456376 0.0754835
30 0.661521 0.732065 0.0183445 0.122895
28 0.459508 0.237679 0.0465324 0.0810979
2 0.815213 0.583593 0.119911 0.0941984
12 0.55906 0.755459 0.0317673 0.0960699
20 0.472036 0.75889 0.0295302 0.0917031
34 0.0637584 0.227386 0.0371365 0.099189
6 0.161074 0.58796 0.0375839 0.0941984
29 0.0785235 0.414535 0.0425056 0.0829694
8 0.790604 0.212414 0.0527964 0.0979414
34 0.188591 0.229881 0.0344519 0.095446
21 0.428188 0.745477 0.0322148 0.0835933
21 0.391051 0.746725 0.0331096 0.0823456
34 0.103803 0.228946 0.0331096 0.101061
34 0.146085 0.225203 0.0425056 0.102308
18 0.201119 0.728946 0.033557 0.0804741
18 0.0888143 0.732065 0.0353468 0.0829694
18 0.128188 0.733624 0.0344519 0.0810979
18 0.165101 0.731441 0.0331096 0.0854648
