35 0.297854 0.127235 0.103004 0.11025
19 0.31824 0.797974 0.0424893 0.102503
28 0.528541 0.137664 0.0484979 0.0858165
16 0.337983 0.585221 0.0356223 0.0715137
32 0.51588 0.590882 0.032618 0.0697259
1 0.619957 0.59416 0.0957082 0.0655542
17 0.483047 0.589988 0.0287554 0.0727056
4 0.386052 0.603993 0.0390558 0.0625745
32 0.336695 0.584923 0.0356223 0.068534
16 0.514807 0.59267 0.0313305 0.068534
28 0.554077 0.132896 0.0987124 0.0953516
21 0.549785 0.799762 0.0257511 0.108462
11 0.268026 0.607271 0.0905579 0.0643623
10 0.788197 0.388558 0.0519313 0.0595948
31 0.558155 0.589392 0.0296137 0.067938
16 0.389914 0.606973 0.0373391 0.0637664
9 0.789056 0.387068 0.0519313 0.0578069
17 0.438841 0.606079 0.044206 0.0691299
35 0.48691 0.130215 0.0270386 0.0995232
26 0.525322 0.139154 0.0480687 0.0840286
24 0.657296 0.380513 0.0570815 0.0625745
26 0.488627 0.368892 0.0381974 0.0953516
13 0.314592 0.376341 0.0549356 0.0935638
13 0.36867 0.36919 0.0386266 0.0947557
7 0.128112 0.386472 0.051073 0.0721097
9 0.842918 0.369487 0.0497854 0.0882002
35 0.440558 0.13826 0.0424893 0.0882002
1 0.649356 0.597735 0.048927 0.067938
33 0.86073 0.794398 0.0253219 0.107271
26 0.539914 0.365316 0.0540773 0.0953516
23 0.36588 0.797378 0.0467811 0.0965435
5 0.797854 0.793206 0.023176 0.109654
9 0.899571 0.367104 0.0549356 0.0989273
3 0.878326 0.586412 0.114592 0.0893921
8 0.813305 0.135578 0.0652361 0.0947557
2 0.766738 0.579857 0.10515 0.090584
1 0.599142 0.593564 0.0446352 0.0738975
30 0.729614 0.77354 0.0240343 0.139452
6 0.196137 0.59118 0.0446352 0.102503
29 0.0650215 0.369487 0.0553648 0.101311
28 0.742704 0.146901 0.0459227 0.079261
28 0.690987 0.141836 0.0437768 0.0941597
24 0.723176 0.380215 0.0609442 0.0655542
35 0.384979 0.137068 0.0463519 0.0929678
11 0.293562 0.604291 0.0463519 0.0631704
11 0.248283 0.605483 0.0399142 0.0643623
8 0.882833 0.138856 0.0600858 0.0941597
7 0.141202 0.56317 0.0429185 0.090584
34 0.165451 0.121871 0.0364807 0.123361
7 0.0929185 0.560787 0.0424893 0.0846246
34 0.215236 0.115018 0.0467811 0.134684
35 0.327897 0.134982 0.048927 0.0995232
28 0.637983 0.131406 0.0450644 0.11025
36 0.246781 0.371871 0.0506438 0.102503
28 0.581974 0.127831 0.0515021 0.11621
20 0.584335 0.808701 0.0287554 0.100119
18 0.225536 0.804231 0.044206 0.103099
21 0.462876 0.79261 0.0244635 0.106079
20 0.550858 0.805125 0.0287554 0.106079
21 0.430687 0.80006 0.0313305 0.101907
12 0.653434 0.788439 0.0304721 0.109654
18 0.176395 0.804529 0.0446352 0.110846
36 0.19206 0.367998 0.051073 0.107867
34 0.0630901 0.120977 0.0497854 0.109654
18 0.130258 0.808403 0.0459227 0.115018
34 0.11824 0.120381 0.0493562 0.11919
21 0.494635 0.790226 0.0339056 0.103695
34 0.27103 0.115614 0.0493562 0.129917
18 0.0813305 0.811979 0.0484979 0.117402
