1 0.682106 0.584424 0.0320831 0.0485981
32 0.326254 0.580062 0.0388613 0.0660436
18 0.257569 0.762928 0.039765 0.0915888
35 0.415273 0.168536 0.0334388 0.0915888
2 0.682558 0.578193 0.0293719 0.0573209
4 0.366245 0.580997 0.0311794 0.0666667
14 0.422052 0.370405 0.0198825 0.0816199
23 0.300949 0.758879 0.0379575 0.0922118
25 0.155219 0.150156 0.0411207 0.123364
18 0.197695 0.767601 0.0845007 0.105919
20 0.54338 0.777259 0.0628107 0.0990654
16 0.328739 0.57757 0.0384094 0.0735203
19 0.260506 0.764486 0.0384094 0.0909657
22 0.300949 0.758255 0.0388613 0.0922118
9 0.776096 0.396885 0.0537732 0.0485981
28 0.798012 0.175078 0.0451875 0.0884735
10 0.776322 0.396262 0.0560325 0.0523364
19 0.301853 0.759502 0.0406688 0.0909657
28 0.757569 0.182243 0.0203344 0.0716511
27 0.588794 0.383489 0.0478988 0.0716511
4 0.500226 0.578816 0.0352463 0.0660436
17 0.500226 0.579439 0.0370538 0.0647975
17 0.401943 0.578505 0.0302756 0.0753894
16 0.368278 0.58162 0.0334388 0.0691589
24 0.64573 0.38972 0.05061 0.0554517
5 0.785811 0.765109 0.0234975 0.102181
13 0.292589 0.376012 0.0438319 0.0928349
31 0.539991 0.575389 0.0307275 0.0641745
35 0.467239 0.17134 0.0343425 0.0884735
35 0.398102 0.167913 0.0406688 0.094081
28 0.683913 0.176012 0.0438319 0.0878505
9 0.828739 0.375701 0.054225 0.0797508
28 0.729779 0.182866 0.0307275 0.0716511
36 0.187076 0.372586 0.0442838 0.0922118
28 0.579078 0.181308 0.0429282 0.0722741
14 0.389968 0.376324 0.039765 0.094704
7 0.140307 0.54486 0.0375056 0.0766355
26 0.467239 0.374455 0.0551288 0.0847352
13 0.343425 0.376947 0.046995 0.0909657
17 0.451875 0.576012 0.0388613 0.0716511
30 0.716448 0.747664 0.0212381 0.135826
23 0.344781 0.759813 0.0424763 0.0928349
1 0.635111 0.585358 0.0510619 0.0604361
9 0.887031 0.375701 0.0524175 0.0834891
7 0.0835969 0.566978 0.0379575 0.0685358
24 0.707185 0.389408 0.0632625 0.0523364
35 0.437189 0.168224 0.0266606 0.0909657
11 0.279259 0.579128 0.0406688 0.0616822
8 0.87099 0.178816 0.0673294 0.0859813
36 0.234749 0.370405 0.0456394 0.0978193
3 0.871441 0.574766 0.118843 0.0816199
6 0.190465 0.570717 0.0393131 0.0897196
26 0.529824 0.374143 0.0528694 0.0866044
21 0.399458 0.761059 0.0171713 0.094081
33 0.851107 0.767913 0.0266606 0.102804
28 0.633077 0.172897 0.0451875 0.0878505
11 0.236783 0.580062 0.0406688 0.0635514
12 0.633755 0.760748 0.0311794 0.109657
35 0.35427 0.168847 0.0370538 0.094704
2 0.753502 0.565732 0.108902 0.0859813
20 0.529824 0.775701 0.0284681 0.0971963
1 0.581338 0.580685 0.0456394 0.0623053
29 0.131948 0.365421 0.0415725 0.0853583
20 0.560777 0.775701 0.0271125 0.104673
34 0.114324 0.162617 0.0334388 0.0971963
18 0.215545 0.765732 0.0424763 0.094704
29 0.0777225 0.36947 0.0478988 0.0959502
18 0.125621 0.767601 0.0415725 0.100935
21 0.430863 0.763551 0.0320831 0.0978193
25 0.305694 0.161371 0.0465432 0.11215
25 0.517849 0.16947 0.0551288 0.0959502
8 0.794397 0.176636 0.0515138 0.0903427
34 0.204925 0.157944 0.0456394 0.122741
21 0.469272 0.759813 0.0338906 0.100312
18 0.170809 0.766667 0.0406688 0.0990654
34 0.0738816 0.165732 0.0393131 0.094704
18 0.0815635 0.772274 0.0420244 0.0990654
34 0.25531 0.161994 0.0451875 0.104673
