25 0.0885847 0.632481 0.0645661 0.0293017
2 0.808884 0.799564 0.0826446 0.0342893
36 0.227014 0.37313 0.044938 0.0405237
2 0.792355 0.600062 0.0557851 0.0604738
25 0.661157 0.628741 0.0423554 0.0305486
19 0.270661 0.766521 0.0475207 0.0679551
4 0.308884 0.634352 0.0320248 0.0467581
1 0.569731 0.640274 0.0785124 0.0374065
25 0.455579 0.636845 0.0506198 0.0517456
8 0.883523 0.25187 0.0883264 0.0461347
20 0.494576 0.76091 0.0428719 0.0829177
22 0.271178 0.767768 0.0444215 0.069202
32 0.307851 0.631546 0.036157 0.0523691
8 0.551395 0.253429 0.0542355 0.048005
16 0.368543 0.590087 0.0418388 0.0405237
4 0.368285 0.590711 0.0423554 0.0405237
4 0.454545 0.638092 0.053719 0.0517456
6 0.220558 0.72288 0.0340909 0.05798
36 0.227789 0.420823 0.0578512 0.0523691
23 0.217459 0.793017 0.0423554 0.0698254
35 0.366219 0.189214 0.0340909 0.0417706
16 0.309917 0.631858 0.035124 0.0517456
36 0.21875 0.461347 0.0862603 0.0311721
25 0.553202 0.254052 0.0568182 0.0492519
35 0.428977 0.226309 0.0346074 0.0947631
2 0.569731 0.638716 0.0805785 0.036783
23 0.270145 0.764339 0.0485537 0.0673317
28 0.427428 0.226309 0.0366736 0.0922693
34 0.0601756 0.175499 0.0335744 0.048005
25 0.652893 0.464152 0.0609504 0.0342893
28 0.719525 0.262781 0.0878099 0.036783
34 0.165806 0.21197 0.0413223 0.120948
17 0.422004 0.576372 0.0454545 0.0442643
36 0.179752 0.395885 0.0413223 0.0586035
31 0.505424 0.583229 0.0335744 0.0442643
25 0.384556 0.419888 0.0459711 0.0667082
28 0.542614 0.198878 0.0428719 0.0411471
9 0.817665 0.402743 0.053719 0.0860349
20 0.508264 0.736908 0.0268595 0.0498753
13 0.276601 0.407731 0.0335744 0.0760598
29 0.0955579 0.454489 0.10124 0.0436409
11 0.252583 0.639651 0.0495868 0.0448878
2 0.737345 0.600686 0.0511364 0.0592269
25 0.299845 0.436721 0.0284091 0.0667082
3 0.888688 0.610973 0.0748967 0.0785536
11 0.210227 0.576683 0.0330578 0.0386534
35 0.38249 0.242519 0.0470041 0.0648379
9 0.875258 0.392145 0.0490702 0.084788
35 0.333161 0.184227 0.0237603 0.0667082
23 0.330837 0.798005 0.0635331 0.0798005
20 0.478306 0.771509 0.0268595 0.0779302
5 0.712035 0.765274 0.0253099 0.0791771
29 0.130682 0.389339 0.0413223 0.0741895
24 0.709194 0.432045 0.0599174 0.0436409
25 0.161932 0.638716 0.0428719 0.0455112
35 0.301395 0.201683 0.0346074 0.090399
28 0.73063 0.214152 0.0532025 0.0455112
18 0.14876 0.732855 0.0392562 0.0517456
13 0.337035 0.419264 0.0387397 0.0829177
25 0.506973 0.418953 0.0459711 0.0698254
6 0.166839 0.55611 0.0371901 0.063591
28 0.670971 0.212282 0.0454545 0.0529925
11 0.252066 0.575748 0.035124 0.0430175
25 0.164773 0.214776 0.0402893 0.115337
25 0.0640496 0.23005 0.0506198 0.0673317
20 0.531767 0.783354 0.0470041 0.0667082
30 0.650568 0.763092 0.0211777 0.104738
26 0.454287 0.399938 0.0470041 0.0729426
34 0.238378 0.250623 0.081095 0.0399003
8 0.872676 0.195449 0.0614669 0.0604738
28 0.483988 0.244389 0.0578512 0.0685786
29 0.083936 0.395262 0.0428719 0.0598504
34 0.256715 0.188279 0.0433884 0.0760598
8 0.803719 0.202307 0.0640496 0.0854115
28 0.619318 0.23909 0.0516529 0.0879052
12 0.59969 0.765898 0.0320248 0.090399
34 0.215909 0.184227 0.0289256 0.0766833
18 0.0705062 0.777743 0.043905 0.0779302
21 0.430269 0.764339 0.0237603 0.0810474
21 0.401601 0.763716 0.0304752 0.084788
34 0.119835 0.212282 0.0413223 0.11783
