35 0.460952 0.1702 0.0287253 0.0811629
6 0.0935817 0.555724 0.0336625 0.0478498
35 0.471275 0.175045 0.024237 0.0860085
11 0.289048 0.607511 0.0439856 0.0629921
36 0.63465 0.599031 0.0475763 0.106602
32 0.337747 0.602968 0.0372531 0.0757117
16 0.337971 0.604785 0.037702 0.0745003
19 0.264587 0.802847 0.0399461 0.0854028
13 0.247083 0.394004 0.0668761 0.0975167
10 0.777828 0.412174 0.0547576 0.0490612
19 0.309695 0.799818 0.0421903 0.0902483
28 0.695242 0.181405 0.021544 0.0841914
18 0.198833 0.799515 0.0897666 0.105391
9 0.778052 0.412477 0.0534111 0.0508783
25 0.685368 0.603271 0.0287253 0.0472441
23 0.310144 0.797698 0.0412926 0.0920654
2 0.782765 0.596608 0.075404 0.0799515
4 0.506059 0.605996 0.0390485 0.061175
16 0.378366 0.605694 0.0359066 0.059358
26 0.515709 0.181708 0.045781 0.0775288
2 0.725987 0.59358 0.0453321 0.0811629
21 0.449057 0.799213 0.0192998 0.0975167
35 0.421454 0.16808 0.0394973 0.0793459
11 0.0935817 0.612053 0.0408438 0.0526953
17 0.289722 0.607208 0.0435368 0.0623864
14 0.407092 0.38401 0.0412926 0.106602
5 0.795108 0.801938 0.0246858 0.110236
6 0.144749 0.591763 0.0390485 0.107813
6 0.192101 0.596002 0.0394973 0.0944882
24 0.64991 0.403695 0.0556553 0.0587523
26 0.467908 0.395215 0.0516158 0.0878256
23 0.357944 0.798001 0.0435368 0.098728
13 0.297576 0.389158 0.0502693 0.0963053
9 0.887792 0.390975 0.056553 0.0938825
24 0.711849 0.405512 0.0628366 0.0563295
9 0.828995 0.389158 0.0529623 0.0793459
31 0.548923 0.583586 0.0260323 0.0551181
28 0.73272 0.192611 0.0444345 0.0678377
26 0.526032 0.396124 0.051167 0.090854
34 0.191427 0.591763 0.0381508 0.096911
28 0.672801 0.180194 0.0341113 0.0866142
33 0.860188 0.804664 0.0291741 0.109631
29 0.120287 0.379467 0.048474 0.0914597
11 0.238106 0.608116 0.0426391 0.0605694
30 0.723519 0.78407 0.0233393 0.145972
1 0.585278 0.610236 0.0412926 0.0708661
36 0.18447 0.383404 0.0520646 0.0956996
36 0.23833 0.390369 0.048474 0.0938825
35 0.371185 0.164749 0.0448833 0.0884313
3 0.87904 0.599031 0.109964 0.0896426
20 0.535907 0.816172 0.0305206 0.105996
28 0.584605 0.399152 0.0516158 0.0932768
34 0.158438 0.154755 0.0359066 0.107208
8 0.871858 0.17868 0.0731598 0.0981224
20 0.568896 0.816172 0.0282765 0.107208
29 0.0614901 0.384918 0.0529623 0.0999394
28 0.574057 0.171411 0.0493716 0.107813
34 0.112208 0.153543 0.048474 0.107208
35 0.315978 0.164749 0.0493716 0.090854
34 0.144524 0.590248 0.0412926 0.114476
21 0.420781 0.798607 0.0309695 0.101151
8 0.793312 0.181102 0.0543088 0.0896426
34 0.206463 0.148395 0.0475763 0.123561
12 0.640709 0.797093 0.0318671 0.109025
8 0.354803 0.37977 0.0543088 0.119927
18 0.219255 0.800121 0.0435368 0.096911
21 0.477558 0.801635 0.032316 0.0950939
18 0.17325 0.799818 0.043088 0.109631
18 0.125 0.804664 0.0426391 0.107208
28 0.628142 0.175651 0.0462298 0.102968
34 0.25965 0.155966 0.0471275 0.105996
34 0.0587971 0.15536 0.0475763 0.109631
18 0.075404 0.806178 0.048474 0.101757
