13 0.367747 0.381324 0.092719 0.0780762
26 0.519625 0.391006 0.102958 0.062461
1 0.661547 0.389756 0.0648464 0.0587133
20 0.554323 0.687383 0.056314 0.0705809
32 0.399886 0.533417 0.0318544 0.0724547
36 0.598407 0.383198 0.0466439 0.0705809
17 0.488908 0.524047 0.0346985 0.0849469
16 0.359215 0.533729 0.0369738 0.0805746
8 0.731513 0.385384 0.0625711 0.0649594
1 0.661832 0.544347 0.0244596 0.0468457
32 0.361206 0.532167 0.0341297 0.0724547
19 0.360068 0.682074 0.0432309 0.0712055
21 0.475825 0.687071 0.0654152 0.0724547
34 0.274744 0.224547 0.0887372 0.0793254
27 0.597838 0.38476 0.0466439 0.0724547
1 0.595563 0.538413 0.0841866 0.0762024
23 0.359784 0.683323 0.0426621 0.0724547
15 0.66041 0.388819 0.0637088 0.0593379
19 0.312856 0.682386 0.0409556 0.0668332
4 0.488339 0.523111 0.0346985 0.0793254
31 0.529863 0.534041 0.0346985 0.0787008
24 0.66041 0.389132 0.0614334 0.0599625
9 0.795791 0.381012 0.0580205 0.0674578
13 0.392776 0.38476 0.0437998 0.0724547
7 0.175484 0.537477 0.0381115 0.0718301
9 0.860922 0.376327 0.0665529 0.0843223
6 0.222696 0.531231 0.0403868 0.0868207
16 0.399602 0.535603 0.0312856 0.0718301
14 0.442548 0.38351 0.0432309 0.0774516
30 0.683447 0.678638 0.019909 0.10431
26 0.495449 0.390693 0.0432309 0.0618364
17 0.445392 0.543098 0.0443686 0.065584
7 0.125142 0.538101 0.0420933 0.0780762
26 0.548066 0.387258 0.0437998 0.0687071
35 0.480375 0.229544 0.0415245 0.0780762
11 0.313424 0.544347 0.0432309 0.0580887
8 0.824232 0.224859 0.0637088 0.0724547
35 0.396758 0.22767 0.0437998 0.0805746
29 0.184585 0.385696 0.0437998 0.0730793
24 0.730091 0.384135 0.0620023 0.0674578
3 0.726962 0.53935 0.0807736 0.0705809
23 0.412116 0.673017 0.0403868 0.0630856
11 0.267065 0.544972 0.0381115 0.0605871
20 0.540387 0.689569 0.0261661 0.0699563
28 0.708191 0.231418 0.0489192 0.065584
5 0.767918 0.687695 0.0216155 0.07995
13 0.343003 0.380075 0.0432309 0.0843223
33 0.827929 0.693004 0.0267349 0.0705809
35 0.350398 0.230481 0.039818 0.0824485
12 0.631968 0.683323 0.0284414 0.0787008
28 0.75967 0.225484 0.0472127 0.0737039
2 0.843288 0.539975 0.127986 0.0755778
35 0.439989 0.232979 0.0324232 0.0724547
34 0.25 0.222986 0.0460751 0.0886946
36 0.236633 0.376952 0.0455063 0.0855715
18 0.138794 0.680512 0.0409556 0.0668332
1 0.622298 0.530918 0.0432309 0.0824485
20 0.570819 0.689569 0.0267349 0.0687071
28 0.65785 0.226421 0.0483504 0.0805746
28 0.593288 0.229232 0.0477816 0.0811993
18 0.26934 0.684884 0.0369738 0.0680825
36 0.28868 0.383823 0.0483504 0.0843223
1 0.574232 0.542473 0.0426621 0.0668332
8 0.893629 0.219238 0.0602958 0.0874453
28 0.540956 0.22767 0.0455063 0.0830731
34 0.302048 0.228919 0.0443686 0.0843223
29 0.130262 0.381012 0.0511945 0.0811993
34 0.202787 0.220175 0.0392491 0.0905684
21 0.458191 0.684572 0.0290102 0.0712055
34 0.1624 0.218926 0.0324232 0.0893192
21 0.494027 0.686446 0.0301479 0.0737039
34 0.117463 0.2208 0.0460751 0.0905684
18 0.1843 0.6802 0.0420933 0.0687071
18 0.228669 0.681449 0.0386803 0.0699563
