32 0.384963 0.633979 0.0400689 0.0737039
4 0.486859 0.623985 0.0258509 0.0649594
35 0.402844 0.152405 0.082723 0.0886946
28 0.534037 0.145846 0.0848772 0.100562
17 0.526282 0.625234 0.0374838 0.0674578
34 0.232658 0.122736 0.0982335 0.126796
16 0.486428 0.623048 0.0267126 0.065584
25 0.707023 0.606496 0.0275743 0.0337289
16 0.343171 0.626483 0.0417923 0.0861961
26 0.486859 0.391943 0.0422232 0.0968145
19 0.312796 0.837914 0.0422232 0.10431
32 0.343171 0.627733 0.0417923 0.0861961
21 0.443559 0.834478 0.0719517 0.108682
24 0.917708 0.404122 0.0672124 0.0687071
10 0.795347 0.413804 0.0585954 0.0568395
23 0.31215 0.841349 0.0435157 0.103685
26 0.46187 0.394441 0.0465317 0.0980637
9 0.796855 0.412555 0.0564412 0.0605871
26 0.520465 0.150531 0.0482551 0.0874453
19 0.265403 0.843848 0.0413615 0.104934
9 0.85265 0.394753 0.0482551 0.0874453
9 0.598449 0.39163 0.056872 0.104934
29 0.119345 0.406933 0.0482551 0.0830731
16 0.385179 0.629606 0.037053 0.0762024
13 0.52025 0.150219 0.0478242 0.0893192
5 0.811719 0.826983 0.0232658 0.106184
4 0.526066 0.622423 0.0413615 0.0643348
17 0.434942 0.630543 0.051271 0.0805746
35 0.426109 0.148032 0.0422232 0.0899438
1 0.660707 0.62867 0.0521327 0.0705809
17 0.484489 0.623048 0.0262818 0.0680825
26 0.535545 0.394753 0.0525636 0.0936914
31 0.566782 0.623673 0.0297286 0.065584
7 0.116975 0.40381 0.0443774 0.076827
28 0.752477 0.163335 0.0495476 0.0755778
14 0.40866 0.393504 0.0504093 0.104934
35 0.474795 0.140537 0.0361913 0.107433
23 0.362344 0.838538 0.0473934 0.108057
13 0.357174 0.382573 0.0430849 0.106808
6 0.190004 0.619613 0.0473934 0.108682
7 0.137656 0.595253 0.0400689 0.0836977
1 0.607497 0.627733 0.0413615 0.0737039
33 0.877424 0.828232 0.0254201 0.0961899
2 0.785006 0.611493 0.109436 0.0874453
28 0.695605 0.149906 0.0478242 0.0961899
13 0.304395 0.393504 0.0581646 0.0999375
7 0.0881086 0.595565 0.0409306 0.0855715
3 0.903059 0.618676 0.112021 0.0893192
20 0.594787 0.834791 0.0280052 0.105559
24 0.73115 0.407245 0.0629039 0.0637102
20 0.562258 0.830418 0.028436 0.103061
34 0.109436 0.129294 0.0473934 0.113679
36 0.240844 0.389756 0.0491168 0.106184
35 0.31452 0.146783 0.0422232 0.0899438
8 0.824214 0.145534 0.065489 0.107433
35 0.375916 0.145846 0.0469625 0.0968145
30 0.742999 0.806059 0.022835 0.150531
11 0.28953 0.63148 0.04567 0.0712055
28 0.579061 0.134916 0.0534252 0.123673
11 0.241706 0.632417 0.0448083 0.0718301
21 0.505816 0.818239 0.037053 0.102436
12 0.664153 0.820737 0.0297286 0.111181
34 0.155536 0.131168 0.0344679 0.118676
29 0.0575183 0.388819 0.0555795 0.108057
28 0.638087 0.14366 0.0473934 0.111181
34 0.0514864 0.130856 0.0478242 0.114304
18 0.0678587 0.859775 0.0469625 0.109307
34 0.203145 0.127733 0.0529944 0.129294
8 0.900258 0.146783 0.0633348 0.111181
21 0.425248 0.837914 0.0310211 0.109307
21 0.463162 0.832605 0.0336062 0.106184
36 0.184403 0.384447 0.0542869 0.113054
34 0.259156 0.126796 0.0486859 0.124922
18 0.218225 0.846971 0.0443774 0.106184
18 0.169754 0.850718 0.0448083 0.114928
18 0.119776 0.855091 0.0439466 0.108682
