19 0.280523 0.842598 0.0422803 0.0924422
2 0.740618 0.649594 0.0579572 0.0924422
20 0.534442 0.8604 0.0475059 0.0943161
26 0.533254 0.381012 0.0470309 0.0524672
20 0.562708 0.846346 0.0223278 0.0961899
19 0.305701 0.842286 0.0888361 0.0930668
29 0.204751 0.342286 0.0475059 0.0599625
29 0.309976 0.339163 0.0375297 0.0787008
2 0.718527 0.647408 0.0308789 0.0868207
17 0.470309 0.60431 0.0446556 0.0318551
11 0.529929 0.656465 0.0289786 0.0612117
16 0.343705 0.645846 0.0394299 0.0737039
32 0.388836 0.647096 0.0384798 0.0662086
17 0.491924 0.656152 0.0346793 0.0618364
18 0.28171 0.842911 0.0437055 0.0955653
9 0.57981 0.457527 0.0517815 0.0568395
35 0.425653 0.198314 0.023753 0.08807
31 0.495249 0.655216 0.0337292 0.0499688
20 0.577435 0.833229 0.0175772 0.0849469
28 0.457482 0.227046 0.0342043 0.0905684
1 0.588599 0.607433 0.0446556 0.0331043
35 0.266508 0.112117 0.0437055 0.0455965
26 0.411876 0.35634 0.0503563 0.0793254
19 0.328979 0.836977 0.0441805 0.0974391
32 0.343468 0.649282 0.0418052 0.0693317
35 0.336105 0.166771 0.0394299 0.0487196
23 0.328979 0.837601 0.0432304 0.0974391
24 0.64228 0.462523 0.0532067 0.0555903
14 0.414252 0.438788 0.0380048 0.0730793
14 0.309976 0.338851 0.0384798 0.0818239
28 0.807838 0.168332 0.0422803 0.0593379
16 0.388124 0.646471 0.0351544 0.0599625
1 0.626366 0.654591 0.0508314 0.0612117
27 0.581948 0.457527 0.0551069 0.0580887
4 0.491686 0.655216 0.0380048 0.0549656
17 0.438955 0.655528 0.0351544 0.0718301
34 0.338005 0.223298 0.0517815 0.0568395
10 0.769596 0.438164 0.0513064 0.0605871
13 0.368646 0.43629 0.0475059 0.0943161
8 0.712352 0.143348 0.064133 0.054341
36 0.0933492 0.33604 0.0669834 0.0449719
31 0.529691 0.656152 0.0266033 0.0580887
11 0.290024 0.650531 0.0470309 0.0605871
13 0.412827 0.352592 0.0532067 0.0818239
28 0.49905 0.221736 0.0394299 0.0999375
36 0.181473 0.425359 0.0484561 0.0936914
9 0.769834 0.43629 0.0508314 0.0630856
7 0.12114 0.637102 0.0456057 0.0762024
26 0.514489 0.455653 0.056057 0.0780762
28 0.750119 0.225484 0.0494062 0.0986883
13 0.304513 0.431293 0.0522565 0.08807
28 0.408076 0.114928 0.0598575 0.0524672
9 0.826841 0.423485 0.0555819 0.102436
2 0.765558 0.650843 0.12019 0.102436
9 0.904751 0.443785 0.0650831 0.103061
1 0.569121 0.655216 0.0437055 0.0737039
7 0.0693587 0.64772 0.0446556 0.0637102
23 0.376722 0.832917 0.0465558 0.0980637
26 0.45772 0.443473 0.0451306 0.0811993
6 0.184323 0.650843 0.0418052 0.0961899
28 0.558432 0.227358 0.0508314 0.0949407
30 0.718052 0.836665 0.024228 0.140537
5 0.780998 0.858214 0.0247031 0.109931
35 0.456295 0.228295 0.031829 0.08807
33 0.861045 0.867895 0.0261283 0.114304
3 0.879572 0.654903 0.104988 0.0980637
24 0.708314 0.440037 0.063658 0.0830731
11 0.24038 0.652405 0.0446556 0.0605871
28 0.626366 0.226109 0.0508314 0.0949407
29 0.128741 0.412867 0.0465558 0.0986883
12 0.631591 0.846346 0.0337292 0.11243
28 0.689074 0.231418 0.0546318 0.0793254
20 0.552019 0.859151 0.0266033 0.0955653
34 0.217577 0.187383 0.0494062 0.131168
8 0.909026 0.215178 0.0669834 0.109307
29 0.067696 0.428482 0.0555819 0.0811993
36 0.23943 0.432854 0.0541568 0.0974391
21 0.425891 0.841349 0.0251781 0.0899438
20 0.51829 0.85634 0.0294537 0.101187
8 0.811639 0.243285 0.0622328 0.0530918
18 0.137767 0.84822 0.0418052 0.0974391
18 0.235629 0.844472 0.0446556 0.0949407
21 0.459382 0.843223 0.0332542 0.0924422
34 0.1038 0.182074 0.0508314 0.128045
34 0.0456057 0.185197 0.0513064 0.121799
34 0.276485 0.196752 0.0570071 0.107433
18 0.186698 0.848844 0.0446556 0.0949407
34 0.16057 0.182074 0.0522565 0.133042
18 0.0902613 0.851343 0.0456057 0.0999375
