0 0.687159 0.616352 0.034705 0.0389937
36 0.203272 0.379874 0.0882499 0.0893082
30 0.645761 0.787107 0.0242935 0.122642
7 0.132375 0.597799 0.0594943 0.0584906
18 0.253594 0.775472 0.0421418 0.0918239
4 0.355726 0.607862 0.0381755 0.0396226
9 0.843332 0.383962 0.0376797 0.0849057
29 0.0892414 0.380818 0.0961825 0.0811321
32 0.310362 0.595598 0.0446207 0.0591195
26 0.462072 0.379874 0.0545364 0.0893082
17 0.395389 0.575786 0.0272682 0.0622642
12 0.656668 0.780189 0.0223104 0.118868
19 0.254834 0.775472 0.041646 0.0930818
28 0.637085 0.184906 0.0475954 0.0503145
16 0.356222 0.608805 0.0371839 0.0402516
35 0.424393 0.144025 0.0237977 0.0490566
28 0.692117 0.166981 0.0297471 0.0849057
17 0.436787 0.599057 0.0396629 0.054717
4 0.474219 0.62044 0.0322261 0.0459119
14 0.397868 0.384591 0.0371839 0.0773585
10 0.792266 0.403774 0.0565196 0.0440252
26 0.397372 0.38522 0.0371839 0.0773585
27 0.603371 0.391824 0.0475954 0.0704403
30 0.655677 0.783333 0.0233019 0.118868
9 0.792266 0.405975 0.0525533 0.0408805
11 0.221616 0.558805 0.034705 0.0358491
9 0.869113 0.388365 0.0366881 0.0937107
26 0.444968 0.37956 0.0391671 0.0823899
25 0.134358 0.597484 0.0594943 0.0591195
24 0.66113 0.401887 0.0570154 0.0490566
28 0.705751 0.16195 0.0431334 0.0874214
28 0.739465 0.160377 0.0173525 0.0867925
2 0.79524 0.601572 0.104115 0.0698113
25 0.201537 0.606289 0.0550322 0.0477987
23 0.352008 0.785849 0.0466039 0.1
35 0.302677 0.180818 0.0441249 0.0823899
34 0.161378 0.167296 0.0342092 0.109434
3 0.906296 0.605975 0.103123 0.0849057
13 0.347298 0.380503 0.0480912 0.0893082
36 0.178235 0.382704 0.0441249 0.0849057
11 0.261031 0.594025 0.0421418 0.0522013
28 0.768468 0.16195 0.0386713 0.0987421
35 0.396381 0.183962 0.0312345 0.0610063
29 0.0634606 0.38239 0.0466039 0.0754717
21 0.418939 0.542138 0.0158651 0.0679245
26 0.531482 0.386164 0.0565196 0.0792453
35 0.355974 0.184906 0.0436292 0.0792453
5 0.780119 0.81478 0.0272682 0.112579
9 0.920178 0.38239 0.0565196 0.0918239
23 0.29995 0.777358 0.0456123 0.104403
28 0.584284 0.152516 0.0480912 0.101258
35 0.466782 0.162579 0.0570154 0.0811321
13 0.288052 0.376101 0.0495786 0.090566
1 0.642043 0.61761 0.0446207 0.0528302
30 0.707982 0.755346 0.0237977 0.127044
7 0.0659395 0.570126 0.0426376 0.0610063
29 0.118245 0.377673 0.0431334 0.0861635
20 0.529003 0.801258 0.0317303 0.0968553
1 0.587506 0.590566 0.0436292 0.0515723
36 0.229053 0.378302 0.0495786 0.0899371
21 0.366138 0.546541 0.0242935 0.0943396
34 0.122955 0.175786 0.0446207 0.0886792
24 0.726822 0.399686 0.062469 0.0522013
28 0.535201 0.153459 0.0441249 0.0981132
33 0.876301 0.818868 0.0272682 0.101887
20 0.563708 0.776101 0.0257809 0.0893082
20 0.612543 0.790881 0.0292514 0.102516
34 0.251611 0.175472 0.0421418 0.0968553
8 0.844323 0.161321 0.0674269 0.0987421
34 0.204512 0.173899 0.0371839 0.091195
8 0.91175 0.15566 0.0594943 0.112579
34 0.0706495 0.17044 0.0441249 0.104403
18 0.109321 0.776415 0.0461081 0.0899371
18 0.0597422 0.777987 0.0451165 0.090566
18 0.207238 0.77673 0.0446207 0.0918239
21 0.445464 0.774214 0.0361924 0.0955975
21 0.484879 0.768553 0.0356966 0.0893082
18 0.157908 0.777358 0.0441249 0.0893082
