13 0.299689 0.373405 0.0989352 0.0940228
26 0.637311 0.367696 0.0510204 0.0638012
9 0.527728 0.35863 0.0456965 0.0644728
17 0.458962 0.53593 0.0314996 0.0577569
16 0.456744 0.536266 0.0314996 0.0651444
26 0.447205 0.350907 0.102041 0.0785762
19 0.243789 0.746474 0.0359361 0.0799194
17 0.347382 0.580255 0.0292813 0.0685024
17 0.371562 0.561786 0.0226264 0.0664876
24 0.578305 0.361316 0.0492458 0.0564137
32 0.307897 0.571189 0.0363798 0.0718603
16 0.307897 0.57186 0.0363798 0.0718603
9 0.696983 0.370719 0.0505768 0.0456682
25 0.264197 0.150101 0.0989352 0.121558
10 0.697205 0.370719 0.052795 0.044325
27 0.529725 0.358294 0.0443656 0.0651444
26 0.325865 0.36904 0.0456965 0.0946944
11 0.242902 0.581934 0.0865129 0.0611148
31 0.458075 0.533915 0.0297249 0.0604433
4 0.457853 0.537609 0.0319432 0.0664876
13 0.324534 0.370719 0.0456965 0.0967092
9 0.750665 0.350907 0.0417036 0.0758899
14 0.220719 0.389523 0.0439219 0.0886501
16 0.345386 0.57824 0.0297249 0.065816
28 0.505768 0.184016 0.0390417 0.0631296
25 0.137311 0.137341 0.038598 0.144392
1 0.581189 0.543318 0.0496894 0.065816
26 0.455413 0.184016 0.0474712 0.0617864
17 0.41016 0.534923 0.0332742 0.0705171
28 0.702307 0.182673 0.0372671 0.0725319
5 0.743345 0.735393 0.0244011 0.104768
23 0.323869 0.743788 0.039929 0.077233
31 0.493789 0.535259 0.0266193 0.0550705
14 0.369343 0.370719 0.0368234 0.0913365
26 0.41992 0.349563 0.0456965 0.0785762
13 0.270408 0.374748 0.0465838 0.0940228
7 0.0738687 0.568167 0.0368234 0.065816
9 0.800355 0.350907 0.0461402 0.0799194
3 0.805901 0.534587 0.111358 0.0738751
33 0.809672 0.736064 0.028394 0.0980524
2 0.695652 0.529214 0.094055 0.080591
35 0.415484 0.176293 0.027063 0.0745467
29 0.0543478 0.374412 0.0439219 0.098724
6 0.176353 0.570853 0.0377107 0.0940228
8 0.761979 0.1773 0.0563443 0.0765615
35 0.637533 0.18133 0.0372671 0.0725319
20 0.490905 0.737072 0.0288376 0.106783
26 0.473824 0.354936 0.0488021 0.0745467
7 0.125555 0.543653 0.0381544 0.0812626
36 0.170142 0.375756 0.0430346 0.098724
35 0.386424 0.159839 0.0292813 0.0940228
1 0.533274 0.544997 0.039929 0.0611148
11 0.219831 0.580591 0.0403727 0.0570853
11 0.262422 0.578912 0.038598 0.0631296
35 0.34827 0.161182 0.0381544 0.0993956
30 0.672138 0.713566 0.0221828 0.139019
25 0.238465 0.143721 0.0456965 0.138348
34 0.0951641 0.152451 0.0368234 0.115514
20 0.523514 0.742109 0.0266193 0.106111
34 0.0492458 0.14775 0.0425909 0.112827
28 0.594277 0.180994 0.0368234 0.0745467
34 0.189885 0.152451 0.0417036 0.119543
18 0.20386 0.744459 0.0359361 0.0893217
25 0.297249 0.152787 0.0452529 0.117529
28 0.551908 0.177636 0.0381544 0.0785762
21 0.43323 0.727334 0.0332742 0.103425
12 0.592946 0.72767 0.0297249 0.109469
8 0.111579 0.371726 0.0581189 0.112156
18 0.162378 0.749161 0.0372671 0.0933512
21 0.394854 0.728005 0.0328305 0.100739
18 0.0791925 0.751175 0.0403727 0.0893217
18 0.121118 0.749832 0.0363798 0.0946944
