29 0.161724 0.394785 0.0369334 0.0509202
2 0.745104 0.408282 0.0240627 0.0411043
30 0.640739 0.622086 0.0201455 0.111656
3 0.814494 0.413497 0.031897 0.0392638
2 0.711528 0.414724 0.0341354 0.0392638
16 0.496363 0.466564 0.040291 0.0533742
28 0.580302 0.153681 0.0559597 0.0374233
6 0.290711 0.418405 0.0296586 0.0441718
4 0.494684 0.467791 0.0391718 0.0521472
19 0.315333 0.607055 0.0598769 0.0791411
33 0.642417 0.612883 0.0179071 0.10184
28 0.530218 0.130061 0.0442082 0.0638037
31 0.524902 0.414417 0.0391718 0.0337423
22 0.314214 0.606135 0.0598769 0.0773006
3 0.83296 0.441411 0.0542809 0.0779141
10 0.761612 0.310736 0.045887 0.0472393
23 0.314494 0.610429 0.0637941 0.0773006
19 0.372692 0.608282 0.0391718 0.0828221
11 0.341634 0.388037 0.0341354 0.0312883
2 0.716564 0.434049 0.0363738 0.0680982
9 0.776441 0.260429 0.0363738 0.0423313
29 0.188304 0.25 0.0968103 0.0496933
5 0.691382 0.621472 0.0218243 0.0871166
33 0.691662 0.621166 0.0223839 0.0865031
28 0.68019 0.138957 0.0307778 0.0337423
16 0.447678 0.41319 0.0279799 0.0349693
34 0.336598 0.0960123 0.0363738 0.0312883
35 0.454952 0.172086 0.0425294 0.0251534
25 0.342753 0.420552 0.0386122 0.0325153
17 0.456351 0.455521 0.0408506 0.0398773
23 0.372132 0.607975 0.0414102 0.0834356
4 0.516508 0.416871 0.0257415 0.0288344
25 0.657806 0.455215 0.0274203 0.0368098
36 0.311416 0.246319 0.0442082 0.0361963
25 0.38864 0.447239 0.043089 0.0588957
24 0.65277 0.312883 0.0453274 0.0380368
25 0.720481 0.167791 0.0699496 0.0263804
11 0.29211 0.420245 0.0358142 0.0441718
25 0.214885 0.26227 0.0570789 0.0484663
1 0.581981 0.444479 0.034695 0.0582822
25 0.210129 0.13589 0.0386122 0.0742331
31 0.545887 0.411043 0.0218243 0.0417178
26 0.515669 0.275767 0.0307778 0.0484663
28 0.590935 0.109509 0.0313374 0.0337423
25 0.367096 0.269018 0.040291 0.0496933
17 0.484891 0.405828 0.0296586 0.0472393
25 0.518187 0.319018 0.0514829 0.0294479
21 0.429491 0.61227 0.0218243 0.0920245
25 0.849189 0.13773 0.043089 0.0680982
33 0.748461 0.58681 0.0218243 0.0803681
20 0.542809 0.596933 0.0246223 0.0773006
20 0.515109 0.585583 0.0229435 0.0766871
28 0.556239 0.111963 0.0302182 0.0423313
14 0.480134 0.277607 0.0335758 0.0558282
28 0.715165 0.125767 0.0335758 0.0466258
9 0.763011 0.309816 0.0475658 0.0515337
26 0.566312 0.254908 0.0358142 0.0411043
25 0.155568 0.142331 0.0548405 0.0478528
35 0.525182 0.136196 0.0240627 0.0662577
25 0.160325 0.458589 0.0755456 0.0325153
7 0.204533 0.409816 0.0397314 0.0552147
25 0.210129 0.29816 0.0665921 0.0380368
34 0.154449 0.0929448 0.0335758 0.0386503
6 0.250699 0.402147 0.040291 0.0607362
36 0.265529 0.255215 0.0397314 0.0601227
25 0.316732 0.295092 0.0447678 0.0601227
25 0.850308 0.310429 0.0654729 0.0527607
9 0.813095 0.242331 0.0324566 0.0552147
35 0.488248 0.148466 0.0307778 0.0613497
29 0.217683 0.253374 0.045887 0.0466258
35 0.449077 0.119325 0.0341354 0.0570552
18 0.227476 0.550614 0.0442082 0.0423313
35 0.415501 0.12362 0.0251819 0.0742331
35 0.384163 0.133742 0.0341354 0.0760736
34 0.293788 0.107055 0.0335758 0.0509202
7 0.161724 0.395706 0.0369334 0.0490798
28 0.657527 0.0996933 0.0470062 0.0349693
25 0.6385 0.153988 0.040291 0.0564417
29 0.142417 0.321166 0.0576385 0.0484663
8 0.761052 0.111043 0.045887 0.0552147
25 0.251259 0.466258 0.0447678 0.0515337
29 0.165641 0.251227 0.0436486 0.0558282
25 0.707051 0.310429 0.0542809 0.0552147
18 0.142417 0.596626 0.0486849 0.0828221
12 0.592893 0.584663 0.0251819 0.0883436
25 0.329882 0.46411 0.0520425 0.0460123
34 0.253777 0.128528 0.0352546 0.0828221
21 0.464745 0.590798 0.0274203 0.0858896
18 0.195299 0.634969 0.0514829 0.0944785
