18 0.247656 0.791406 0.0734375 0.101562
34 0.234375 0.197656 0.1 0.0953125
30 0.483594 0.590625 0.0234375 0.11875
35 0.385156 0.204688 0.0359375 0.08125
17 0.386719 0.6125 0.0390625 0.05625
20 0.557031 0.811719 0.0640625 0.0890625
26 0.582031 0.424219 0.0703125 0.0828125
23 0.321875 0.796094 0.05 0.0953125
25 0.444531 0.196875 0.0578125 0.0875
35 0.423438 0.198437 0.046875 0.090625
24 0.654688 0.425781 0.0625 0.0640625
15 0.653906 0.426562 0.0640625 0.0625
23 0.264062 0.769531 0.040625 0.0765625
10 0.796875 0.428906 0.059375 0.0515625
26 0.653906 0.425 0.0640625 0.065625
22 0.264844 0.767969 0.0421875 0.0796875
22 0.321094 0.797656 0.0484375 0.101562
28 0.555469 0.192969 0.0390625 0.0921875
25 0.582031 0.424219 0.0609375 0.0796875
32 0.339844 0.603906 0.0421875 0.0765625
19 0.264844 0.767187 0.0421875 0.075
9 0.795313 0.427344 0.059375 0.0546875
19 0.321094 0.798437 0.0484375 0.1
14 0.408594 0.404687 0.0359375 0.08125
25 0.836719 0.189844 0.0953125 0.104687
28 0.751562 0.195312 0.040625 0.096875
23 0.374219 0.8 0.0484375 0.1
16 0.385938 0.611719 0.0375 0.0609375
25 0.428125 0.197656 0.028125 0.0921875
17 0.45 0.607031 0.040625 0.0703125
35 0.400781 0.203125 0.0265625 0.08125
31 0.54375 0.61875 0.034375 0.059375
9 0.857813 0.410937 0.059375 0.08125
25 0.458594 0.197656 0.0265625 0.0984375
1 0.64375 0.625 0.053125 0.059375
11 0.282031 0.580469 0.0390625 0.0640625
5 0.798437 0.78125 0.025 0.09375
28 0.590625 0.199219 0.034375 0.0890625
34 0.1625 0.199219 0.034375 0.0921875
13 0.357812 0.40625 0.05625 0.084375
29 0.119531 0.39375 0.0453125 0.08125
7 0.136719 0.591406 0.0421875 0.0703125
9 0.926562 0.4125 0.065625 0.09375
26 0.459375 0.420312 0.053125 0.078125
2 0.773438 0.608594 0.121875 0.0828125
28 0.508594 0.197656 0.0453125 0.101562
13 0.294531 0.404687 0.0546875 0.084375
11 0.186719 0.610937 0.0484375 0.0875
26 0.519531 0.414062 0.0484375 0.084375
29 0.0640625 0.405469 0.053125 0.0796875
11 0.239063 0.605469 0.046875 0.0578125
33 0.880469 0.811719 0.0296875 0.0921875
24 0.725781 0.425781 0.0703125 0.0640625
7 0.084375 0.5875 0.046875 0.06875
3 0.90625 0.614844 0.128125 0.0921875
20 0.539062 0.810156 0.03125 0.0953125
21 0.426562 0.799219 0.0375 0.0984375
20 0.574219 0.808594 0.0296875 0.0984375
30 0.73125 0.767187 0.025 0.11875
28 0.635156 0.194531 0.0515625 0.0953125
34 0.20625 0.196875 0.046875 0.103125
35 0.315625 0.204688 0.04375 0.08125
12 0.651563 0.798437 0.034375 0.1
35 0.3625 0.204688 0.04375 0.08125
28 0.69375 0.196094 0.05 0.0953125
25 0.121094 0.188281 0.0484375 0.107813
36 0.236719 0.401563 0.0484375 0.0875
25 0.261719 0.196094 0.0484375 0.0984375
18 0.223438 0.803125 0.046875 0.1
1 0.589844 0.623438 0.0515625 0.06875
18 0.174219 0.805469 0.0453125 0.0984375
34 0.0617188 0.201562 0.0453125 0.090625
8 0.828125 0.190625 0.075 0.1
21 0.478906 0.795313 0.0390625 0.090625
18 0.127344 0.80625 0.0421875 0.10625
25 0.903906 0.189063 0.0734375 0.1
36 0.177344 0.398438 0.0515625 0.090625
18 0.0742188 0.807813 0.0515625 0.103125
