2 0.746875 0.447656 0.034375 0.0546875
35 0.4375 0.140625 0.021875 0.08125
26 0.532031 0.314063 0.0359375 0.053125
32 0.340625 0.442187 0.0375 0.053125
18 0.285156 0.630469 0.0421875 0.0796875
4 0.500781 0.475781 0.0265625 0.0421875
31 0.5 0.475 0.025 0.04375
9 0.725 0.286719 0.0375 0.0265625
14 0.449219 0.311719 0.0234375 0.0671875
26 0.364844 0.291406 0.0390625 0.0390625
21 0.415625 0.603906 0.0375 0.0765625
2 0.707031 0.442969 0.0359375 0.0390625
26 0.371875 0.327344 0.059375 0.0421875
13 0.289062 0.301562 0.084375 0.065625
21 0.45625 0.617969 0.03125 0.0828125
34 0.175781 0.147656 0.0328125 0.0765625
19 0.3375 0.623438 0.04375 0.0875
14 0.449219 0.2875 0.0265625 0.059375
27 0.589063 0.309375 0.040625 0.05625
13 0.36875 0.321875 0.053125 0.053125
25 0.385156 0.46875 0.0421875 0.05625
23 0.413281 0.597656 0.0359375 0.0765625
6 0.214844 0.420312 0.0390625 0.04375
16 0.434375 0.439844 0.03125 0.0390625
1 0.646094 0.488281 0.0296875 0.0328125
34 0.149219 0.139062 0.0234375 0.0875
4 0.434375 0.439063 0.03125 0.040625
19 0.285937 0.630469 0.05 0.0828125
9 0.828906 0.28125 0.0359375 0.034375
23 0.338281 0.621875 0.0453125 0.0875
26 0.546875 0.271094 0.034375 0.0453125
25 0.407031 0.161719 0.0515625 0.0453125
35 0.319531 0.144531 0.0203125 0.0765625
8 0.751562 0.103125 0.0375 0.06875
11 0.258594 0.432813 0.0296875 0.04375
29 0.129688 0.258594 0.0375 0.0328125
9 0.754687 0.332031 0.046875 0.0546875
11 0.303906 0.408594 0.0359375 0.0421875
13 0.321094 0.299219 0.0390625 0.0609375
30 0.65 0.60625 0.021875 0.096875
33 0.753906 0.625781 0.0234375 0.0796875
28 0.659375 0.128906 0.03125 0.0421875
17 0.472656 0.43125 0.0328125 0.04375
25 0.846094 0.329688 0.0546875 0.053125
29 0.174219 0.296094 0.0265625 0.0671875
25 0.697656 0.172656 0.0828125 0.0296875
5 0.690625 0.623438 0.021875 0.090625
1 0.572656 0.464844 0.0359375 0.0484375
25 0.174219 0.142188 0.0359375 0.0875
25 0.214062 0.310937 0.04375 0.075
35 0.465625 0.144531 0.040625 0.0890625
7 0.11875 0.419531 0.040625 0.0578125
31 0.53125 0.46875 0.028125 0.05625
1 0.611719 0.480469 0.0359375 0.0515625
3 0.815625 0.470313 0.078125 0.08125
11 0.299219 0.45 0.0359375 0.046875
7 0.140625 0.473437 0.078125 0.03125
25 0.789844 0.135156 0.0578125 0.0890625
35 0.352344 0.157813 0.0390625 0.059375
29 0.134375 0.309375 0.046875 0.0625
26 0.486719 0.328906 0.0484375 0.0671875
28 0.5625 0.135937 0.034375 0.0875
7 0.166406 0.422656 0.0390625 0.0578125
21 0.469531 0.607813 0.0203125 0.075
36 0.273438 0.298438 0.046875 0.071875
20 0.551562 0.628125 0.025 0.071875
34 0.286719 0.135937 0.0359375 0.090625
28 0.516406 0.14375 0.0453125 0.08125
25 0.245312 0.14375 0.04375 0.084375
25 0.222656 0.473437 0.0390625 0.05625
12 0.604688 0.596875 0.028125 0.078125
25 0.844531 0.136719 0.0484375 0.0859375
25 0.6125 0.15 0.05 0.078125
18 0.18125 0.628906 0.05 0.0859375
25 0.696094 0.328906 0.0546875 0.0578125
34 0.207813 0.14375 0.028125 0.078125
21 0.442969 0.628125 0.0265625 0.078125
20 0.522656 0.627344 0.0265625 0.0734375
28 0.638281 0.0867188 0.0671875 0.0390625
28 0.703906 0.120312 0.0421875 0.053125
34 0.1125 0.142188 0.040625 0.071875
18 0.235938 0.635938 0.046875 0.08125
18 0.122656 0.642969 0.0609375 0.0828125
