25 0.253125 0.421875 0.084375 0.028125
27 0.571875 0.36875 0.040625 0.040625
25 0.641406 0.567187 0.0359375 0.0375
25 0.540625 0.211719 0.05625 0.0546875
6 0.2 0.539062 0.0375 0.034375
25 0.258594 0.25 0.0796875 0.025
25 0.639063 0.54375 0.028125 0.034375
28 0.6 0.228906 0.059375 0.0671875
35 0.3375 0.242188 0.034375 0.040625
16 0.341406 0.578906 0.0328125 0.0484375
36 0.572656 0.370313 0.0421875 0.04375
9 0.572656 0.415625 0.0703125 0.040625
9 0.775 0.361719 0.0625 0.0734375
13 0.398438 0.383594 0.028125 0.0640625
9 0.573438 0.370313 0.040625 0.04375
25 0.125781 0.576563 0.0703125 0.025
35 0.4 0.249219 0.06875 0.0234375
19 0.254687 0.6625 0.040625 0.05
25 0.451562 0.521094 0.034375 0.0421875
2 0.776563 0.747656 0.071875 0.0359375
23 0.303906 0.710156 0.0484375 0.0734375
32 0.342187 0.577344 0.034375 0.0515625
16 0.413281 0.526563 0.0296875 0.034375
7 0.140625 0.528125 0.053125 0.04375
25 0.346094 0.245312 0.0484375 0.0375
16 0.364062 0.530469 0.034375 0.0328125
25 0.385156 0.248437 0.0609375 0.025
17 0.413281 0.526563 0.0296875 0.034375
34 0.163281 0.198437 0.0265625 0.059375
4 0.414062 0.526563 0.03125 0.034375
36 0.171094 0.349219 0.0359375 0.0703125
4 0.485938 0.53125 0.028125 0.028125
20 0.524219 0.671094 0.0234375 0.0546875
11 0.246094 0.513281 0.0359375 0.0296875
25 0.330469 0.394531 0.0265625 0.0640625
2 0.702344 0.546875 0.0453125 0.06875
3 0.840625 0.575781 0.05 0.0515625
36 0.56875 0.416406 0.065625 0.0453125
9 0.75625 0.363281 0.034375 0.0703125
22 0.248437 0.728125 0.05 0.078125
8 0.844531 0.241406 0.0546875 0.0390625
19 0.248437 0.728125 0.05 0.078125
25 0.407031 0.566406 0.0421875 0.0390625
25 0.251563 0.549219 0.040625 0.0328125
23 0.247656 0.728906 0.0515625 0.0796875
27 0.570312 0.416406 0.059375 0.0421875
28 0.648438 0.219531 0.028125 0.0484375
25 0.823438 0.415625 0.10625 0.034375
35 0.335156 0.200781 0.0265625 0.0546875
26 0.475 0.376563 0.034375 0.065625
20 0.5 0.7125 0.021875 0.0875
34 0.844531 0.240625 0.0546875 0.040625
25 0.629687 0.415625 0.046875 0.034375
30 0.597656 0.708594 0.0265625 0.0953125
1 0.572656 0.58125 0.0609375 0.0375
17 0.450781 0.520312 0.0359375 0.046875
13 0.307813 0.373437 0.034375 0.065625
29 0.138281 0.4125 0.0953125 0.034375
36 0.264062 0.33125 0.04375 0.040625
25 0.539062 0.244531 0.0625 0.0359375
21 0.461719 0.703906 0.0203125 0.0859375
25 0.260938 0.379687 0.046875 0.046875
34 0.115625 0.175781 0.03125 0.0390625
13 0.369531 0.384375 0.0390625 0.06875
36 0.216406 0.353125 0.0421875 0.059375
30 0.639844 0.704687 0.0203125 0.109375
9 0.79375 0.35625 0.04375 0.071875
29 0.170312 0.351562 0.0375 0.071875
6 0.200781 0.499219 0.0359375 0.0484375
31 0.517187 0.527344 0.025 0.0421875
25 0.689844 0.4125 0.0609375 0.059375
35 0.394531 0.202344 0.0265625 0.0609375
25 0.113281 0.225 0.0453125 0.05625
8 0.783594 0.190625 0.0421875 0.059375
5 0.690625 0.710938 0.021875 0.0875
25 0.483594 0.578906 0.0359375 0.0515625
20 0.538281 0.724219 0.0390625 0.0703125
23 0.375781 0.742188 0.0703125 0.078125
35 0.461719 0.211719 0.0390625 0.0890625
25 0.602344 0.228906 0.0484375 0.0703125
11 0.2875 0.517187 0.034375 0.04375
25 0.19375 0.578906 0.04375 0.0421875
25 0.432031 0.382031 0.0359375 0.0609375
28 0.503125 0.195312 0.034375 0.05625
28 0.682813 0.204688 0.034375 0.053125
35 0.364844 0.2 0.0265625 0.053125
29 0.126563 0.357812 0.040625 0.05625
25 0.295312 0.207813 0.0375 0.090625
11 0.295312 0.569531 0.040625 0.0484375
12 0.596875 0.70625 0.028125 0.090625
25 0.519531 0.378125 0.0390625 0.05625
8 0.732031 0.191406 0.0421875 0.0734375
35 0.422656 0.20625 0.0296875 0.075
18 0.18125 0.670313 0.0375 0.05625
28 0.61875 0.171094 0.065625 0.0359375
34 0.247656 0.197656 0.0359375 0.0734375
28 0.542969 0.197656 0.0359375 0.0484375
21 0.438281 0.704687 0.0296875 0.084375
34 0.204688 0.19375 0.040625 0.078125
18 0.100781 0.71875 0.0484375 0.084375
