34 0.775781 0.267969 0.0609375 0.0296875
25 0.307031 0.739062 0.0421875 0.084375
34 0.673437 0.40625 0.046875 0.071875
19 0.224219 0.71875 0.0421875 0.096875
25 0.363281 0.672656 0.0453125 0.0484375
11 0.276563 0.538281 0.03125 0.0359375
25 0.773438 0.399219 0.03125 0.0703125
25 0.364844 0.583594 0.0515625 0.0453125
25 0.710156 0.338281 0.0453125 0.0546875
8 0.773438 0.26875 0.05625 0.034375
6 0.129688 0.590625 0.040625 0.059375
21 0.432031 0.732031 0.0453125 0.0890625
11 0.241406 0.528906 0.0359375 0.0328125
25 0.292188 0.569531 0.065625 0.0328125
36 0.08125 0.447656 0.071875 0.0453125
6 0.176563 0.53125 0.059375 0.053125
28 0.557031 0.207813 0.0359375 0.046875
2 0.560156 0.598437 0.123438 0.025
25 0.316406 0.535156 0.0328125 0.0453125
11 0.229687 0.565625 0.0375 0.04375
28 0.692969 0.263281 0.104687 0.0359375
26 0.517187 0.389062 0.046875 0.034375
13 0.391406 0.38125 0.0484375 0.059375
28 0.546875 0.263281 0.075 0.0421875
5 0.74375 0.704687 0.021875 0.08125
25 0.773438 0.760156 0.03125 0.120312
36 0.35625 0.111719 0.065625 0.0453125
35 0.405469 0.236719 0.0390625 0.0734375
28 0.161719 0.204688 0.0421875 0.103125
26 0.571094 0.375781 0.0453125 0.0484375
25 0.698438 0.2625 0.096875 0.03125
8 0.701563 0.221875 0.059375 0.034375
28 0.653906 0.210156 0.0359375 0.0390625
12 0.542188 0.703125 0.025 0.084375
30 0.692969 0.735156 0.0265625 0.101562
13 0.282031 0.185937 0.0515625 0.0875
14 0.298438 0.419531 0.03125 0.0765625
25 0.610156 0.235938 0.0484375 0.075
18 0.176563 0.730469 0.040625 0.0671875
5 0.830469 0.740625 0.0234375 0.0875
29 0.0953125 0.146875 0.04375 0.065625
35 0.35 0.20625 0.05 0.075
20 0.514063 0.705469 0.025 0.0765625
18 0.113281 0.529688 0.0390625 0.05625
1 0.457812 0.590625 0.05 0.046875
20 0.507812 0.546094 0.028125 0.0703125
30 0.647656 0.690625 0.0203125 0.09375
25 0.466406 0.242188 0.0609375 0.06875
25 0.567187 0.765625 0.053125 0.08125
25 0.273438 0.257031 0.1125 0.0359375
29 0.0796875 0.378906 0.040625 0.0765625
29 0.23125 0.411719 0.053125 0.0796875
20 0.364844 0.582812 0.0515625 0.040625
36 0.114063 0.683594 0.046875 0.0484375
25 0.525781 0.429688 0.101562 0.040625
20 0.411719 0.571094 0.0359375 0.0796875
25 0.642187 0.76875 0.06875 0.071875
25 0.786719 0.533594 0.101562 0.0421875
12 0.614844 0.690625 0.0265625 0.075
25 0.265625 0.757812 0.034375 0.04375
25 0.653906 0.165625 0.0734375 0.040625
34 0.211719 0.2 0.0421875 0.096875
21 0.419531 0.742969 0.0328125 0.0890625
8 0.828125 0.219531 0.05625 0.0921875
29 0.125 0.3875 0.040625 0.084375
18 0.224219 0.765625 0.0390625 0.05
21 0.614844 0.410937 0.0359375 0.09375
21 0.450781 0.714844 0.0265625 0.0859375
25 0.442969 0.4 0.0453125 0.09375
25 0.172656 0.43125 0.0453125 0.065625
24 0.879687 0.753906 0.0625 0.0953125
34 0.0429688 0.189844 0.0484375 0.120312
21 0.816406 0.395312 0.0328125 0.08125
28 0.516406 0.203906 0.0390625 0.0609375
25 0.114844 0.751562 0.0703125 0.065625
21 0.0828125 0.575781 0.03125 0.0828125
18 0.707031 0.560156 0.0484375 0.0765625
