19 0.25625 0.5875 0.0375 0.04375
25 0.26875 0.469531 0.065625 0.0328125
17 0.400781 0.496094 0.0421875 0.0390625
28 0.5125 0.144531 0.065625 0.0515625
25 0.601562 0.335938 0.053125 0.025
27 0.544531 0.3 0.0421875 0.04375
36 0.191406 0.282813 0.0640625 0.05625
4 0.444531 0.501562 0.0390625 0.05
20 0.752344 0.661719 0.0671875 0.0328125
28 0.509375 0.190625 0.075 0.028125
16 0.445312 0.501562 0.0375 0.05
9 0.685156 0.301562 0.0515625 0.028125
9 0.7375 0.286719 0.04375 0.0515625
28 0.507812 0.161719 0.078125 0.0296875
2 0.68125 0.471094 0.04375 0.0640625
13 0.322656 0.310937 0.0453125 0.059375
14 0.398438 0.315625 0.0375 0.059375
25 0.614062 0.463281 0.028125 0.0296875
4 0.380469 0.452344 0.0328125 0.0390625
13 0.358594 0.314063 0.0296875 0.0625
25 0.669531 0.189844 0.0640625 0.0265625
25 0.578906 0.483594 0.0390625 0.0390625
17 0.379687 0.453125 0.03125 0.040625
3 0.821875 0.496875 0.059375 0.053125
23 0.251563 0.648438 0.046875 0.075
13 0.441406 0.303906 0.0359375 0.0578125
25 0.358594 0.495313 0.0296875 0.05
4 0.454688 0.459375 0.03125 0.03125
36 0.539844 0.35 0.0734375 0.040625
35 0.389062 0.153125 0.021875 0.08125
25 0.61875 0.495313 0.034375 0.03125
26 0.442187 0.303906 0.0375 0.0609375
25 0.610156 0.352344 0.0546875 0.0265625
27 0.540625 0.349219 0.0625 0.0421875
28 0.622656 0.166406 0.0296875 0.0578125
25 0.31875 0.309375 0.040625 0.053125
20 0.495313 0.598437 0.021875 0.053125
23 0.304688 0.627344 0.04375 0.0703125
9 0.780469 0.283594 0.0421875 0.0609375
25 0.252344 0.466406 0.0328125 0.0328125
25 0.2875 0.467187 0.040625 0.03125
17 0.419531 0.445312 0.0359375 0.046875
25 0.294531 0.154687 0.0390625 0.08125
18 0.189844 0.592188 0.0390625 0.04375
5 0.667188 0.630469 0.021875 0.0796875
9 0.73125 0.347656 0.05625 0.0484375
25 0.125 0.160938 0.05 0.05
26 0.461719 0.357812 0.0546875 0.04375
11 0.289062 0.435937 0.034375 0.028125
34 0.125781 0.109375 0.0359375 0.046875
25 0.397656 0.314063 0.0390625 0.0625
35 0.350781 0.154687 0.0421875 0.090625
6 0.208594 0.446875 0.0359375 0.065625
25 0.258594 0.155469 0.0421875 0.0828125
31 0.4875 0.453125 0.028125 0.040625
20 0.509375 0.640625 0.0375 0.06875
25 0.182812 0.146094 0.040625 0.0953125
25 0.324219 0.497656 0.0265625 0.0609375
25 0.265625 0.335156 0.046875 0.0515625
12 0.571875 0.627344 0.03125 0.0859375
30 0.615625 0.625 0.021875 0.109375
1 0.535937 0.484375 0.0375 0.046875
20 0.471875 0.63125 0.025 0.078125
7 0.167969 0.45 0.0359375 0.059375
29 0.182031 0.2875 0.0421875 0.05
21 0.43125 0.625 0.021875 0.075
25 0.175 0.335938 0.059375 0.040625
28 0.660937 0.139844 0.040625 0.0515625
36 0.271094 0.275 0.0390625 0.05
25 0.825 0.346875 0.0875 0.053125
35 0.425781 0.157031 0.0453125 0.0765625
25 0.491406 0.303906 0.0390625 0.0578125
7 0.13125 0.435156 0.03125 0.0546875
29 0.114063 0.355469 0.05625 0.0453125
36 0.228125 0.282813 0.040625 0.065625
25 0.132031 0.503125 0.0640625 0.03125
28 0.511719 0.125 0.0359375 0.04375
23 0.350781 0.65625 0.0453125 0.0875
28 0.592188 0.109375 0.06875 0.040625
25 0.66875 0.346875 0.0625 0.05625
8 0.778125 0.140625 0.053125 0.0875
28 0.471094 0.121094 0.0390625 0.0453125
34 0.217969 0.155469 0.0296875 0.0796875
18 0.108594 0.640625 0.0421875 0.084375
21 0.407031 0.623438 0.0296875 0.08125
25 0.2 0.504687 0.04375 0.046875
29 0.135937 0.285156 0.0375 0.0578125
25 0.578906 0.169531 0.0484375 0.0734375
8 0.714063 0.124219 0.053125 0.0734375
18 0.155469 0.66875 0.0453125 0.08125
