25 0.219531 0.171875 0.0265625 0.121875
20 0.642969 0.635156 0.0234375 0.0734375
11 0.31875 0.617969 0.0375 0.0734375
32 0.31875 0.620313 0.0375 0.078125
18 0.255469 0.821875 0.0421875 0.09375
25 0.371875 0.175 0.090625 0.10625
2 0.717188 0.622656 0.028125 0.0484375
22 0.299219 0.816406 0.0390625 0.0921875
25 0.790625 0.410156 0.040625 0.0453125
19 0.299219 0.815625 0.0421875 0.09375
1 0.717188 0.619531 0.03125 0.0421875
20 0.497656 0.80625 0.0359375 0.084375
16 0.357812 0.619531 0.03125 0.0640625
17 0.404687 0.619531 0.04375 0.0734375
31 0.546875 0.63125 0.034375 0.059375
4 0.547656 0.632031 0.0390625 0.0640625
23 0.3 0.817187 0.040625 0.096875
19 0.255469 0.821094 0.0421875 0.0921875
4 0.454688 0.628125 0.0375 0.065625
17 0.503125 0.617969 0.040625 0.0734375
2 0.783594 0.624219 0.0984375 0.0890625
25 0.766406 0.173438 0.0421875 0.11875
1 0.616406 0.625 0.0265625 0.071875
20 0.767969 0.170312 0.0390625 0.121875
21 0.507812 0.796875 0.01875 0.084375
25 0.398438 0.171875 0.034375 0.1125
20 0.485938 0.807031 0.025 0.0828125
25 0.710938 0.166406 0.04375 0.123438
23 0.335156 0.777344 0.0421875 0.0828125
5 0.8125 0.792969 0.021875 0.0859375
1 0.678906 0.628906 0.0421875 0.0640625
31 0.585938 0.632812 0.028125 0.053125
6 0.178125 0.619531 0.040625 0.0796875
25 0.309375 0.186719 0.034375 0.0859375
20 0.590625 0.801562 0.025 0.0875
25 0.846094 0.417969 0.0578125 0.0921875
21 0.398438 0.171094 0.034375 0.114063
25 0.486719 0.172656 0.0359375 0.114063
7 0.0757812 0.605469 0.0453125 0.0765625
7 0.125 0.60625 0.04375 0.078125
11 0.271875 0.608594 0.04375 0.0734375
11 0.223438 0.622656 0.040625 0.0640625
25 0.497656 0.4125 0.0421875 0.1
33 0.874219 0.797656 0.0234375 0.0828125
3 0.905469 0.625781 0.114063 0.0828125
25 0.646094 0.164062 0.0546875 0.128125
25 0.582031 0.175781 0.0515625 0.117188
25 0.346094 0.175781 0.0453125 0.101562
25 0.529688 0.166406 0.046875 0.120312
25 0.105469 0.405469 0.0453125 0.0921875
30 0.751562 0.776563 0.021875 0.115625
25 0.910937 0.423438 0.0625 0.084375
25 0.0507812 0.175781 0.0453125 0.107813
25 0.159375 0.4125 0.053125 0.09375
25 0.386719 0.419531 0.0453125 0.0765625
25 0.553906 0.410156 0.0578125 0.0984375
25 0.108594 0.171094 0.0609375 0.117188
25 0.217969 0.41875 0.0515625 0.078125
25 0.620313 0.417969 0.046875 0.0703125
18 0.11875 0.823438 0.04375 0.09375
25 0.173438 0.165625 0.053125 0.134375
25 0.442187 0.169531 0.040625 0.117188
25 0.270312 0.401563 0.04375 0.103125
12 0.679688 0.778906 0.028125 0.0921875
25 0.267969 0.170312 0.0484375 0.11875
25 0.444531 0.410156 0.0578125 0.0984375
25 0.901563 0.16875 0.059375 0.128125
18 0.210938 0.825781 0.040625 0.0953125
20 0.621094 0.827344 0.0265625 0.0890625
25 0.05625 0.3875 0.046875 0.10625
25 0.674219 0.441406 0.0515625 0.0546875
21 0.392969 0.796094 0.0359375 0.0953125
18 0.163281 0.823438 0.0421875 0.09375
25 0.735937 0.424219 0.0625 0.0765625
25 0.334375 0.408594 0.046875 0.101562
21 0.533594 0.796875 0.0328125 0.08125
25 0.828906 0.175 0.0796875 0.109375
18 0.06875 0.826563 0.046875 0.09375
21 0.429688 0.792969 0.03125 0.0921875
