14 0.528906 0.442969 0.0328125 0.0421875
26 0.477344 0.447656 0.0328125 0.0421875
31 0.441406 0.564844 0.0234375 0.0390625
29 0.200781 0.438281 0.0296875 0.0421875
3 0.682031 0.558594 0.0359375 0.0234375
14 0.476562 0.564062 0.03125 0.040625
17 0.442969 0.560156 0.0234375 0.0390625
2 0.582031 0.571094 0.0421875 0.0296875
19 0.289062 0.675 0.034375 0.05
16 0.232031 0.440625 0.0296875 0.040625
1 0.288281 0.563281 0.0328125 0.0453125
17 0.476562 0.445312 0.03125 0.040625
1 0.53125 0.557813 0.0625 0.04375
31 0.476562 0.561719 0.03125 0.0421875
17 0.4375 0.439844 0.028125 0.0453125
11 0.301562 0.558594 0.05 0.0484375
18 0.155469 0.675 0.0640625 0.046875
26 0.360156 0.549219 0.0421875 0.0671875
28 0.551562 0.322656 0.059375 0.0453125
19 0.36875 0.671875 0.040625 0.046875
3 0.625781 0.564062 0.0203125 0.040625
20 0.483594 0.679688 0.0296875 0.0625
23 0.289062 0.675 0.034375 0.053125
2 0.719531 0.569531 0.0359375 0.0390625
12 0.317969 0.555469 0.0234375 0.0578125
4 0.44375 0.564062 0.025 0.034375
8 0.605469 0.31875 0.0390625 0.053125
28 0.513281 0.324219 0.0734375 0.0453125
26 0.436719 0.441406 0.0296875 0.0453125
30 0.599219 0.664844 0.0171875 0.0796875
17 0.58125 0.571094 0.040625 0.0296875
18 0.2125 0.679688 0.025 0.034375
6 0.174219 0.559375 0.0265625 0.04375
13 0.371094 0.433594 0.0265625 0.0515625
23 0.369531 0.672656 0.0421875 0.0453125
21 0.2875 0.31875 0.021875 0.053125
33 0.673437 0.684375 0.015625 0.059375
36 0.20625 0.436719 0.01875 0.0484375
14 0.405469 0.438281 0.0234375 0.0453125
5 0.647656 0.560156 0.0171875 0.0546875
34 0.311719 0.31875 0.0203125 0.053125
23 0.325 0.672656 0.034375 0.0484375
20 0.497656 0.674219 0.0203125 0.0546875
30 0.5875 0.669531 0.015625 0.0828125
13 0.760938 0.567187 0.0375 0.040625
5 0.691406 0.689062 0.0171875 0.0625
6 0.210156 0.55625 0.0296875 0.046875
1 0.547656 0.553906 0.0296875 0.0421875
7 0.171875 0.559375 0.028125 0.046875
33 0.650781 0.682813 0.0171875 0.05625
35 0.374219 0.324219 0.0296875 0.0421875
8 0.251563 0.55 0.040625 0.06875
17 0.410156 0.54375 0.0296875 0.05
28 0.664062 0.325 0.034375 0.05
20 0.473437 0.683594 0.025 0.0546875
20 0.34375 0.435156 0.021875 0.0546875
28 0.49375 0.327344 0.034375 0.0421875
35 0.342187 0.321875 0.025 0.05
1 0.513281 0.566406 0.0296875 0.0390625
29 0.138281 0.439844 0.0390625 0.0453125
29 0.178906 0.441406 0.0328125 0.0453125
7 0.138281 0.557813 0.0328125 0.046875
18 0.246094 0.679688 0.0390625 0.05
34 0.15625 0.3125 0.034375 0.065625
28 0.567187 0.321094 0.025 0.0484375
8 0.717188 0.320312 0.046875 0.053125
18 0.135156 0.69375 0.0359375 0.040625
34 0.576563 0.440625 0.034375 0.046875
12 0.754687 0.689844 0.025 0.0671875
21 0.742969 0.439063 0.0234375 0.05625
34 0.279687 0.4375 0.028125 0.05
35 0.415625 0.325781 0.034375 0.0421875
28 0.532031 0.321875 0.0328125 0.053125
18 0.174219 0.690625 0.0390625 0.04375
34 0.20625 0.314844 0.034375 0.0640625
34 0.244531 0.313281 0.0296875 0.0609375
21 0.632031 0.436719 0.0234375 0.0515625
18 0.192188 0.639063 0.040625 0.046875
35 0.453125 0.322656 0.03125 0.0515625
21 0.442187 0.6625 0.025 0.05625
18 0.141406 0.646094 0.0390625 0.0484375
21 0.547656 0.678125 0.0265625 0.0625
36 0.692969 0.4375 0.0359375 0.053125
