32 0.211719 0.660937 0.0328125 0.084375
9 0.807813 0.435156 0.034375 0.0828125
2 0.703125 0.634375 0.05 0.05625
35 0.410937 0.29375 0.03125 0.075
11 0.352344 0.661719 0.0359375 0.0703125
6 0.397656 0.670313 0.0359375 0.090625
9 0.778906 0.435937 0.0234375 0.078125
14 0.3875 0.470313 0.0375 0.084375
26 0.282813 0.653906 0.04375 0.0796875
18 0.247656 0.849219 0.0796875 0.104687
18 0.0890625 0.817187 0.028125 0.06875
11 0.28125 0.657031 0.046875 0.0796875
18 0.121875 0.854688 0.046875 0.0875
28 0.445312 0.19375 0.025 0.04375
18 0.169531 0.850781 0.0421875 0.0828125
20 0.246094 0.282813 0.0265625 0.09375
12 0.589063 0.799219 0.021875 0.0953125
20 0.486719 0.810156 0.0234375 0.0734375
9 0.832812 0.267969 0.04375 0.0453125
28 0.410937 0.222656 0.0375 0.0328125
13 0.385938 0.471875 0.0375 0.078125
2 0.739062 0.623438 0.021875 0.05625
23 0.123438 0.853906 0.04375 0.0859375
3 0.742188 0.461719 0.025 0.0359375
24 0.660937 0.440625 0.034375 0.065625
19 0.16875 0.85 0.040625 0.08125
28 0.669531 0.246094 0.0203125 0.0859375
16 0.5375 0.4375 0.028125 0.084375
34 0.433594 0.659375 0.0234375 0.096875
33 0.797656 0.810938 0.0203125 0.084375
2 0.779688 0.634375 0.040625 0.075
5 0.5875 0.802344 0.021875 0.0953125
7 0.124219 0.659375 0.0359375 0.078125
14 0.491406 0.625 0.0359375 0.084375
19 0.122656 0.853906 0.0421875 0.0828125
1 0.573438 0.613281 0.03125 0.0765625
21 0.536719 0.439063 0.0296875 0.08125
35 0.358594 0.290625 0.0453125 0.08125
14 0.397656 0.671094 0.0359375 0.0890625
2 0.7625 0.814062 0.046875 0.10625
16 0.488281 0.453906 0.0328125 0.0609375
25 0.698438 0.6375 0.046875 0.053125
20 0.514844 0.788281 0.0203125 0.0765625
13 0.822656 0.625781 0.0390625 0.0703125
11 0.632031 0.8125 0.0390625 0.084375
11 0.078125 0.485938 0.04375 0.0625
36 0.264844 0.832812 0.0453125 0.125
13 0.295312 0.471875 0.04375 0.08125
13 0.341406 0.471875 0.0421875 0.084375
18 0.435156 0.853125 0.0296875 0.078125
18 0.214062 0.858594 0.04375 0.0828125
8 0.739062 0.248437 0.0375 0.0875
34 0.357031 0.208594 0.0359375 0.0578125
35 0.304688 0.288281 0.04375 0.0828125
29 0.134375 0.475 0.04375 0.08125
35 0.238281 0.48125 0.0421875 0.078125
36 0.357812 0.289844 0.046875 0.0796875
28 0.524219 0.257031 0.0421875 0.0703125
28 0.478125 0.250781 0.040625 0.0828125
21 0.315625 0.85625 0.0375 0.090625
29 0.0742188 0.659375 0.0484375 0.09375
20 0.541406 0.795313 0.0234375 0.08125
35 0.4 0.295312 0.03125 0.06875
34 0.207031 0.285937 0.0328125 0.078125
21 0.39375 0.821875 0.025 0.08125
34 0.535156 0.614062 0.0359375 0.09375
8 0.61875 0.614844 0.046875 0.0921875
28 0.635938 0.257812 0.046875 0.06875
18 0.167969 0.667969 0.0421875 0.0671875
34 0.113281 0.275 0.0421875 0.1
21 0.722656 0.810156 0.0296875 0.0859375
34 0.779688 0.246094 0.040625 0.0890625
36 0.186719 0.460938 0.0421875 0.090625
18 0.360156 0.842188 0.0390625 0.08125
36 0.578125 0.252344 0.05 0.0765625
34 0.164844 0.275781 0.0390625 0.0953125
34 0.608594 0.434375 0.0421875 0.096875
12 0.822656 0.807813 0.0265625 0.090625
34 0.0703125 0.276563 0.0375 0.096875
21 0.699219 0.24375 0.0328125 0.096875
