23 0.30625 0.810156 0.04375 0.101562
9 0.792969 0.3875 0.0265625 0.06875
22 0.30625 0.809375 0.04375 0.10625
26 0.427344 0.385938 0.0453125 0.065625
17 0.494531 0.547656 0.0484375 0.0328125
25 0.615625 0.584375 0.06875 0.04375
34 0.0507812 0.153906 0.0390625 0.126563
13 0.310937 0.392969 0.03125 0.0921875
21 0.400781 0.795313 0.0203125 0.1
6 0.207813 0.6125 0.065625 0.053125
21 0.408594 0.807031 0.0234375 0.104687
3 0.928906 0.592969 0.0546875 0.0703125
25 0.461719 0.588281 0.0328125 0.0703125
21 0.442969 0.796094 0.0296875 0.104687
35 0.357031 0.175 0.0796875 0.090625
13 0.339063 0.3875 0.034375 0.096875
2 0.725781 0.595312 0.0203125 0.08125
2 0.795313 0.561719 0.05625 0.0296875
35 0.253125 0.166406 0.08125 0.107813
1 0.613281 0.586719 0.0703125 0.0453125
19 0.307031 0.807813 0.0421875 0.103125
25 0.06875 0.4 0.059375 0.071875
25 0.124219 0.614844 0.0359375 0.0421875
6 0.224219 0.589844 0.0359375 0.0515625
11 0.277344 0.584375 0.0453125 0.08125
2 0.800781 0.614062 0.0671875 0.03125
19 0.257031 0.817187 0.0484375 0.103125
3 0.870313 0.617969 0.046875 0.0390625
12 0.675781 0.788281 0.0234375 0.123438
6 0.171094 0.553125 0.0421875 0.059375
25 0.694531 0.583594 0.0328125 0.0421875
25 0.425781 0.172656 0.0421875 0.0921875
25 0.0515625 0.150781 0.0375 0.139062
18 0.132031 0.825 0.0796875 0.1125
28 0.682031 0.171094 0.0484375 0.0828125
9 0.83125 0.353906 0.04375 0.0671875
5 0.842188 0.80625 0.025 0.10625
11 0.278906 0.616406 0.0484375 0.0484375
25 0.554688 0.157031 0.034375 0.0984375
33 0.870313 0.814844 0.025 0.104687
8 0.8625 0.150781 0.03125 0.117188
36 0.225 0.366406 0.0375 0.0734375
30 0.675781 0.780469 0.0234375 0.142188
25 0.145313 0.405469 0.040625 0.0734375
24 0.735156 0.395312 0.0828125 0.071875
5 0.791406 0.774219 0.0234375 0.0984375
28 0.633594 0.164062 0.0328125 0.09375
20 0.5375 0.796094 0.034375 0.0984375
29 0.0898438 0.384375 0.0421875 0.103125
35 0.424219 0.171875 0.0390625 0.090625
28 0.596875 0.160938 0.04375 0.084375
25 0.380469 0.410937 0.0359375 0.0625
25 0.907812 0.403906 0.053125 0.0578125
18 0.107813 0.829687 0.04375 0.109375
25 0.33125 0.610156 0.040625 0.0828125
25 0.0484375 0.404687 0.040625 0.05625
21 0.422656 0.805469 0.0234375 0.110937
26 0.489062 0.374219 0.046875 0.0765625
23 0.353906 0.828125 0.0453125 0.09375
21 0.467969 0.789844 0.0265625 0.114063
35 0.290625 0.173438 0.04375 0.096875
20 0.5875 0.761719 0.028125 0.0640625
25 0.541406 0.383594 0.0515625 0.0796875
35 0.383594 0.174219 0.0328125 0.0890625
25 0.646875 0.40625 0.046875 0.053125
28 0.741406 0.179688 0.0546875 0.06875
11 0.275 0.567969 0.040625 0.0421875
25 0.477344 0.1625 0.0328125 0.09375
7 0.0820312 0.603125 0.0546875 0.05625
18 0.15625 0.820312 0.040625 0.10625
25 0.270312 0.398438 0.04375 0.084375
30 0.727344 0.757812 0.0234375 0.128125
12 0.646094 0.788281 0.0296875 0.114063
21 0.496875 0.7625 0.028125 0.0875
8 0.909375 0.160938 0.05625 0.10625
28 0.517969 0.15625 0.0359375 0.103125
25 0.236719 0.164844 0.0453125 0.107813
25 0.146094 0.15625 0.0484375 0.121875
20 0.589844 0.833594 0.0609375 0.0671875
34 0.0960938 0.173438 0.0453125 0.0875
34 0.192188 0.163281 0.040625 0.107813
25 0.340625 0.176563 0.046875 0.0875
18 0.201562 0.83125 0.046875 0.096875
18 0.0601562 0.817187 0.0484375 0.103125
25 0.807031 0.165625 0.0671875 0.09375
