35 0.3 0.225781 0.1 0.0765625
32 0.384375 0.582031 0.034375 0.0796875
26 0.676562 0.398438 0.05625 0.078125
3 0.754687 0.589063 0.0875 0.06875
19 0.339844 0.758594 0.0359375 0.0890625
3 0.778906 0.5875 0.0421875 0.0625
3 0.764063 0.589844 0.03125 0.0703125
19 0.289844 0.760938 0.0515625 0.0875
3 0.714844 0.585156 0.0296875 0.0734375
31 0.530469 0.573438 0.0390625 0.0875
35 0.371094 0.225 0.0328125 0.071875
24 0.678125 0.397656 0.05625 0.0765625
32 0.3375 0.571094 0.040625 0.0921875
27 0.616406 0.4 0.0515625 0.078125
8 0.744531 0.398438 0.0578125 0.075
9 0.811719 0.389844 0.0578125 0.0953125
4 0.485156 0.573438 0.0359375 0.08125
16 0.382031 0.582812 0.0328125 0.075
3 0.736719 0.585156 0.0296875 0.0703125
6 0.171875 0.576563 0.046875 0.090625
17 0.43125 0.58125 0.04375 0.0875
14 0.434375 0.400781 0.04375 0.0796875
13 0.310937 0.397656 0.05 0.0828125
23 0.3875 0.764844 0.053125 0.0921875
5 0.788281 0.767969 0.0265625 0.0921875
24 0.745313 0.399219 0.0625 0.0765625
35 0.440625 0.2375 0.034375 0.059375
30 0.697656 0.752344 0.0265625 0.129688
35 0.396094 0.229687 0.0484375 0.071875
7 0.0679687 0.578906 0.0484375 0.0921875
9 0.879687 0.396875 0.059375 0.078125
11 0.285937 0.586719 0.05 0.0734375
26 0.555469 0.401563 0.0546875 0.071875
7 0.120312 0.578906 0.04375 0.0828125
33 0.864062 0.771094 0.025 0.0890625
35 0.480469 0.23125 0.0421875 0.075
13 0.374219 0.396875 0.0546875 0.08125
12 0.632031 0.764063 0.0328125 0.103125
26 0.492969 0.403125 0.0578125 0.075
1 0.578125 0.584375 0.05 0.075
11 0.227344 0.582031 0.0484375 0.0765625
28 0.763281 0.235156 0.0453125 0.0671875
2 0.875 0.584375 0.1375 0.078125
35 0.326562 0.225781 0.046875 0.0765625
28 0.544531 0.236719 0.0453125 0.0671875
21 0.478125 0.764844 0.0375 0.0890625
8 0.827344 0.230469 0.0640625 0.0765625
20 0.532031 0.772656 0.0296875 0.0859375
28 0.708594 0.239063 0.0515625 0.0625
28 0.6 0.230469 0.05 0.0765625
34 0.0726563 0.21875 0.0484375 0.0875
21 0.438281 0.763281 0.0359375 0.0921875
28 0.654688 0.227344 0.04375 0.0859375
18 0.0742188 0.758594 0.0515625 0.0890625
8 0.895312 0.225781 0.0625 0.0828125
20 0.564844 0.771094 0.0265625 0.0890625
1 0.632812 0.576563 0.05 0.084375
18 0.182031 0.763281 0.0484375 0.0796875
36 0.195312 0.397656 0.05 0.0859375
29 0.0773437 0.396875 0.0515625 0.08125
34 0.167969 0.214062 0.0453125 0.096875
29 0.1375 0.395312 0.053125 0.0875
34 0.122656 0.21875 0.0390625 0.0875
36 0.250781 0.399219 0.0515625 0.0828125
34 0.271875 0.223438 0.05 0.084375
18 0.129688 0.761719 0.046875 0.0859375
18 0.233594 0.764063 0.0484375 0.084375
34 0.219531 0.217187 0.0484375 0.096875
