19 0.261719 0.780469 0.0578125 0.0953125
24 0.703125 0.824219 0.065625 0.0390625
0 0.65 0.614844 0.034375 0.0296875
24 0.754687 0.419531 0.05 0.0390625
20 0.546875 0.772656 0.06875 0.0859375
28 0.703125 0.207031 0.01875 0.0734375
18 0.252344 0.778125 0.0390625 0.096875
13 0.303125 0.397656 0.09375 0.0734375
16 0.342969 0.615625 0.0328125 0.03125
11 0.219531 0.567187 0.0328125 0.03125
16 0.298438 0.596875 0.034375 0.059375
7 0.149219 0.592969 0.0484375 0.0671875
9 0.754687 0.421094 0.046875 0.0328125
12 0.61875 0.767969 0.021875 0.101562
28 0.614062 0.222656 0.046875 0.0515625
10 0.753906 0.421094 0.0484375 0.0359375
18 0.186719 0.780469 0.0796875 0.0859375
30 0.619531 0.767187 0.0203125 0.103125
1 0.649219 0.614844 0.0390625 0.0328125
24 0.625 0.420312 0.05625 0.040625
7 0.121875 0.576563 0.03125 0.05625
35 0.394531 0.216406 0.0390625 0.0515625
4 0.447656 0.617969 0.0390625 0.0359375
14 0.364062 0.407813 0.021875 0.0625
27 0.570312 0.411719 0.046875 0.0578125
32 0.298438 0.597656 0.0375 0.0609375
14 0.385938 0.409375 0.025 0.059375
23 0.295312 0.782812 0.040625 0.1
33 0.832812 0.813281 0.03125 0.0546875
23 0.344531 0.791406 0.0421875 0.0984375
17 0.402344 0.604688 0.0484375 0.04375
21 0.341406 0.552344 0.0234375 0.0828125
2 0.760156 0.605469 0.117188 0.0546875
30 0.66875 0.760938 0.021875 0.14375
9 0.817187 0.4 0.05625 0.075
25 0.20625 0.608594 0.05 0.0453125
21 0.380469 0.560156 0.0234375 0.0734375
3 0.867188 0.603125 0.1125 0.0625
25 0.150781 0.594531 0.0515625 0.0671875
20 0.574219 0.784375 0.0296875 0.096875
26 0.436719 0.404687 0.0609375 0.075
9 0.878906 0.399219 0.0515625 0.0796875
29 0.0882813 0.405469 0.0421875 0.0578125
11 0.254687 0.597656 0.034375 0.0546875
26 0.504687 0.407813 0.059375 0.06875
7 0.0835937 0.575 0.0390625 0.05625
13 0.280469 0.397656 0.0421875 0.0765625
1 0.553125 0.595312 0.040625 0.040625
35 0.3375 0.235156 0.040625 0.0609375
13 0.325781 0.398438 0.0421875 0.08125
24 0.689062 0.415625 0.0625 0.04375
1 0.604688 0.6125 0.046875 0.040625
20 0.527344 0.765625 0.0265625 0.084375
29 0.138281 0.397656 0.0390625 0.0765625
34 0.182031 0.21875 0.0265625 0.084375
28 0.735937 0.205469 0.046875 0.0828125
21 0.408594 0.765625 0.0359375 0.090625
34 0.252344 0.227344 0.0359375 0.0765625
34 0.214844 0.225 0.0328125 0.075
8 0.802344 0.203906 0.0640625 0.0828125
35 0.292188 0.232812 0.0375 0.065625
35 0.449219 0.211719 0.0515625 0.0703125
28 0.667969 0.210156 0.0453125 0.0734375
28 0.508594 0.20625 0.0421875 0.078125
36 0.1875 0.400781 0.0375 0.0734375
28 0.557813 0.203125 0.046875 0.0875
8 0.867969 0.196094 0.0578125 0.0953125
34 0.15 0.222656 0.0375 0.0765625
20 0.492188 0.786719 0.03125 0.0984375
18 0.0765625 0.784375 0.04375 0.090625
18 0.120312 0.780469 0.040625 0.0890625
21 0.449219 0.760156 0.0359375 0.0890625
18 0.209375 0.78125 0.04375 0.090625
18 0.164062 0.778906 0.040625 0.0921875
36 0.232812 0.399219 0.04375 0.0765625
34 0.107813 0.219531 0.0375 0.0859375
