5 0.755469 0.816406 0.0234375 0.132812
34 0.323438 0.154687 0.065625 0.09375
22 0.3375 0.821875 0.05 0.103125
17 0.432031 0.578125 0.0265625 0.04375
12 0.685156 0.771875 0.0234375 0.1125
3 0.757031 0.81875 0.0265625 0.1375
18 0.285156 0.778125 0.0421875 0.08125
32 0.359375 0.596094 0.040625 0.0703125
2 0.733594 0.598437 0.0515625 0.0875
35 0.463281 0.142969 0.0296875 0.104687
22 0.389062 0.820312 0.046875 0.103125
2 0.692187 0.592969 0.025 0.0890625
19 0.389062 0.821094 0.05 0.104687
5 0.854688 0.601562 0.025 0.103125
2 0.744531 0.599219 0.0203125 0.0828125
2 0.772656 0.6 0.0828125 0.0875
25 0.275 0.388281 0.10625 0.0828125
2 0.794531 0.599219 0.0296875 0.0859375
33 0.692187 0.591406 0.025 0.0984375
23 0.389062 0.820312 0.05 0.10625
2 0.816406 0.598437 0.0265625 0.0875
2 0.721875 0.599219 0.01875 0.0828125
19 0.338281 0.819531 0.0484375 0.101562
11 0.253125 0.607813 0.046875 0.0625
16 0.4 0.602344 0.03125 0.0671875
5 0.792188 0.782812 0.025 0.10625
1 0.650781 0.607813 0.0515625 0.05625
11 0.303906 0.583594 0.0421875 0.0578125
25 0.309375 0.6375 0.06875 0.0375
25 0.0765625 0.35625 0.05 0.109375
3 0.907812 0.603906 0.075 0.0890625
35 0.426562 0.153906 0.040625 0.0921875
18 0.146875 0.785937 0.0375 0.0875
20 0.579687 0.811719 0.03125 0.104687
1 0.596094 0.617188 0.0453125 0.059375
33 0.860937 0.791406 0.025 0.0921875
25 0.467187 0.377344 0.0375 0.104687
25 0.648438 0.404687 0.053125 0.059375
30 0.728906 0.766406 0.0234375 0.129688
25 0.59375 0.386719 0.05 0.0703125
25 0.182812 0.386719 0.05625 0.0984375
25 0.420312 0.395312 0.05 0.075
25 0.521875 0.378906 0.059375 0.101562
12 0.53125 0.604688 0.034375 0.10625
34 0.110937 0.142969 0.053125 0.110937
30 0.685938 0.774219 0.021875 0.126563
25 0.242969 0.391406 0.0546875 0.0859375
25 0.124219 0.380469 0.0484375 0.0921875
25 0.150781 0.592188 0.0453125 0.078125
25 0.894531 0.391406 0.0578125 0.0828125
28 0.740625 0.157031 0.05 0.0859375
12 0.651563 0.764844 0.028125 0.101562
25 0.2 0.598437 0.046875 0.1
21 0.488281 0.799219 0.0390625 0.0984375
20 0.550781 0.784375 0.0234375 0.0875
35 0.33125 0.153906 0.046875 0.0953125
25 0.776563 0.391406 0.046875 0.0671875
25 0.716406 0.392969 0.0640625 0.0796875
28 0.685156 0.146875 0.0515625 0.1
21 0.441406 0.795313 0.0265625 0.096875
25 0.829687 0.385938 0.05625 0.09375
28 0.627344 0.142969 0.0546875 0.107813
25 0.301562 0.379687 0.05 0.1
35 0.379687 0.151562 0.046875 0.1
28 0.510156 0.14375 0.0515625 0.103125
18 0.242969 0.848437 0.0453125 0.059375
8 0.809375 0.146094 0.075 0.0984375
8 0.889063 0.135937 0.075 0.13125
28 0.565625 0.146875 0.05 0.09375
25 0.360156 0.386719 0.0578125 0.0953125
34 0.0546875 0.14375 0.046875 0.103125
18 0.192188 0.830469 0.04375 0.0953125
34 0.276563 0.146094 0.053125 0.114063
18 0.0945313 0.821094 0.0546875 0.107813
34 0.224219 0.138281 0.0484375 0.120312
34 0.171094 0.139062 0.0484375 0.121875
