33 0.807813 0.678906 0.01875 0.0671875
16 0.358594 0.534375 0.0359375 0.084375
15 0.660937 0.390625 0.0625 0.059375
17 0.489062 0.523438 0.034375 0.084375
13 0.36875 0.382812 0.09375 0.075
24 0.660937 0.390625 0.0625 0.059375
36 0.597656 0.384375 0.0453125 0.071875
11 0.360938 0.532031 0.034375 0.0765625
32 0.358594 0.533594 0.0390625 0.0828125
19 0.313281 0.682031 0.0421875 0.0671875
19 0.360156 0.682031 0.0453125 0.0703125
23 0.3625 0.682813 0.04375 0.065625
20 0.497656 0.682813 0.0390625 0.078125
27 0.597656 0.384375 0.0484375 0.071875
4 0.4875 0.525781 0.034375 0.0796875
13 0.548437 0.385938 0.04375 0.065625
16 0.399219 0.538281 0.0328125 0.0734375
31 0.529688 0.532812 0.034375 0.078125
7 0.176563 0.535156 0.0375 0.0765625
9 0.794531 0.382812 0.0578125 0.06875
30 0.684375 0.677344 0.021875 0.0921875
26 0.497656 0.389062 0.0484375 0.06875
3 0.723437 0.540625 0.0875 0.06875
23 0.4125 0.672656 0.040625 0.0703125
26 0.549219 0.3875 0.0421875 0.06875
33 0.828125 0.690625 0.025 0.071875
24 0.730469 0.386719 0.0640625 0.0671875
14 0.442969 0.382031 0.0453125 0.0765625
9 0.858594 0.376563 0.0640625 0.08125
13 0.392969 0.383594 0.0421875 0.0734375
17 0.446094 0.542188 0.0421875 0.071875
13 0.342969 0.382031 0.0421875 0.0828125
11 0.267188 0.54375 0.0375 0.059375
6 0.220313 0.532031 0.040625 0.0859375
5 0.767187 0.689062 0.021875 0.078125
7 0.127344 0.5375 0.0421875 0.075
36 0.2375 0.378125 0.046875 0.084375
11 0.3125 0.546875 0.040625 0.0625
12 0.632031 0.683594 0.0265625 0.0796875
35 0.351562 0.227344 0.040625 0.0859375
18 0.139062 0.68125 0.04375 0.06875
29 0.185156 0.384375 0.0421875 0.071875
28 0.594531 0.228906 0.0515625 0.0796875
28 0.759375 0.228906 0.046875 0.0734375
20 0.570312 0.688281 0.028125 0.0703125
28 0.541406 0.227344 0.0453125 0.0828125
8 0.894531 0.21875 0.0671875 0.084375
1 0.623438 0.529688 0.046875 0.084375
1 0.575 0.541406 0.04375 0.0671875
35 0.484375 0.229687 0.04375 0.08125
35 0.441406 0.233594 0.0359375 0.0734375
28 0.708594 0.232031 0.0453125 0.0671875
8 0.822656 0.227344 0.0640625 0.0765625
20 0.540625 0.689844 0.028125 0.0734375
29 0.13125 0.38125 0.05 0.08125
21 0.458594 0.683594 0.0328125 0.0703125
2 0.847656 0.539844 0.135937 0.0796875
28 0.657812 0.228125 0.046875 0.078125
35 0.397656 0.228125 0.0453125 0.078125
18 0.184375 0.68125 0.040625 0.06875
21 0.494531 0.683594 0.0296875 0.0765625
34 0.203125 0.219531 0.040625 0.0953125
34 0.303125 0.225 0.04375 0.0875
18 0.269531 0.685156 0.0390625 0.0671875
36 0.2875 0.380469 0.046875 0.0859375
34 0.161719 0.219531 0.0328125 0.0890625
34 0.25 0.221094 0.046875 0.0921875
18 0.228125 0.682813 0.040625 0.06875
34 0.117969 0.221094 0.0453125 0.0890625
